time,voltage,current,power
20210401093215.17, 121.6, 2.6, 237.0
20210401093216.37, 121.6, 2.6, 243.0
20210401093217.43, 121.7, 2.6, 241.0
20210401093218.5, 121.7, 2.6, 241.0
20210401093219.57, 121.6, 2.6, 241.0
20210401093220.71, 121.6, 2.6, 241.0
20210401093221.77, 121.7, 2.6, 239.0
20210401093222.91, 121.7, 2.6, 239.0
20210401093223.96, 121.6, 2.6, 238.0
20210401093225.04, 121.6, 2.6, 238.0
20210401093226.11, 121.6, 2.6, 237.0
20210401093227.18, 121.6, 2.6, 237.0
20210401093228.26, 121.6, 2.6, 244.0
20210401093229.34, 121.6, 2.6, 244.0
20210401093230.41, 121.7, 2.6, 236.0
20210401093231.48, 121.7, 2.6, 236.0
20210401093232.57, 121.6, 2.6, 239.0
20210401093233.64, 121.6, 2.6, 239.0
20210401093234.71, 121.7, 2.6, 236.0
20210401093235.8, 121.7, 2.6, 236.0
20210401093236.87, 121.6, 2.6, 234.0
20210401093237.94, 121.6, 2.6, 234.0
20210401093239.0, 121.7, 2.6, 239.0
20210401093240.07, 121.7, 2.6, 239.0
20210401093241.14, 121.6, 2.6, 235.0
20210401093242.2, 121.6, 2.6, 235.0
20210401093243.27, 121.6, 2.5, 240.0
20210401093244.35, 121.6, 2.5, 240.0
20210401093245.42, 121.6, 2.5, 238.0
20210401093246.49, 121.6, 2.5, 238.0
20210401093247.56, 121.4, 2.5, 233.0
20210401093248.64, 121.4, 2.5, 233.0
20210401093249.7, 121.6, 2.5, 237.0
20210401093250.77, 121.6, 2.5, 237.0
20210401093251.84, 121.6, 2.5, 240.0
20210401093252.92, 121.6, 2.5, 240.0
20210401093253.98, 121.6, 2.5, 239.0
20210401093255.05, 121.6, 2.5, 239.0
20210401093256.12, 121.5, 2.5, 239.0
20210401093257.29, 121.5, 2.6, 239.0
20210401093258.36, 121.5, 2.6, 239.0
20210401093259.43, 121.5, 2.6, 238.0
20210401093300.54, 121.5, 2.6, 238.0
20210401093301.61, 121.5, 2.6, 237.0
20210401093302.69, 121.5, 2.6, 237.0
20210401093303.75, 121.6, 2.6, 239.0
20210401093304.82, 121.6, 2.6, 239.0
20210401093305.88, 121.6, 2.6, 242.0
20210401093306.95, 121.6, 2.6, 242.0
20210401093308.01, 121.6, 2.6, 237.0
20210401093309.06, 121.6, 2.6, 237.0
20210401093310.12, 121.6, 2.6, 239.0
20210401093311.18, 121.6, 2.6, 239.0
20210401093312.25, 121.6, 2.6, 239.0
20210401093313.3, 121.6, 2.6, 239.0
20210401093314.36, 121.6, 2.5, 238.0
20210401093315.41, 121.6, 2.5, 238.0
20210401093316.46, 121.6, 2.5, 236.0
20210401093317.52, 121.6, 2.5, 236.0
20210401093318.57, 121.6, 2.5, 236.0
20210401093319.62, 121.6, 2.5, 236.0
20210401093320.68, 121.6, 2.5, 235.0
20210401093321.74, 121.6, 2.5, 235.0
20210401093322.78, 121.6, 2.5, 238.0
20210401093323.84, 121.6, 2.5, 238.0
20210401093324.89, 121.6, 2.5, 240.0
20210401093325.95, 121.6, 2.5, 240.0
20210401093327.02, 121.6, 2.5, 236.0
20210401093328.07, 121.6, 2.5, 236.0
20210401093329.13, 121.6, 2.6, 238.0
20210401093330.21, 121.6, 2.6, 238.0
20210401093331.25, 121.6, 2.6, 235.0
20210401093332.32, 121.6, 2.6, 235.0
20210401093333.38, 121.6, 2.6, 237.0
20210401093334.44, 121.6, 2.6, 237.0
20210401093335.5, 121.6, 2.6, 237.0
20210401093336.57, 121.6, 2.6, 237.0
20210401093337.61, 121.6, 2.6, 236.0
20210401093338.68, 121.6, 2.6, 236.0
20210401093339.75, 121.6, 2.6, 242.0
20210401093340.82, 121.6, 2.6, 242.0
20210401093341.89, 121.5, 2.6, 242.0
20210401093342.96, 121.5, 2.6, 242.0
20210401093344.03, 121.5, 2.5, 237.0
20210401093345.09, 121.5, 2.5, 237.0
20210401093346.14, 121.5, 2.5, 240.0
20210401093347.21, 121.5, 2.5, 240.0
20210401093348.27, 121.5, 2.5, 242.0
20210401093349.34, 121.5, 2.5, 242.0
20210401093350.42, 121.5, 2.5, 238.0
20210401093351.49, 121.5, 2.5, 238.0
20210401093352.55, 121.5, 2.5, 240.0
20210401093353.62, 121.5, 2.5, 240.0
20210401093354.77, 121.5, 2.5, 240.0
20210401093355.84, 121.5, 2.5, 236.0
20210401093356.92, 121.5, 2.5, 236.0
20210401093357.97, 121.5, 2.5, 237.0
20210401093359.05, 121.5, 2.5, 237.0
20210401093400.11, 121.6, 2.5, 238.0
20210401093401.18, 121.6, 2.5, 238.0
20210401093402.23, 121.5, 2.5, 242.0
20210401093403.29, 121.5, 2.5, 242.0
20210401093404.35, 121.5, 2.5, 241.0
20210401093405.44, 121.5, 2.5, 241.0
20210401093406.51, 121.5, 2.5, 239.0
20210401093407.57, 121.5, 2.5, 239.0
20210401093408.64, 121.5, 2.5, 237.0
20210401093409.71, 121.5, 2.5, 237.0
20210401093410.79, 121.6, 2.5, 239.0
20210401093411.85, 121.6, 2.5, 239.0
20210401093412.91, 121.6, 2.5, 235.0
20210401093413.98, 121.6, 2.5, 235.0
20210401093415.05, 121.6, 2.5, 239.0
20210401093416.11, 121.6, 2.5, 239.0
20210401093417.16, 121.6, 2.5, 237.0
20210401093418.23, 121.6, 2.5, 237.0
20210401093419.28, 121.6, 2.5, 237.0
20210401093420.34, 121.6, 2.5, 237.0
20210401093421.39, 121.6, 2.5, 237.0
20210401093422.46, 121.6, 2.5, 237.0
20210401093423.5, 121.6, 2.5, 240.0
20210401093424.57, 121.6, 2.5, 240.0
20210401093425.65, 121.6, 2.5, 237.0
20210401093426.7, 121.6, 2.5, 237.0
20210401093427.77, 121.6, 2.5, 234.0
20210401093428.85, 121.6, 2.5, 234.0
20210401093429.92, 121.6, 2.6, 240.0
20210401093430.98, 121.6, 2.6, 240.0
20210401093432.04, 121.6, 2.6, 238.0
20210401093433.11, 121.6, 2.6, 238.0
20210401093434.17, 121.6, 2.6, 240.0
20210401093435.25, 121.6, 2.6, 240.0
20210401093436.3, 121.6, 2.6, 242.0
20210401093437.37, 121.6, 2.6, 242.0
20210401093438.42, 121.6, 2.6, 238.0
20210401093439.47, 121.6, 2.6, 238.0
20210401093440.53, 121.6, 2.6, 237.0
20210401093441.59, 121.6, 2.6, 237.0
20210401093442.66, 121.6, 2.6, 237.0
20210401093443.71, 121.6, 2.6, 238.0
20210401093444.86, 121.6, 2.6, 238.0
20210401093445.92, 121.6, 2.6, 237.0
20210401093446.98, 121.6, 2.6, 237.0
20210401093448.05, 121.6, 2.6, 241.0
20210401093449.12, 121.6, 2.6, 241.0
20210401093450.17, 121.6, 2.6, 236.0
20210401093451.23, 121.6, 2.6, 236.0
20210401093452.29, 121.6, 2.6, 240.0
20210401093453.34, 121.6, 2.6, 240.0
20210401093454.39, 121.6, 2.6, 239.0
20210401093455.45, 121.6, 2.6, 239.0
20210401093456.51, 121.6, 2.6, 239.0
20210401093457.58, 121.6, 2.6, 239.0
20210401093458.64, 121.7, 2.6, 239.0
20210401093459.72, 121.7, 2.6, 239.0
20210401093500.77, 121.7, 2.5, 236.0
20210401093501.84, 121.7, 2.5, 236.0
20210401093502.91, 121.7, 2.5, 236.0
20210401093503.98, 121.7, 2.5, 236.0
20210401093505.04, 121.7, 2.5, 237.0
20210401093506.11, 121.7, 2.5, 237.0
20210401093507.19, 121.6, 2.5, 237.0
20210401093508.27, 121.6, 2.5, 237.0
20210401093509.33, 121.7, 2.5, 238.0
20210401093510.39, 121.7, 2.5, 238.0
20210401093511.46, 121.6, 2.5, 239.0
20210401093512.54, 121.6, 2.5, 239.0
20210401093513.6, 121.7, 2.5, 240.0
20210401093514.68, 121.7, 2.5, 240.0
20210401093515.73, 121.6, 2.6, 235.0
20210401093516.81, 121.6, 2.6, 235.0
20210401093517.86, 121.6, 2.6, 243.0
20210401093518.93, 121.6, 2.6, 243.0
20210401093519.99, 121.6, 2.6, 240.0
20210401093521.06, 121.6, 2.6, 240.0
20210401093522.12, 121.7, 2.6, 240.0
20210401093523.19, 121.7, 2.6, 240.0
20210401093524.27, 121.6, 2.6, 237.0
20210401093525.32, 121.6, 2.6, 237.0
20210401093526.39, 121.6, 2.6, 237.0
20210401093527.46, 121.6, 2.6, 237.0
20210401093528.53, 121.6, 2.6, 240.0
20210401093529.6, 121.6, 2.6, 240.0
20210401093530.67, 121.7, 2.5, 241.0
20210401093531.75, 121.7, 2.5, 240.0
20210401093532.9, 121.7, 2.5, 240.0
20210401093533.97, 121.7, 2.5, 240.0
20210401093535.05, 121.7, 2.5, 240.0
20210401093536.12, 121.7, 2.5, 237.0
20210401093537.18, 121.7, 2.5, 237.0
20210401093538.25, 121.7, 2.5, 238.0
20210401093539.32, 121.7, 2.5, 238.0
20210401093540.37, 121.6, 2.5, 235.0
20210401093541.43, 121.6, 2.5, 235.0
20210401093542.5, 121.6, 2.5, 237.0
20210401093543.55, 121.6, 2.5, 237.0
20210401093544.62, 121.6, 2.5, 238.0
20210401093545.69, 121.6, 2.5, 238.0
20210401093546.76, 121.6, 2.6, 239.0
20210401093547.82, 121.6, 2.6, 239.0
20210401093548.87, 121.6, 2.6, 239.0
20210401093549.93, 121.6, 2.6, 239.0
20210401093550.99, 121.6, 2.6, 236.0
20210401093552.06, 121.6, 2.6, 236.0
20210401093553.11, 121.7, 2.6, 235.0
20210401093554.17, 121.7, 2.6, 235.0
20210401093555.23, 121.6, 2.6, 238.0
20210401093556.28, 121.6, 2.6, 238.0
20210401093557.35, 121.7, 2.6, 239.0
20210401093558.42, 121.7, 2.6, 239.0
20210401093559.48, 121.6, 2.6, 239.0
20210401093600.55, 121.6, 2.6, 239.0
20210401093601.62, 121.6, 2.6, 239.0
20210401093602.7, 121.6, 2.6, 239.0
20210401093603.77, 121.6, 2.6, 236.0
20210401093604.83, 121.6, 2.6, 236.0
20210401093605.9, 121.6, 2.6, 239.0
20210401093606.98, 121.6, 2.6, 239.0
20210401093608.04, 121.7, 2.6, 237.0
20210401093609.11, 121.7, 2.6, 237.0
20210401093610.18, 121.7, 2.6, 237.0
20210401093611.23, 121.7, 2.6, 237.0
20210401093612.3, 121.8, 2.6, 238.0
20210401093613.36, 121.8, 2.6, 238.0
20210401093614.43, 121.8, 2.6, 239.0
20210401093615.5, 121.8, 2.6, 239.0
20210401093616.58, 121.7, 2.6, 242.0
20210401093617.65, 121.7, 2.6, 242.0
20210401093618.7, 121.7, 2.6, 237.0
20210401093619.76, 121.7, 2.6, 237.0
20210401093620.83, 121.7, 2.6, 244.0
20210401093621.91, 121.7, 2.6, 244.0
20210401093622.99, 121.7, 2.6, 238.0
20210401093624.17, 121.7, 2.6, 237.0
20210401093625.23, 121.7, 2.6, 237.0
20210401093626.28, 121.7, 2.6, 242.0
20210401093627.35, 121.7, 2.6, 242.0
20210401093628.41, 121.7, 2.6, 237.0
20210401093629.47, 121.7, 2.6, 237.0
20210401093630.52, 121.6, 2.5, 237.0
20210401093631.6, 121.6, 2.5, 237.0
20210401093632.66, 121.6, 2.5, 239.0
20210401093633.72, 121.6, 2.5, 239.0
20210401093634.78, 121.6, 2.5, 234.0
20210401093635.83, 121.6, 2.5, 234.0
20210401093636.9, 121.6, 2.5, 236.0
20210401093637.97, 121.6, 2.5, 236.0
20210401093639.03, 121.6, 2.5, 237.0
20210401093640.09, 121.6, 2.5, 237.0
20210401093641.14, 121.6, 2.5, 234.0
20210401093642.21, 121.6, 2.5, 234.0
20210401093643.27, 121.6, 2.5, 238.0
20210401093644.33, 121.6, 2.5, 238.0
20210401093645.38, 121.6, 2.5, 236.0
20210401093646.45, 121.6, 2.5, 236.0
20210401093647.51, 121.6, 2.5, 239.0
20210401093648.57, 121.6, 2.5, 239.0
20210401093649.64, 121.7, 2.5, 237.0
20210401093650.71, 121.7, 2.5, 237.0
20210401093651.77, 121.7, 2.5, 234.0
20210401093652.83, 121.7, 2.5, 234.0
20210401093653.88, 121.7, 2.5, 239.0
20210401093654.95, 121.7, 2.5, 239.0
20210401093656.01, 121.6, 2.5, 238.0
20210401093657.1, 121.6, 2.5, 238.0
20210401093658.15, 121.6, 2.5, 239.0
20210401093659.21, 121.6, 2.5, 239.0
20210401093700.27, 121.6, 2.5, 239.0
20210401093701.34, 121.6, 2.5, 239.0
20210401093702.39, 121.6, 2.6, 235.0
20210401093703.47, 121.6, 2.6, 235.0
20210401093704.54, 121.6, 2.6, 241.0
20210401093705.61, 121.6, 2.6, 241.0
20210401093706.68, 121.5, 2.6, 241.0
20210401093707.75, 121.5, 2.6, 241.0
20210401093708.81, 121.6, 2.6, 242.0
20210401093709.87, 121.6, 2.6, 242.0
20210401093710.93, 121.6, 2.6, 242.0
20210401093712.0, 121.6, 2.6, 242.0
20210401093713.06, 121.6, 2.6, 236.0
20210401093714.12, 121.6, 2.6, 236.0
20210401093715.19, 121.6, 2.6, 236.0
20210401093716.26, 121.6, 2.6, 236.0
20210401093717.32, 121.6, 2.5, 242.0
20210401093718.49, 121.6, 2.5, 239.0
20210401093719.56, 121.6, 2.5, 239.0
20210401093720.61, 121.6, 2.5, 240.0
20210401093721.68, 121.6, 2.5, 240.0
20210401093722.75, 121.6, 2.5, 234.0
20210401093723.81, 121.6, 2.5, 234.0
20210401093724.86, 121.6, 2.5, 238.0
20210401093725.94, 121.6, 2.5, 238.0
20210401093727.02, 121.6, 2.5, 242.0
20210401093728.09, 121.6, 2.5, 242.0
20210401093729.15, 121.6, 2.5, 236.0
20210401093730.22, 121.6, 2.5, 236.0
20210401093731.29, 121.5, 2.5, 238.0
20210401093732.37, 121.5, 2.5, 238.0
20210401093733.43, 121.5, 2.6, 235.0
20210401093734.5, 121.5, 2.6, 235.0
20210401093735.57, 121.6, 2.6, 241.0
20210401093736.62, 121.6, 2.6, 241.0
20210401093737.68, 121.6, 2.6, 238.0
20210401093738.74, 121.6, 2.6, 238.0
20210401093739.81, 121.6, 2.6, 239.0
20210401093740.88, 121.6, 2.6, 239.0
20210401093741.93, 121.7, 2.6, 239.0
20210401093742.99, 121.7, 2.6, 239.0
20210401093744.06, 121.6, 2.6, 236.0
20210401093745.14, 121.6, 2.6, 236.0
20210401093746.19, 121.7, 2.6, 239.0
20210401093747.26, 121.7, 2.6, 239.0
20210401093748.31, 121.7, 2.6, 242.0
20210401093749.38, 121.7, 2.6, 242.0
20210401093750.44, 121.6, 2.6, 240.0
20210401093751.51, 121.6, 2.6, 240.0
20210401093752.57, 121.7, 2.6, 241.0
20210401093753.65, 121.7, 2.6, 241.0
20210401093754.71, 121.7, 2.6, 238.0
20210401093755.77, 121.7, 2.6, 238.0
20210401093756.82, 121.7, 2.6, 241.0
20210401093757.88, 121.7, 2.6, 241.0
20210401093758.94, 121.7, 2.6, 239.0
20210401093800.01, 121.7, 2.6, 239.0
20210401093801.08, 121.6, 2.6, 237.0
20210401093802.14, 121.6, 2.6, 237.0
20210401093803.2, 121.6, 2.5, 237.0
20210401093804.26, 121.6, 2.5, 237.0
20210401093805.33, 121.6, 2.5, 239.0
20210401093806.4, 121.6, 2.5, 239.0
20210401093807.46, 121.6, 2.5, 238.0
20210401093808.54, 121.6, 2.5, 238.0
20210401093809.59, 121.6, 2.5, 238.0
20210401093810.66, 121.6, 2.5, 234.0
20210401093811.8, 121.6, 2.5, 234.0
20210401093812.87, 121.6, 2.5, 240.0
20210401093813.94, 121.6, 2.5, 240.0
20210401093815.0, 121.6, 2.5, 241.0
20210401093816.07, 121.6, 2.5, 241.0
20210401093817.13, 121.6, 2.5, 237.0
20210401093818.2, 121.6, 2.5, 237.0
20210401093819.26, 121.6, 2.6, 239.0
20210401093820.32, 121.6, 2.6, 239.0
20210401093821.37, 121.6, 2.6, 240.0
20210401093822.44, 121.6, 2.6, 240.0
20210401093823.51, 121.6, 2.6, 234.0
20210401093824.57, 121.6, 2.6, 234.0
20210401093825.63, 121.6, 2.6, 239.0
20210401093826.68, 121.6, 2.6, 239.0
20210401093827.76, 121.6, 2.6, 238.0
20210401093828.82, 121.6, 2.6, 238.0
20210401093829.9, 121.7, 2.6, 237.0
20210401093830.98, 121.7, 2.6, 237.0
20210401093832.05, 121.7, 2.6, 237.0
20210401093833.12, 121.7, 2.6, 237.0
20210401093834.2, 121.6, 2.6, 238.0
20210401093835.25, 121.6, 2.6, 238.0
20210401093836.31, 121.6, 2.6, 239.0
20210401093837.37, 121.6, 2.6, 239.0
20210401093838.44, 121.6, 2.6, 240.0
20210401093839.51, 121.6, 2.6, 240.0
20210401093840.59, 121.6, 2.6, 237.0
20210401093841.64, 121.6, 2.6, 237.0
20210401093842.7, 121.5, 2.6, 240.0
20210401093843.77, 121.5, 2.6, 240.0
20210401093844.84, 121.6, 2.6, 237.0
20210401093845.93, 121.6, 2.6, 237.0
20210401093847.0, 121.6, 2.6, 236.0
20210401093848.05, 121.6, 2.6, 236.0
20210401093849.13, 121.7, 2.5, 241.0
20210401093850.19, 121.7, 2.5, 241.0
20210401093851.25, 121.6, 2.5, 240.0
20210401093852.32, 121.6, 2.5, 240.0
20210401093853.38, 121.6, 2.5, 236.0
20210401093854.45, 121.6, 2.5, 236.0
20210401093855.51, 121.6, 2.5, 239.0
20210401093856.56, 121.6, 2.5, 239.0
20210401093857.62, 121.6, 2.5, 238.0
20210401093858.69, 121.6, 2.5, 238.0
20210401093859.84, 121.7, 2.5, 239.0
20210401093900.91, 121.6, 2.5, 238.0
20210401093901.99, 121.6, 2.5, 238.0
20210401093903.05, 121.6, 2.5, 237.0
20210401093904.13, 121.6, 2.5, 237.0
20210401093905.18, 121.6, 2.6, 236.0
20210401093906.25, 121.6, 2.6, 236.0
20210401093907.32, 121.6, 2.6, 236.0
20210401093908.39, 121.6, 2.6, 236.0
20210401093909.46, 121.6, 2.6, 239.0
20210401093910.52, 121.6, 2.6, 239.0
20210401093911.58, 121.6, 2.6, 237.0
20210401093912.66, 121.6, 2.6, 237.0
20210401093913.73, 121.6, 2.6, 239.0
20210401093914.79, 121.6, 2.6, 239.0
20210401093915.84, 121.6, 2.6, 237.0
20210401093916.92, 121.6, 2.6, 237.0
20210401093917.99, 121.6, 2.6, 238.0
20210401093919.07, 121.6, 2.6, 238.0
20210401093920.13, 121.6, 2.6, 236.0
20210401093921.19, 121.6, 2.6, 236.0
20210401093922.24, 121.6, 2.6, 237.0
20210401093923.3, 121.6, 2.6, 237.0
20210401093924.37, 121.7, 2.6, 239.0
20210401093925.43, 121.7, 2.6, 239.0
20210401093926.51, 121.7, 2.6, 234.0
20210401093927.59, 121.7, 2.6, 234.0
20210401093928.65, 121.7, 2.6, 240.0
20210401093929.73, 121.7, 2.6, 240.0
20210401093930.79, 121.7, 2.6, 240.0
20210401093931.86, 121.7, 2.6, 240.0
20210401093932.93, 121.6, 2.6, 240.0
20210401093934.0, 121.6, 2.6, 240.0
20210401093935.07, 121.7, 2.5, 237.0
20210401093936.13, 121.7, 2.5, 237.0
20210401093937.19, 121.7, 2.5, 242.0
20210401093938.26, 121.7, 2.5, 242.0
20210401093939.33, 121.8, 2.5, 240.0
20210401093940.4, 121.8, 2.5, 240.0
20210401093941.46, 121.7, 2.5, 239.0
20210401093942.54, 121.7, 2.5, 239.0
20210401093943.6, 121.7, 2.5, 236.0
20210401093944.77, 121.7, 2.5, 240.0
20210401093945.82, 121.7, 2.5, 240.0
20210401093946.88, 121.7, 2.5, 239.0
20210401093947.96, 121.7, 2.5, 239.0
20210401093949.02, 121.7, 2.5, 240.0
20210401093950.08, 121.7, 2.5, 240.0
20210401093951.13, 121.7, 2.5, 237.0
20210401093952.2, 121.7, 2.5, 237.0
20210401093953.26, 121.7, 2.5, 238.0
20210401093954.33, 121.7, 2.5, 238.0
20210401093955.39, 121.8, 2.5, 237.0
20210401093956.47, 121.8, 2.5, 237.0
20210401093957.53, 121.8, 2.5, 239.0
20210401093958.59, 121.8, 2.5, 239.0
20210401093959.66, 121.7, 2.5, 237.0
20210401094000.72, 121.7, 2.5, 237.0
20210401094001.79, 121.7, 2.5, 234.0
20210401094002.86, 121.7, 2.5, 234.0
20210401094003.92, 121.7, 2.5, 239.0
20210401094004.98, 121.7, 2.5, 239.0
20210401094006.04, 121.7, 2.5, 239.0
20210401094007.11, 121.7, 2.5, 239.0
20210401094008.18, 121.7, 2.5, 238.0
20210401094009.25, 121.7, 2.5, 238.0
20210401094010.3, 121.7, 2.5, 239.0
20210401094011.37, 121.7, 2.5, 239.0
20210401094012.43, 121.7, 2.5, 239.0
20210401094013.5, 121.7, 2.5, 239.0
20210401094014.57, 121.7, 2.5, 239.0
20210401094015.64, 121.7, 2.5, 239.0
20210401094016.71, 121.7, 2.5, 242.0
20210401094017.79, 121.7, 2.5, 242.0
20210401094018.86, 121.7, 2.5, 235.0
20210401094019.95, 121.7, 2.5, 235.0
20210401094021.02, 121.7, 2.5, 240.0
20210401094022.09, 121.7, 2.5, 240.0
20210401094023.15, 121.6, 2.5, 237.0
20210401094024.23, 121.6, 2.5, 237.0
20210401094025.29, 121.6, 2.5, 239.0
20210401094026.37, 121.6, 2.5, 239.0
20210401094027.45, 121.6, 2.5, 237.0
20210401094028.52, 121.6, 2.5, 237.0
20210401094029.67, 121.6, 2.5, 237.0
20210401094030.74, 121.7, 2.5, 237.0
20210401094031.82, 121.7, 2.5, 237.0
20210401094032.88, 121.7, 2.5, 239.0
20210401094033.95, 121.7, 2.5, 239.0
20210401094035.02, 121.7, 2.5, 240.0
20210401094036.09, 121.7, 2.5, 240.0
20210401094037.15, 121.7, 2.5, 236.0
20210401094038.22, 121.7, 2.5, 236.0
20210401094039.29, 121.7, 2.5, 236.0
20210401094040.36, 121.7, 2.5, 236.0
20210401094041.43, 121.7, 2.5, 239.0
20210401094042.5, 121.7, 2.5, 239.0
20210401094043.57, 121.7, 2.5, 239.0
20210401094044.64, 121.7, 2.5, 239.0
20210401094045.69, 121.7, 2.5, 239.0
20210401094046.77, 121.7, 2.5, 239.0
20210401094047.84, 121.7, 2.5, 240.0
20210401094048.91, 121.7, 2.5, 240.0
20210401094049.98, 121.7, 2.5, 236.0
20210401094051.05, 121.7, 2.5, 236.0
20210401094052.1, 121.6, 2.5, 237.0
20210401094053.18, 121.6, 2.5, 237.0
20210401094054.25, 121.6, 2.5, 235.0
20210401094055.32, 121.6, 2.5, 235.0
20210401094056.38, 121.7, 2.5, 242.0
20210401094057.45, 121.7, 2.5, 242.0
20210401094058.51, 121.7, 2.5, 238.0
20210401094059.58, 121.7, 2.5, 238.0
20210401094100.63, 121.7, 2.5, 237.0
20210401094101.7, 121.7, 2.5, 237.0
20210401094102.77, 121.6, 2.5, 240.0
20210401094103.83, 121.6, 2.5, 240.0
20210401094104.89, 121.7, 2.5, 235.0
20210401094105.96, 121.7, 2.5, 235.0
20210401094107.04, 121.7, 2.5, 238.0
20210401094108.11, 121.7, 2.5, 238.0
20210401094109.17, 121.7, 2.5, 241.0
20210401094110.23, 121.7, 2.5, 241.0
20210401094111.29, 121.7, 2.5, 241.0
20210401094112.37, 121.7, 2.5, 241.0
20210401094113.44, 121.7, 2.5, 237.0
20210401094114.51, 121.7, 2.5, 235.0
20210401094115.66, 121.7, 2.5, 235.0
20210401094116.73, 121.7, 2.5, 239.0
20210401094117.8, 121.7, 2.5, 239.0
20210401094118.87, 121.6, 2.5, 239.0
20210401094119.94, 121.6, 2.5, 239.0
20210401094121.0, 121.7, 2.6, 241.0
20210401094122.07, 121.7, 2.6, 241.0
20210401094123.14, 121.7, 2.6, 240.0
20210401094124.21, 121.7, 2.6, 240.0
20210401094125.27, 121.7, 2.6, 237.0
20210401094126.32, 121.7, 2.6, 237.0
20210401094127.38, 121.7, 2.6, 238.0
20210401094128.47, 121.7, 2.6, 238.0
20210401094129.54, 121.7, 2.6, 237.0
20210401094130.59, 121.7, 2.6, 237.0
20210401094131.64, 121.7, 2.6, 236.0
20210401094132.71, 121.7, 2.6, 236.0
20210401094133.78, 121.7, 2.6, 239.0
20210401094134.84, 121.7, 2.6, 239.0
20210401094135.89, 121.7, 2.7, 238.0
20210401094136.96, 121.7, 2.7, 238.0
20210401094138.03, 121.7, 2.7, 240.0
20210401094139.1, 121.7, 2.7, 240.0
20210401094140.15, 121.7, 2.7, 239.0
20210401094141.22, 121.7, 2.7, 239.0
20210401094142.29, 121.7, 2.7, 240.0
20210401094143.37, 121.7, 2.7, 240.0
20210401094144.44, 121.7, 2.7, 236.0
20210401094145.51, 121.7, 2.7, 236.0
20210401094146.58, 121.7, 2.7, 239.0
20210401094147.64, 121.7, 2.7, 239.0
20210401094148.71, 121.7, 2.7, 236.0
20210401094149.77, 121.7, 2.7, 236.0
20210401094150.84, 121.8, 2.7, 237.0
20210401094151.91, 121.8, 2.7, 237.0
20210401094152.96, 121.7, 2.5, 237.0
20210401094154.03, 121.7, 2.5, 237.0
20210401094155.09, 121.7, 2.5, 240.0
20210401094156.16, 121.7, 2.5, 240.0
20210401094157.21, 121.8, 2.5, 240.0
20210401094158.29, 121.8, 2.5, 240.0
20210401094159.35, 121.8, 2.5, 238.0
20210401094200.52, 121.7, 2.5, 236.0
20210401094201.59, 121.7, 2.5, 236.0
20210401094202.66, 121.7, 2.5, 238.0
20210401094203.73, 121.7, 2.5, 238.0
20210401094204.78, 121.7, 2.5, 242.0
20210401094205.84, 121.7, 2.5, 242.0
20210401094206.91, 121.7, 2.6, 237.0
20210401094207.98, 121.7, 2.6, 237.0
20210401094209.05, 121.7, 2.6, 237.0
20210401094210.12, 121.7, 2.6, 237.0
20210401094211.19, 121.7, 2.6, 238.0
20210401094212.26, 121.7, 2.6, 238.0
20210401094213.32, 121.7, 2.6, 236.0
20210401094214.38, 121.7, 2.6, 236.0
20210401094215.45, 121.7, 2.6, 238.0
20210401094216.5, 121.7, 2.6, 238.0
20210401094217.57, 121.7, 2.6, 242.0
20210401094218.64, 121.7, 2.6, 242.0
20210401094219.69, 121.8, 2.6, 237.0
20210401094220.77, 121.8, 2.6, 237.0
20210401094221.84, 121.8, 2.6, 237.0
20210401094222.91, 121.8, 2.6, 237.0
20210401094223.96, 121.8, 2.6, 239.0
20210401094225.03, 121.8, 2.6, 239.0
20210401094226.09, 121.8, 2.6, 238.0
20210401094227.14, 121.8, 2.6, 238.0
20210401094228.2, 121.8, 2.6, 236.0
20210401094229.26, 121.8, 2.6, 236.0
20210401094230.34, 121.8, 2.6, 239.0
20210401094231.41, 121.8, 2.6, 239.0
20210401094232.48, 121.7, 2.6, 239.0
20210401094233.54, 121.7, 2.6, 239.0
20210401094234.61, 121.7, 2.6, 237.0
20210401094235.68, 121.7, 2.6, 237.0
20210401094236.75, 121.8, 2.6, 240.0
20210401094237.82, 121.8, 2.6, 240.0
20210401094238.89, 121.8, 2.6, 240.0
20210401094239.96, 121.8, 2.6, 240.0
20210401094241.04, 121.8, 2.6, 238.0
20210401094242.09, 121.8, 2.6, 238.0
20210401094243.16, 121.8, 2.6, 241.0
20210401094244.23, 121.8, 2.6, 241.0
20210401094245.29, 121.8, 2.6, 240.0
20210401094246.36, 121.8, 2.6, 240.0
20210401094247.43, 121.7, 2.6, 239.0
20210401094248.51, 121.8, 2.6, 240.0
20210401094249.67, 121.8, 2.6, 240.0
20210401094250.75, 121.8, 2.6, 238.0
20210401094251.82, 121.8, 2.6, 238.0
20210401094252.88, 121.7, 2.5, 237.0
20210401094253.96, 121.7, 2.5, 237.0
20210401094255.03, 121.7, 2.5, 238.0
20210401094256.1, 121.7, 2.5, 238.0
20210401094257.16, 121.8, 2.5, 242.0
20210401094258.24, 121.8, 2.5, 242.0
20210401094259.3, 121.8, 2.5, 240.0
20210401094300.37, 121.8, 2.5, 240.0
20210401094301.44, 121.8, 2.5, 240.0
20210401094302.51, 121.8, 2.5, 240.0
20210401094303.57, 121.8, 2.5, 236.0
20210401094304.63, 121.8, 2.5, 236.0
20210401094305.69, 121.8, 2.5, 240.0
20210401094306.75, 121.8, 2.5, 240.0
20210401094307.8, 121.8, 2.7, 239.0
20210401094308.86, 121.8, 2.7, 239.0
20210401094309.93, 121.8, 2.7, 235.0
20210401094311.0, 121.8, 2.7, 235.0
20210401094312.08, 121.8, 2.7, 237.0
20210401094313.14, 121.8, 2.7, 237.0
20210401094314.21, 121.8, 2.7, 239.0
20210401094315.27, 121.8, 2.7, 239.0
20210401094316.33, 121.8, 2.7, 241.0
20210401094317.39, 121.8, 2.7, 241.0
20210401094318.44, 121.8, 2.7, 232.0
20210401094319.52, 121.8, 2.7, 232.0
20210401094320.58, 121.8, 2.7, 239.0
20210401094321.64, 121.8, 2.7, 239.0
20210401094322.71, 121.8, 2.7, 236.0
20210401094323.77, 121.8, 2.7, 236.0
20210401094324.84, 121.8, 2.7, 240.0
20210401094325.91, 121.8, 2.7, 240.0
20210401094326.98, 121.8, 2.7, 238.0
20210401094328.06, 121.8, 2.7, 238.0
20210401094329.14, 121.8, 2.7, 236.0
20210401094330.21, 121.8, 2.7, 236.0
20210401094331.27, 121.7, 2.7, 239.0
20210401094332.32, 121.7, 2.7, 240.0
20210401094333.46, 121.8, 2.7, 240.0
20210401094334.52, 121.8, 2.7, 241.0
20210401094335.6, 121.8, 2.7, 241.0
20210401094336.66, 121.7, 2.7, 235.0
20210401094337.73, 121.7, 2.7, 235.0
20210401094338.8, 121.8, 2.6, 242.0
20210401094339.87, 121.8, 2.6, 242.0
20210401094340.94, 121.8, 2.6, 237.0
20210401094342.02, 121.8, 2.6, 237.0
20210401094343.08, 121.8, 2.6, 239.0
20210401094344.16, 121.8, 2.6, 239.0
20210401094345.21, 121.8, 2.6, 240.0
20210401094346.27, 121.8, 2.6, 240.0
20210401094347.33, 121.8, 2.6, 239.0
20210401094348.39, 121.8, 2.6, 239.0
20210401094349.46, 121.8, 2.6, 239.0
20210401094350.53, 121.8, 2.6, 239.0
20210401094351.59, 121.8, 2.6, 242.0
20210401094352.64, 121.8, 2.6, 242.0
20210401094353.7, 121.9, 2.6, 244.0
20210401094354.77, 121.9, 2.6, 244.0
20210401094355.83, 121.9, 2.6, 241.0
20210401094356.9, 121.9, 2.6, 241.0
20210401094357.95, 121.9, 2.6, 236.0
20210401094359.02, 121.9, 2.6, 236.0
20210401094400.08, 121.9, 2.6, 237.0
20210401094401.14, 121.9, 2.6, 237.0
20210401094402.2, 121.9, 2.6, 241.0
20210401094403.25, 121.9, 2.6, 241.0
20210401094404.32, 121.9, 2.6, 239.0
20210401094405.4, 121.9, 2.6, 239.0
20210401094406.46, 121.9, 2.6, 243.0
20210401094407.53, 121.9, 2.6, 243.0
20210401094408.58, 121.9, 2.6, 239.0
20210401094409.65, 121.9, 2.6, 239.0
20210401094410.72, 121.9, 2.5, 240.0
20210401094411.79, 121.9, 2.5, 240.0
20210401094412.85, 121.9, 2.5, 239.0
20210401094413.92, 121.9, 2.5, 239.0
20210401094415.0, 121.9, 2.5, 239.0
20210401094416.05, 121.9, 2.5, 239.0
20210401094417.12, 121.9, 2.5, 239.0
20210401094418.21, 121.9, 2.5, 239.0
20210401094419.27, 121.9, 2.5, 239.0
20210401094420.34, 121.9, 2.5, 239.0
20210401094421.41, 121.9, 2.5, 240.0
20210401094422.46, 121.9, 2.5, 240.0
20210401094423.62, 121.9, 2.5, 240.0
20210401094424.68, 121.9, 2.6, 234.0
20210401094425.75, 121.9, 2.6, 234.0
20210401094426.8, 121.9, 2.6, 240.0
20210401094427.86, 121.9, 2.6, 240.0
20210401094428.93, 121.9, 2.6, 239.0
20210401094429.99, 121.9, 2.6, 239.0
20210401094431.06, 121.9, 2.6, 239.0
20210401094432.13, 121.9, 2.6, 239.0
20210401094433.2, 121.9, 2.6, 242.0
20210401094434.27, 121.9, 2.6, 242.0
20210401094435.33, 121.9, 2.6, 240.0
20210401094436.4, 121.9, 2.6, 240.0
20210401094437.46, 121.9, 2.6, 238.0
20210401094438.54, 121.9, 2.6, 238.0
20210401094439.6, 121.9, 2.6, 239.0
20210401094440.68, 121.9, 2.6, 239.0
20210401094441.75, 121.9, 2.6, 239.0
20210401094442.82, 121.9, 2.6, 239.0
20210401094443.89, 121.9, 2.6, 242.0
20210401094444.96, 121.9, 2.6, 242.0
20210401094446.02, 121.9, 2.6, 237.0
20210401094447.09, 121.9, 2.6, 237.0
20210401094448.15, 121.9, 2.6, 241.0
20210401094449.21, 121.9, 2.6, 241.0
20210401094450.28, 121.8, 2.6, 236.0
20210401094451.36, 121.8, 2.6, 236.0
20210401094452.41, 121.8, 2.6, 236.0
20210401094453.49, 121.8, 2.6, 236.0
20210401094454.54, 121.9, 2.6, 239.0
20210401094455.61, 121.9, 2.6, 239.0
20210401094456.68, 121.9, 2.4000000000000004, 241.0
20210401094457.75, 121.9, 2.4000000000000004, 241.0
20210401094458.82, 121.9, 2.4000000000000004, 240.0
20210401094459.89, 121.9, 2.4000000000000004, 240.0
20210401094500.95, 121.8, 2.4000000000000004, 236.0
20210401094502.0, 121.8, 2.4000000000000004, 236.0
20210401094503.05, 121.8, 2.4000000000000004, 238.0
20210401094504.12, 121.8, 2.4000000000000004, 238.0
20210401094505.18, 121.8, 2.4000000000000004, 236.0
20210401094506.25, 121.8, 2.4000000000000004, 236.0
20210401094507.33, 121.8, 2.4000000000000004, 239.0
20210401094508.42, 121.8, 2.4000000000000004, 239.0
20210401094509.47, 121.9, 2.4000000000000004, 237.0
20210401094510.54, 121.9, 2.5, 237.0
20210401094511.7, 121.9, 2.5, 237.0
20210401094512.76, 121.9, 2.5, 237.0
20210401094513.83, 121.9, 2.5, 237.0
20210401094514.89, 121.9, 2.5, 237.0
20210401094515.96, 121.9, 2.5, 237.0
20210401094517.01, 121.9, 2.5, 237.0
20210401094518.08, 121.9, 2.5, 237.0
20210401094519.14, 121.9, 2.5, 238.0
20210401094520.2, 121.9, 2.5, 238.0
20210401094521.27, 121.9, 2.5, 241.0
20210401094522.33, 121.9, 2.5, 241.0
20210401094523.4, 121.9, 2.5, 238.0
20210401094524.47, 121.9, 2.5, 238.0
20210401094525.54, 121.9, 2.6, 237.0
20210401094526.6, 121.9, 2.6, 237.0
20210401094527.67, 121.9, 2.6, 241.0
20210401094528.75, 121.9, 2.6, 241.0
20210401094529.82, 121.9, 2.6, 242.0
20210401094530.88, 121.9, 2.6, 242.0
20210401094531.93, 121.9, 2.6, 242.0
20210401094533.0, 121.9, 2.6, 242.0
20210401094534.07, 121.9, 2.6, 238.0
20210401094535.14, 121.9, 2.6, 238.0
20210401094536.2, 121.9, 2.6, 237.0
20210401094537.27, 121.9, 2.6, 237.0
20210401094538.33, 121.9, 2.6, 240.0
20210401094539.41, 121.9, 2.6, 240.0
20210401094540.48, 121.9, 2.6, 242.0
20210401094541.53, 121.9, 2.6, 242.0
20210401094542.6, 122.0, 2.5, 240.0
20210401094543.68, 122.0, 2.5, 240.0
20210401094544.75, 122.0, 2.5, 237.0
20210401094545.81, 122.0, 2.5, 237.0
20210401094546.87, 122.0, 2.5, 240.0
20210401094547.94, 122.0, 2.5, 240.0
20210401094549.0, 121.9, 2.5, 239.0
20210401094550.07, 121.9, 2.5, 239.0
20210401094551.12, 121.9, 2.5, 241.0
20210401094552.2, 121.9, 2.5, 241.0
20210401094553.26, 122.0, 2.5, 240.0
20210401094554.32, 122.0, 2.5, 240.0
20210401094555.37, 122.0, 2.5, 240.0
20210401094556.43, 122.0, 2.5, 240.0
20210401094557.5, 122.0, 2.6, 239.0
20210401094558.66, 122.0, 2.6, 237.0
20210401094559.73, 122.0, 2.6, 237.0
20210401094600.81, 122.0, 2.6, 239.0
20210401094601.87, 122.0, 2.6, 239.0
20210401094602.94, 122.0, 2.6, 239.0
20210401094604.01, 122.0, 2.6, 239.0
20210401094605.08, 121.9, 2.6, 242.0
20210401094606.15, 121.9, 2.6, 242.0
20210401094607.21, 122.0, 2.6, 239.0
20210401094608.27, 122.0, 2.6, 239.0
20210401094609.33, 121.9, 2.6, 237.0
20210401094610.4, 121.9, 2.6, 237.0
20210401094611.45, 121.9, 2.5, 239.0
20210401094612.52, 121.9, 2.5, 239.0
20210401094613.58, 121.9, 2.5, 238.0
20210401094614.65, 121.9, 2.5, 238.0
20210401094615.7, 121.9, 2.5, 239.0
20210401094616.76, 121.9, 2.5, 239.0
20210401094617.83, 121.9, 2.5, 237.0
20210401094618.9, 121.9, 2.5, 237.0
20210401094619.97, 121.9, 2.5, 241.0
20210401094621.04, 121.9, 2.5, 241.0
20210401094622.11, 121.9, 2.5, 241.0
20210401094623.19, 121.9, 2.5, 241.0
20210401094624.24, 121.9, 2.5, 241.0
20210401094625.3, 121.9, 2.5, 241.0
20210401094626.38, 122.0, 2.6, 239.0
20210401094627.44, 122.0, 2.6, 239.0
20210401094628.5, 121.9, 2.6, 237.0
20210401094629.57, 121.9, 2.6, 237.0
20210401094630.62, 121.9, 2.6, 239.0
20210401094631.7, 121.9, 2.6, 239.0
20210401094632.77, 121.9, 2.6, 239.0
20210401094633.84, 121.9, 2.6, 239.0
20210401094634.91, 121.9, 2.6, 239.0
20210401094635.97, 121.9, 2.6, 239.0
20210401094637.04, 121.9, 2.6, 240.0
20210401094638.1, 121.9, 2.6, 240.0
20210401094639.18, 121.9, 2.6, 239.0
20210401094640.25, 121.9, 2.6, 239.0
20210401094641.32, 121.8, 2.6, 239.0
20210401094642.39, 121.8, 2.6, 239.0
20210401094643.44, 121.9, 2.7, 237.0
20210401094644.51, 121.9, 2.7, 237.0
20210401094645.56, 121.9, 2.7, 238.0
20210401094646.72, 121.9, 2.7, 236.0
20210401094647.78, 121.9, 2.7, 236.0
20210401094648.84, 121.9, 2.7, 238.0
20210401094649.91, 121.9, 2.7, 238.0
20210401094650.97, 121.9, 2.7, 237.0
20210401094652.04, 121.9, 2.7, 237.0
20210401094653.11, 121.9, 2.7, 240.0
20210401094654.17, 121.9, 2.7, 240.0
20210401094655.22, 122.0, 2.7, 239.0
20210401094656.29, 122.0, 2.7, 239.0
20210401094657.36, 121.9, 2.6, 241.0
20210401094658.41, 121.9, 2.6, 241.0
20210401094659.47, 122.0, 2.6, 237.0
20210401094700.54, 122.0, 2.6, 237.0
20210401094701.61, 121.9, 2.6, 240.0
20210401094702.69, 121.9, 2.6, 240.0
20210401094703.75, 121.9, 2.6, 242.0
20210401094704.83, 121.9, 2.6, 242.0
20210401094705.91, 121.9, 2.6, 240.0
20210401094706.99, 121.9, 2.6, 240.0
20210401094708.06, 121.9, 2.6, 236.0
20210401094709.13, 121.9, 2.6, 236.0
20210401094710.19, 121.9, 2.6, 237.0
20210401094711.26, 121.9, 2.6, 237.0
20210401094712.32, 121.9, 2.5, 239.0
20210401094713.39, 121.9, 2.5, 239.0
20210401094714.45, 121.9, 2.5, 237.0
20210401094715.51, 121.9, 2.5, 237.0
20210401094716.57, 121.9, 2.5, 238.0
20210401094717.64, 121.9, 2.5, 238.0
20210401094718.69, 121.9, 2.5, 235.0
20210401094719.76, 121.9, 2.5, 235.0
20210401094720.83, 121.9, 2.5, 240.0
20210401094721.89, 121.9, 2.5, 240.0
20210401094722.96, 122.0, 2.5, 237.0
20210401094724.02, 122.0, 2.5, 237.0
20210401094725.08, 122.0, 2.5, 240.0
20210401094726.15, 122.0, 2.5, 240.0
20210401094727.23, 122.0, 2.5, 239.0
20210401094728.29, 122.0, 2.5, 239.0
20210401094729.36, 122.0, 2.5, 239.0
20210401094730.43, 122.0, 2.5, 239.0
20210401094731.5, 122.0, 2.5, 239.0
20210401094732.7, 122.0, 2.5, 239.0
20210401094733.75, 122.0, 2.5, 239.0
20210401094734.82, 122.0, 2.5, 239.0
20210401094735.9, 122.0, 2.5, 239.0
20210401094736.97, 122.0, 2.5, 239.0
20210401094738.04, 122.0, 2.5, 239.0
20210401094739.1, 122.0, 2.5, 238.0
20210401094740.16, 122.0, 2.5, 238.0
20210401094741.22, 122.0, 2.5, 242.0
20210401094742.29, 122.0, 2.5, 242.0
20210401094743.36, 122.0, 2.6, 244.0
20210401094744.43, 122.0, 2.6, 244.0
20210401094745.48, 122.0, 2.6, 241.0
20210401094746.55, 122.0, 2.6, 241.0
20210401094747.61, 122.0, 2.6, 240.0
20210401094748.68, 122.0, 2.6, 240.0
20210401094749.75, 122.0, 2.6, 241.0
20210401094750.82, 122.0, 2.6, 241.0
20210401094751.89, 122.0, 2.6, 237.0
20210401094752.96, 122.0, 2.6, 237.0
20210401094754.03, 122.0, 2.6, 242.0
20210401094755.11, 122.0, 2.6, 242.0
20210401094756.18, 122.0, 2.6, 237.0
20210401094757.26, 122.0, 2.6, 237.0
20210401094758.32, 122.1, 2.6, 237.0
20210401094759.39, 122.1, 2.6, 237.0
20210401094800.45, 122.1, 2.6, 241.0
20210401094801.52, 122.1, 2.6, 241.0
20210401094802.57, 122.0, 2.6, 241.0
20210401094803.64, 122.0, 2.6, 241.0
20210401094804.71, 122.0, 2.6, 240.0
20210401094805.78, 122.0, 2.6, 240.0
20210401094806.86, 121.7, 2.6, 236.0
20210401094807.93, 121.7, 2.6, 236.0
20210401094809.0, 121.7, 2.6, 239.0
20210401094810.06, 121.7, 2.6, 239.0
20210401094811.12, 121.7, 2.6, 237.0
20210401094812.18, 121.7, 2.6, 237.0
20210401094813.25, 121.7, 2.6, 240.0
20210401094814.32, 121.7, 2.6, 240.0
20210401094815.38, 121.7, 2.6, 237.0
20210401094816.45, 121.7, 2.6, 237.0
20210401094817.52, 121.7, 2.6, 236.0
20210401094818.61, 121.7, 2.6, 239.0
20210401094819.75, 121.7, 2.6, 239.0
20210401094820.82, 121.8, 2.6, 240.0
20210401094821.89, 121.8, 2.6, 240.0
20210401094822.96, 121.8, 2.6, 239.0
20210401094824.03, 121.8, 2.6, 239.0
20210401094825.08, 121.8, 2.6, 239.0
20210401094826.14, 121.8, 2.6, 239.0
20210401094827.2, 121.8, 2.6, 238.0
20210401094828.27, 121.8, 2.6, 238.0
20210401094829.33, 121.7, 2.5, 239.0
20210401094830.4, 121.7, 2.5, 239.0
20210401094831.48, 121.7, 2.5, 240.0
20210401094832.55, 121.7, 2.5, 240.0
20210401094833.63, 121.8, 2.5, 238.0
20210401094834.7, 121.8, 2.5, 238.0
20210401094835.77, 121.8, 2.5, 237.0
20210401094836.83, 121.8, 2.5, 237.0
20210401094837.9, 121.6, 2.5, 237.0
20210401094838.97, 121.6, 2.5, 237.0
20210401094840.02, 121.6, 2.5, 237.0
20210401094841.09, 121.6, 2.5, 237.0
20210401094842.14, 121.6, 2.5, 238.0
20210401094843.23, 121.6, 2.5, 238.0
20210401094844.28, 121.6, 2.5, 239.0
20210401094845.36, 121.6, 2.5, 239.0
20210401094846.41, 121.5, 2.5, 239.0
20210401094847.49, 121.5, 2.5, 239.0
20210401094848.55, 121.5, 2.5, 236.0
20210401094849.61, 121.5, 2.5, 236.0
20210401094850.68, 121.5, 2.5, 240.0
20210401094851.74, 121.5, 2.5, 240.0
20210401094852.82, 121.6, 2.5, 239.0
20210401094853.89, 121.6, 2.5, 239.0
20210401094854.95, 121.6, 2.5, 238.0
20210401094856.03, 121.6, 2.5, 238.0
20210401094857.1, 121.6, 2.5, 240.0
20210401094858.17, 121.6, 2.5, 240.0
20210401094859.23, 121.6, 2.5, 235.0
20210401094900.3, 121.6, 2.5, 235.0
20210401094901.37, 121.6, 2.5, 240.0
20210401094902.44, 121.6, 2.5, 240.0
20210401094903.51, 121.6, 2.5, 237.0
20210401094904.67, 121.6, 2.5, 240.0
20210401094905.75, 121.6, 2.5, 240.0
20210401094906.82, 121.6, 2.5, 240.0
20210401094907.89, 121.6, 2.5, 240.0
20210401094908.96, 121.6, 2.5, 242.0
20210401094910.03, 121.6, 2.5, 242.0
20210401094911.09, 121.6, 2.5, 241.0
20210401094912.16, 121.6, 2.5, 241.0
20210401094913.25, 121.6, 2.5, 241.0
20210401094914.32, 121.6, 2.5, 241.0
20210401094915.38, 121.6, 2.6, 237.0
20210401094916.45, 121.6, 2.6, 237.0
20210401094917.52, 121.6, 2.6, 242.0
20210401094918.61, 121.6, 2.6, 242.0
20210401094919.67, 121.7, 2.6, 243.0
20210401094920.73, 121.7, 2.6, 243.0
20210401094921.79, 121.7, 2.6, 239.0
20210401094922.86, 121.7, 2.6, 239.0
20210401094923.93, 121.7, 2.6, 239.0
20210401094924.99, 121.7, 2.6, 239.0
20210401094926.05, 121.7, 2.6, 237.0
20210401094927.11, 121.7, 2.6, 237.0
20210401094928.18, 121.7, 2.6, 238.0
20210401094929.24, 121.7, 2.6, 238.0
20210401094930.3, 121.7, 2.7, 240.0
20210401094931.39, 121.7, 2.7, 240.0
20210401094932.45, 121.7, 2.7, 238.0
20210401094933.52, 121.7, 2.7, 238.0
20210401094934.58, 121.7, 2.7, 239.0
20210401094935.66, 121.7, 2.7, 239.0
20210401094936.73, 121.7, 2.7, 238.0
20210401094937.81, 121.7, 2.7, 238.0
20210401094938.88, 121.7, 2.7, 239.0
20210401094939.95, 121.7, 2.7, 239.0
20210401094941.01, 121.7, 2.7, 234.0
20210401094942.09, 121.7, 2.7, 234.0
20210401094943.14, 121.7, 2.7, 235.0
20210401094944.21, 121.7, 2.7, 235.0
20210401094945.28, 121.6, 2.6, 238.0
20210401094946.35, 121.6, 2.6, 238.0
20210401094947.42, 121.6, 2.6, 237.0
20210401094948.48, 121.6, 2.6, 237.0
20210401094949.52, 121.7, 2.6, 236.0
20210401094950.58, 121.7, 2.6, 236.0
20210401094951.64, 121.6, 2.6, 236.0
20210401094952.71, 121.6, 2.6, 239.0
20210401094953.87, 121.6, 2.6, 239.0
20210401094954.93, 121.6, 2.6, 236.0
20210401094956.0, 121.6, 2.6, 236.0
20210401094957.06, 121.6, 2.6, 238.0
20210401094958.11, 121.6, 2.6, 238.0
20210401094959.18, 121.6, 2.6, 238.0
20210401095000.25, 121.6, 2.6, 238.0
20210401095001.31, 121.6, 2.5, 237.0
20210401095002.38, 121.6, 2.5, 237.0
20210401095003.45, 121.7, 2.5, 239.0
20210401095004.52, 121.7, 2.5, 239.0
20210401095005.59, 121.7, 2.5, 237.0
20210401095006.66, 121.7, 2.5, 237.0
20210401095007.73, 121.7, 2.5, 238.0
20210401095008.8, 121.7, 2.5, 238.0
20210401095009.86, 121.7, 2.5, 238.0
20210401095010.93, 121.7, 2.5, 238.0
20210401095012.01, 121.7, 2.5, 239.0
20210401095013.06, 121.7, 2.5, 239.0
20210401095014.13, 121.7, 2.5, 238.0
20210401095015.2, 121.7, 2.5, 238.0
20210401095016.27, 121.7, 2.7, 239.0
20210401095017.35, 121.7, 2.7, 239.0
20210401095018.41, 121.7, 2.7, 241.0
20210401095019.48, 121.7, 2.7, 241.0
20210401095020.54, 121.7, 2.7, 239.0
20210401095021.6, 121.7, 2.7, 239.0
20210401095022.67, 121.7, 2.7, 239.0
20210401095023.73, 121.7, 2.7, 239.0
20210401095024.79, 121.7, 2.7, 238.0
20210401095025.86, 121.7, 2.7, 238.0
20210401095026.93, 121.6, 2.7, 237.0
20210401095028.0, 121.6, 2.7, 237.0
20210401095029.05, 121.6, 2.7, 236.0
20210401095030.12, 121.6, 2.7, 236.0
20210401095031.18, 121.7, 2.5, 241.0
20210401095032.25, 121.7, 2.5, 241.0
20210401095033.31, 121.7, 2.5, 236.0
20210401095034.38, 121.7, 2.5, 236.0
20210401095035.44, 121.6, 2.5, 234.0
20210401095036.5, 121.6, 2.5, 234.0
20210401095037.58, 121.6, 2.5, 237.0
20210401095038.64, 121.6, 2.5, 237.0
20210401095039.71, 121.7, 2.5, 239.0
20210401095040.86, 121.6, 2.5, 239.0
20210401095041.92, 121.6, 2.5, 239.0
20210401095042.99, 121.7, 2.5, 234.0
20210401095044.05, 121.7, 2.5, 234.0
20210401095045.11, 121.6, 2.5, 239.0
20210401095046.19, 121.6, 2.5, 239.0
20210401095047.25, 121.6, 2.5, 241.0
20210401095048.34, 121.6, 2.5, 241.0
20210401095049.4, 121.6, 2.5, 237.0
20210401095050.46, 121.6, 2.5, 237.0
20210401095051.54, 121.6, 2.5, 241.0
20210401095052.6, 121.6, 2.5, 241.0
20210401095053.76, 121.7, 2.5, 241.0
20210401095054.92, 121.7, 2.5, 241.0
20210401095056.12, 121.7, 2.5, 239.0
20210401095057.31, 121.7, 2.5, 239.0
20210401095058.5, 121.6, 2.5, 238.0
20210401095059.68, 121.7, 2.5, 238.0
20210401095100.88, 121.7, 2.5, 238.0
20210401095102.05, 121.7, 2.6, 237.0
20210401095103.24, 121.7, 2.6, 237.0
20210401095104.43, 121.7, 2.6, 235.0
20210401095105.63, 121.7, 2.6, 235.0
20210401095106.81, 121.7, 2.6, 240.0
20210401095108.0, 121.7, 2.6, 238.0
20210401095109.22, 121.7, 2.6, 238.0
20210401095110.38, 121.7, 2.6, 238.0
20210401095111.55, 121.7, 2.6, 238.0
20210401095112.76, 121.8, 2.6, 239.0
20210401095113.96, 121.8, 2.6, 239.0
20210401095115.13, 121.8, 2.6, 242.0
20210401095116.39, 121.8, 2.5, 239.0
20210401095117.55, 121.8, 2.5, 239.0
20210401095118.72, 121.8, 2.5, 240.0
20210401095119.88, 121.8, 2.5, 240.0
20210401095121.07, 121.8, 2.5, 238.0
20210401095122.23, 121.8, 2.5, 238.0
20210401095123.41, 121.7, 2.5, 237.0
20210401095124.57, 121.7, 2.5, 237.0
20210401095125.77, 121.7, 2.5, 236.0
20210401095126.97, 121.7, 2.5, 241.0
20210401095128.21, 121.7, 2.5, 241.0
20210401095129.38, 121.7, 2.5, 239.0
20210401095130.54, 121.7, 2.5, 239.0
20210401095131.6, 121.7, 2.6, 240.0
20210401095132.79, 121.7, 2.6, 240.0
20210401095133.95, 121.7, 2.6, 242.0
20210401095135.16, 121.7, 2.6, 238.0
20210401095136.36, 121.7, 2.6, 238.0
20210401095137.52, 121.7, 2.6, 237.0
20210401095138.68, 121.7, 2.6, 237.0
20210401095139.85, 121.7, 2.6, 240.0
20210401095141.02, 121.7, 2.6, 240.0
20210401095142.27, 121.7, 2.6, 242.0
20210401095143.48, 121.7, 2.6, 240.0
20210401095144.73, 121.7, 2.6, 240.0
20210401095145.9, 121.7, 2.6, 240.0
20210401095147.07, 121.7, 2.6, 240.0
20210401095148.22, 121.7, 2.7, 236.0
20210401095149.39, 121.7, 2.7, 236.0
20210401095150.57, 121.7, 2.7, 237.0
20210401095151.77, 121.7, 2.7, 237.0
20210401095152.94, 121.7, 2.7, 237.0
20210401095154.12, 121.7, 2.7, 238.0
20210401095155.34, 121.7, 2.7, 238.0
20210401095156.5, 121.6, 2.7, 236.0
20210401095157.7, 121.6, 2.7, 236.0
20210401095158.92, 121.6, 2.7, 239.0
20210401095200.2, 121.6, 2.7, 237.0
20210401095201.43, 121.6, 2.7, 237.0
20210401095202.59, 121.6, 2.6, 240.0
20210401095203.76, 121.6, 2.6, 240.0
20210401095204.93, 121.6, 2.6, 240.0
20210401095206.11, 121.6, 2.6, 240.0
20210401095207.29, 121.6, 2.6, 236.0
20210401095208.47, 121.6, 2.6, 236.0
20210401095209.65, 121.6, 2.6, 236.0
20210401095210.81, 121.6, 2.6, 237.0
20210401095211.98, 121.6, 2.6, 237.0
20210401095213.16, 121.7, 2.6, 237.0
20210401095214.34, 121.7, 2.6, 237.0
20210401095215.52, 121.7, 2.6, 235.0
20210401095216.7, 121.7, 2.6, 235.0
20210401095217.86, 121.7, 2.6, 239.0
20210401095219.04, 121.7, 2.6, 240.0
20210401095220.21, 121.7, 2.6, 240.0
20210401095221.25, 121.7, 2.6, 238.0
20210401095222.3, 121.7, 2.6, 238.0
20210401095223.37, 121.7, 2.6, 238.0
20210401095224.46, 121.7, 2.6, 238.0
20210401095225.51, 121.7, 2.6, 237.0
20210401095226.58, 121.7, 2.6, 237.0
20210401095227.63, 121.7, 2.6, 236.0
20210401095228.7, 121.7, 2.6, 236.0
20210401095229.75, 121.7, 2.6, 238.0
20210401095230.82, 121.7, 2.6, 238.0
20210401095231.87, 121.7, 2.5, 237.0
20210401095232.93, 121.7, 2.5, 237.0
20210401095233.99, 121.7, 2.5, 237.0
20210401095235.06, 121.7, 2.5, 237.0
20210401095236.12, 121.7, 2.5, 237.0
20210401095237.19, 121.7, 2.5, 237.0
20210401095238.25, 121.7, 2.5, 238.0
20210401095239.32, 121.7, 2.5, 238.0
20210401095240.39, 121.7, 2.5, 239.0
20210401095241.46, 121.7, 2.5, 239.0
20210401095242.53, 121.7, 2.5, 244.0
20210401095243.6, 121.7, 2.5, 244.0
20210401095244.66, 121.7, 2.5, 239.0
20210401095245.73, 121.7, 2.5, 239.0
20210401095246.8, 121.7, 2.5, 239.0
20210401095247.87, 121.7, 2.5, 239.0
20210401095248.94, 121.7, 2.5, 238.0
20210401095250.01, 121.7, 2.5, 238.0
20210401095251.09, 121.7, 2.5, 238.0
20210401095252.16, 121.7, 2.5, 238.0
20210401095253.22, 121.7, 2.5, 240.0
20210401095254.29, 121.7, 2.5, 240.0
20210401095255.35, 121.8, 2.5, 236.0
20210401095256.41, 121.8, 2.5, 236.0
20210401095257.46, 121.7, 2.5, 239.0
20210401095258.54, 121.7, 2.5, 239.0
20210401095259.6, 121.7, 2.5, 239.0
20210401095300.66, 121.7, 2.5, 239.0
20210401095301.71, 121.7, 2.5, 239.0
20210401095302.78, 121.7, 2.5, 239.0
20210401095303.84, 121.7, 2.6, 234.0
20210401095305.01, 121.7, 2.6, 239.0
20210401095306.07, 121.7, 2.6, 239.0
20210401095307.13, 121.7, 2.6, 240.0
20210401095308.23, 121.7, 2.6, 240.0
20210401095309.29, 121.7, 2.6, 240.0
20210401095310.36, 121.7, 2.6, 240.0
20210401095311.42, 121.7, 2.6, 235.0
20210401095312.48, 121.7, 2.6, 235.0
20210401095313.55, 121.7, 2.6, 237.0
20210401095314.62, 121.7, 2.6, 237.0
20210401095315.68, 121.7, 2.6, 236.0
20210401095316.74, 121.7, 2.6, 236.0
20210401095317.79, 121.7, 2.5, 238.0
20210401095318.86, 121.7, 2.5, 238.0
20210401095319.93, 121.6, 2.5, 237.0
20210401095320.99, 121.6, 2.5, 237.0
20210401095322.06, 121.7, 2.5, 239.0
20210401095323.12, 121.7, 2.5, 239.0
20210401095324.19, 121.7, 2.5, 236.0
20210401095325.26, 121.7, 2.5, 236.0
20210401095326.31, 121.7, 2.5, 239.0
20210401095327.38, 121.7, 2.5, 239.0
20210401095328.45, 121.7, 2.5, 238.0
20210401095329.53, 121.7, 2.5, 238.0
20210401095330.59, 121.8, 2.5, 239.0
20210401095331.66, 121.8, 2.5, 239.0
20210401095332.72, 121.8, 2.7, 241.0
20210401095333.79, 121.8, 2.7, 241.0
20210401095334.86, 121.8, 2.7, 239.0
20210401095335.91, 121.8, 2.7, 239.0
20210401095336.97, 121.8, 2.7, 238.0
20210401095338.06, 121.8, 2.7, 238.0
20210401095339.15, 121.8, 2.7, 238.0
20210401095340.21, 121.8, 2.7, 238.0
20210401095341.27, 121.8, 2.7, 237.0
20210401095342.34, 121.8, 2.7, 237.0
20210401095343.41, 121.7, 2.7, 236.0
20210401095344.49, 121.7, 2.7, 236.0
20210401095345.54, 121.7, 2.7, 236.0
20210401095346.61, 121.7, 2.7, 236.0
20210401095347.67, 121.7, 2.7, 237.0
20210401095348.74, 121.7, 2.7, 237.0
20210401095349.81, 121.7, 2.5, 236.0
20210401095350.88, 121.7, 2.5, 237.0
20210401095352.03, 121.7, 2.5, 237.0
20210401095353.09, 121.6, 2.5, 235.0
20210401095354.16, 121.6, 2.5, 235.0
20210401095355.23, 121.2, 2.5, 237.0
20210401095356.3, 121.2, 2.5, 237.0
20210401095357.37, 121.2, 2.5, 233.0
20210401095358.44, 121.2, 2.5, 233.0
20210401095359.5, 121.2, 2.5, 238.0
20210401095400.56, 121.2, 2.5, 238.0
20210401095401.63, 121.2, 2.5, 237.0
20210401095402.7, 121.2, 2.5, 237.0
20210401095403.75, 121.1, 2.5, 236.0
20210401095404.82, 121.1, 2.5, 236.0
20210401095405.88, 121.2, 2.5, 236.0
20210401095406.93, 121.2, 2.5, 236.0
20210401095407.99, 121.2, 2.5, 237.0
20210401095409.06, 121.2, 2.5, 237.0
20210401095410.12, 121.2, 2.5, 236.0
20210401095411.18, 121.2, 2.5, 236.0
20210401095412.24, 121.3, 2.5, 240.0
20210401095413.3, 121.3, 2.5, 240.0
20210401095414.35, 121.3, 2.5, 239.0
20210401095415.41, 121.3, 2.5, 239.0
20210401095416.48, 121.2, 2.5, 238.0
20210401095417.55, 121.2, 2.5, 238.0
20210401095418.61, 121.2, 2.6, 237.0
20210401095419.69, 121.2, 2.6, 237.0
20210401095420.74, 121.2, 2.6, 236.0
20210401095421.81, 121.2, 2.6, 236.0
20210401095422.89, 121.2, 2.6, 241.0
20210401095423.96, 121.2, 2.6, 241.0
20210401095425.01, 121.2, 2.6, 234.0
20210401095426.08, 121.2, 2.6, 234.0
20210401095427.14, 121.2, 2.6, 238.0
20210401095428.21, 121.2, 2.6, 238.0
20210401095429.28, 121.2, 2.6, 235.0
20210401095430.34, 121.2, 2.6, 235.0
20210401095431.41, 121.3, 2.6, 236.0
20210401095432.48, 121.3, 2.6, 236.0
20210401095433.54, 121.3, 2.6, 238.0
20210401095434.61, 121.3, 2.6, 238.0
20210401095435.68, 121.3, 2.6, 237.0
20210401095436.75, 121.3, 2.6, 237.0
20210401095437.83, 121.3, 2.6, 234.0
20210401095438.89, 121.3, 2.6, 234.0
20210401095439.95, 121.3, 2.6, 234.0
20210401095441.02, 121.3, 2.6, 234.0
20210401095442.09, 121.3, 2.6, 236.0
20210401095443.25, 121.3, 2.6, 238.0
20210401095444.33, 121.3, 2.6, 238.0
20210401095445.39, 121.3, 2.6, 237.0
20210401095446.46, 121.3, 2.6, 237.0
20210401095447.52, 121.3, 2.6, 239.0
20210401095448.58, 121.3, 2.6, 239.0
20210401095449.64, 121.3, 2.5, 237.0
20210401095450.71, 121.3, 2.5, 237.0
20210401095451.77, 121.2, 2.5, 235.0
20210401095452.82, 121.2, 2.5, 235.0
20210401095453.89, 121.2, 2.5, 237.0
20210401095454.95, 121.2, 2.5, 237.0
20210401095456.01, 121.2, 2.5, 238.0
20210401095457.07, 121.2, 2.5, 238.0
20210401095458.13, 121.2, 2.5, 240.0
20210401095459.2, 121.2, 2.5, 240.0
20210401095500.28, 121.2, 2.5, 237.0
20210401095501.35, 121.2, 2.5, 237.0
20210401095502.42, 121.2, 2.5, 234.0
20210401095503.49, 121.2, 2.5, 234.0
20210401095504.56, 121.2, 2.5, 236.0
20210401095505.64, 121.2, 2.5, 236.0
20210401095506.7, 121.3, 2.5, 236.0
20210401095507.77, 121.3, 2.5, 236.0
20210401095508.82, 121.3, 2.5, 237.0
20210401095509.88, 121.3, 2.5, 237.0
20210401095510.95, 121.4, 2.5, 237.0
20210401095512.02, 121.4, 2.5, 237.0
20210401095513.09, 121.3, 2.5, 239.0
20210401095514.16, 121.3, 2.5, 239.0
20210401095515.22, 121.3, 2.5, 234.0
20210401095516.28, 121.3, 2.5, 234.0
20210401095517.35, 121.3, 2.5, 236.0
20210401095518.42, 121.3, 2.5, 236.0
20210401095519.47, 121.3, 2.5, 241.0
20210401095520.54, 121.3, 2.5, 241.0
20210401095521.61, 121.2, 2.5, 237.0
20210401095522.67, 121.2, 2.5, 237.0
20210401095523.75, 121.2, 2.5, 235.0
20210401095524.81, 121.2, 2.5, 235.0
20210401095525.88, 121.2, 2.5, 237.0
20210401095526.95, 121.2, 2.5, 237.0
20210401095528.02, 121.3, 2.5, 238.0
20210401095529.09, 121.3, 2.5, 238.0
20210401095530.16, 121.3, 2.5, 238.0
20210401095531.24, 121.3, 2.5, 240.0
20210401095532.39, 121.3, 2.5, 240.0
20210401095533.46, 121.3, 2.5, 238.0
20210401095534.51, 121.3, 2.5, 238.0
20210401095535.58, 121.3, 2.5, 237.0
20210401095536.65, 121.3, 2.5, 237.0
20210401095537.72, 121.3, 2.5, 236.0
20210401095538.79, 121.3, 2.5, 236.0
20210401095539.85, 121.3, 2.5, 236.0
20210401095540.93, 121.3, 2.5, 236.0
20210401095541.99, 121.2, 2.5, 238.0
20210401095543.06, 121.2, 2.5, 238.0
20210401095544.12, 121.2, 2.5, 239.0
20210401095545.2, 121.2, 2.5, 239.0
20210401095546.27, 121.2, 2.5, 236.0
20210401095547.35, 121.2, 2.5, 236.0
20210401095548.41, 121.2, 2.5, 240.0
20210401095549.48, 121.2, 2.5, 240.0
20210401095550.55, 121.2, 2.5, 237.0
20210401095551.62, 121.2, 2.5, 237.0
20210401095552.68, 121.2, 2.6, 236.0
20210401095553.74, 121.2, 2.6, 236.0
20210401095554.8, 121.2, 2.6, 239.0
20210401095555.86, 121.2, 2.6, 239.0
20210401095556.93, 121.2, 2.6, 236.0
20210401095558.0, 121.2, 2.6, 236.0
20210401095559.07, 121.2, 2.6, 237.0
20210401095600.14, 121.2, 2.6, 237.0
20210401095601.19, 121.2, 2.6, 238.0
20210401095602.27, 121.2, 2.6, 238.0
20210401095603.34, 121.1, 2.6, 236.0
20210401095604.41, 121.1, 2.6, 236.0
20210401095605.47, 121.1, 2.6, 237.0
20210401095606.55, 121.1, 2.6, 237.0
20210401095607.61, 121.2, 2.6, 238.0
20210401095608.68, 121.2, 2.6, 238.0
20210401095609.74, 121.2, 2.6, 237.0
20210401095610.79, 121.2, 2.6, 237.0
20210401095611.86, 121.2, 2.6, 236.0
20210401095612.92, 121.2, 2.6, 236.0
20210401095613.98, 121.1, 2.6, 234.0
20210401095615.05, 121.1, 2.6, 234.0
20210401095616.11, 121.2, 2.6, 237.0
20210401095617.16, 121.2, 2.6, 237.0
20210401095618.23, 121.2, 2.6, 236.0
20210401095619.3, 121.2, 2.6, 236.0
20210401095620.45, 121.2, 2.6, 236.0
20210401095621.52, 121.2, 2.6, 236.0
20210401095622.57, 121.2, 2.6, 236.0
20210401095623.62, 121.3, 2.6, 237.0
20210401095624.68, 121.3, 2.6, 237.0
20210401095625.74, 121.3, 2.6, 236.0
20210401095626.8, 121.3, 2.6, 236.0
20210401095627.86, 121.3, 2.6, 237.0
20210401095628.93, 121.3, 2.6, 237.0
20210401095630.0, 121.3, 2.6, 236.0
20210401095631.07, 121.3, 2.6, 236.0
20210401095632.12, 121.3, 2.6, 238.0
20210401095633.18, 121.3, 2.6, 238.0
20210401095634.25, 121.2, 2.6, 236.0
20210401095635.32, 121.2, 2.6, 236.0
20210401095636.38, 121.3, 2.5, 237.0
20210401095637.44, 121.3, 2.5, 237.0
20210401095638.5, 121.3, 2.5, 241.0
20210401095639.57, 121.3, 2.5, 241.0
20210401095640.64, 121.3, 2.5, 236.0
20210401095641.71, 121.3, 2.5, 236.0
20210401095642.78, 121.3, 2.5, 239.0
20210401095643.86, 121.3, 2.5, 239.0
20210401095644.93, 121.3, 2.5, 237.0
20210401095646.01, 121.3, 2.5, 237.0
20210401095647.06, 121.3, 2.5, 235.0
20210401095648.13, 121.3, 2.5, 235.0
20210401095649.2, 121.3, 2.5, 234.0
20210401095650.27, 121.3, 2.5, 234.0
20210401095651.33, 121.3, 2.5, 239.0
20210401095652.4, 121.3, 2.5, 239.0
20210401095653.45, 121.3, 2.5, 240.0
20210401095654.51, 121.3, 2.5, 240.0
20210401095655.56, 121.3, 2.5, 235.0
20210401095656.63, 121.3, 2.5, 235.0
20210401095657.69, 121.3, 2.5, 236.0
20210401095658.76, 121.3, 2.5, 236.0
20210401095659.83, 121.3, 2.5, 237.0
20210401095700.91, 121.3, 2.5, 237.0
20210401095701.98, 121.3, 2.5, 235.0
20210401095703.04, 121.3, 2.5, 235.0
20210401095704.11, 121.3, 2.5, 234.0
20210401095705.18, 121.3, 2.5, 234.0
20210401095706.23, 121.3, 2.5, 236.0
20210401095707.3, 121.3, 2.5, 236.0
20210401095708.36, 121.4, 2.5, 238.0
20210401095709.54, 121.3, 2.5, 236.0
20210401095710.61, 121.3, 2.5, 236.0
20210401095711.67, 121.3, 2.5, 234.0
20210401095712.73, 121.3, 2.5, 234.0
20210401095713.8, 121.3, 2.5, 239.0
20210401095714.88, 121.3, 2.5, 239.0
20210401095715.95, 121.3, 2.5, 236.0
20210401095717.0, 121.3, 2.5, 236.0
20210401095718.06, 121.3, 2.5, 236.0
20210401095719.12, 121.3, 2.5, 236.0
20210401095720.19, 121.3, 2.5, 238.0
20210401095721.24, 121.3, 2.5, 238.0
20210401095722.3, 121.3, 2.4000000000000004, 240.0
20210401095723.38, 121.3, 2.4000000000000004, 240.0
20210401095724.45, 121.2, 2.4000000000000004, 239.0
20210401095725.52, 121.2, 2.4000000000000004, 239.0
20210401095726.57, 121.3, 2.4000000000000004, 239.0
20210401095727.63, 121.3, 2.4000000000000004, 239.0
20210401095728.7, 121.3, 2.4000000000000004, 239.0
20210401095729.77, 121.3, 2.4000000000000004, 239.0
20210401095730.85, 121.2, 2.4000000000000004, 239.0
20210401095731.91, 121.2, 2.4000000000000004, 239.0
20210401095732.96, 121.2, 2.4000000000000004, 239.0
20210401095734.05, 121.2, 2.4000000000000004, 239.0
20210401095735.1, 121.2, 2.4000000000000004, 238.0
20210401095736.16, 121.2, 2.4000000000000004, 238.0
20210401095737.21, 121.2, 2.4000000000000004, 236.0
20210401095738.28, 121.2, 2.4000000000000004, 236.0
20210401095739.36, 121.2, 2.5, 236.0
20210401095740.41, 121.2, 2.5, 236.0
20210401095741.46, 121.2, 2.5, 234.0
20210401095742.53, 121.2, 2.5, 234.0
20210401095743.59, 121.2, 2.5, 237.0
20210401095744.66, 121.2, 2.5, 237.0
20210401095745.73, 121.2, 2.5, 235.0
20210401095746.78, 121.2, 2.5, 235.0
20210401095747.84, 121.2, 2.5, 237.0
20210401095748.92, 121.2, 2.5, 237.0
20210401095750.0, 121.3, 2.5, 239.0
20210401095751.06, 121.3, 2.5, 239.0
20210401095752.13, 121.3, 2.5, 238.0
20210401095753.2, 121.3, 2.5, 238.0
20210401095754.27, 121.3, 2.5, 236.0
20210401095755.33, 121.3, 2.5, 236.0
20210401095756.39, 121.4, 2.5, 234.0
20210401095757.46, 121.4, 2.5, 234.0
20210401095758.53, 121.4, 2.5, 236.0
20210401095759.59, 121.4, 2.5, 240.0
20210401095800.75, 121.4, 2.5, 240.0
20210401095801.8, 121.4, 2.5, 237.0
20210401095802.88, 121.4, 2.5, 237.0
20210401095803.95, 121.4, 2.5, 239.0
20210401095805.02, 121.4, 2.5, 239.0
20210401095806.09, 121.4, 2.5, 239.0
20210401095807.15, 121.4, 2.5, 239.0
20210401095808.22, 121.3, 2.5, 239.0
20210401095809.31, 121.3, 2.5, 239.0
20210401095810.38, 121.3, 2.5, 236.0
20210401095811.46, 121.3, 2.5, 236.0
20210401095812.53, 121.1, 2.5, 236.0
20210401095813.59, 121.1, 2.5, 236.0
20210401095814.66, 121.1, 2.5, 238.0
20210401095815.73, 121.1, 2.5, 238.0
20210401095816.79, 121.1, 2.5, 239.0
20210401095817.86, 121.1, 2.5, 239.0
20210401095818.93, 121.2, 2.5, 240.0
20210401095820.0, 121.2, 2.5, 240.0
20210401095821.08, 121.2, 2.5, 238.0
20210401095822.14, 121.2, 2.5, 238.0
20210401095823.21, 121.2, 2.5, 237.0
20210401095824.28, 121.2, 2.5, 237.0
20210401095825.33, 121.2, 2.5, 239.0
20210401095826.38, 121.2, 2.5, 239.0
20210401095827.43, 121.3, 2.5, 237.0
20210401095828.5, 121.3, 2.5, 237.0
20210401095829.57, 121.3, 2.5, 240.0
20210401095830.66, 121.3, 2.5, 240.0
20210401095831.71, 121.3, 2.5, 237.0
20210401095832.78, 121.3, 2.5, 237.0
20210401095833.85, 121.3, 2.5, 237.0
20210401095834.91, 121.3, 2.5, 237.0
20210401095835.98, 121.3, 2.5, 237.0
20210401095837.05, 121.3, 2.5, 237.0
20210401095838.1, 121.2, 2.5, 235.0
20210401095839.16, 121.2, 2.5, 235.0
20210401095840.21, 121.2, 2.5, 238.0
20210401095841.27, 121.2, 2.5, 238.0
20210401095842.34, 121.2, 2.5, 234.0
20210401095843.4, 121.2, 2.5, 234.0
20210401095844.46, 121.2, 2.5, 236.0
20210401095845.54, 121.2, 2.5, 236.0
20210401095846.58, 121.3, 2.5, 234.0
20210401095847.64, 121.3, 2.5, 234.0
20210401095848.7, 121.3, 2.5, 240.0
20210401095849.77, 121.2, 2.5, 241.0
20210401095850.91, 121.2, 2.5, 241.0
20210401095851.98, 121.3, 2.5, 235.0
20210401095853.05, 121.3, 2.5, 235.0
20210401095854.12, 121.3, 2.4000000000000004, 239.0
20210401095855.19, 121.3, 2.4000000000000004, 239.0
20210401095856.25, 121.3, 2.4000000000000004, 236.0
20210401095857.32, 121.3, 2.4000000000000004, 236.0
20210401095858.39, 121.3, 2.4000000000000004, 238.0
20210401095859.47, 121.3, 2.4000000000000004, 238.0
20210401095900.55, 121.3, 2.4000000000000004, 235.0
20210401095901.62, 121.3, 2.4000000000000004, 235.0
20210401095902.69, 121.3, 2.4000000000000004, 235.0
20210401095903.76, 121.3, 2.4000000000000004, 235.0
20210401095904.83, 121.3, 2.4000000000000004, 239.0
20210401095905.9, 121.3, 2.4000000000000004, 239.0
20210401095906.97, 121.3, 2.4000000000000004, 235.0
20210401095908.04, 121.3, 2.4000000000000004, 235.0
20210401095909.1, 121.3, 2.4000000000000004, 236.0
20210401095910.15, 121.3, 2.4000000000000004, 236.0
20210401095911.22, 121.3, 2.4000000000000004, 237.0
20210401095912.29, 121.3, 2.4000000000000004, 237.0
20210401095913.36, 121.3, 2.4000000000000004, 237.0
20210401095914.42, 121.3, 2.4000000000000004, 237.0
20210401095915.49, 121.3, 2.4000000000000004, 233.0
20210401095916.55, 121.3, 2.4000000000000004, 233.0
20210401095917.62, 121.3, 2.4000000000000004, 238.0
20210401095918.69, 121.3, 2.4000000000000004, 238.0
20210401095919.75, 121.3, 2.4000000000000004, 237.0
20210401095920.82, 121.3, 2.4000000000000004, 237.0
20210401095921.89, 121.2, 2.4000000000000004, 237.0
20210401095922.95, 121.2, 2.4000000000000004, 237.0
20210401095924.01, 121.3, 2.4000000000000004, 235.0
20210401095925.07, 121.3, 2.4000000000000004, 235.0
20210401095926.14, 121.3, 2.4000000000000004, 239.0
20210401095927.21, 121.3, 2.4000000000000004, 239.0
20210401095928.28, 121.2, 2.4000000000000004, 237.0
20210401095929.36, 121.2, 2.4000000000000004, 237.0
20210401095930.42, 121.2, 2.4000000000000004, 236.0
20210401095931.49, 121.2, 2.4000000000000004, 236.0
20210401095932.55, 121.1, 2.4000000000000004, 236.0
20210401095933.62, 121.1, 2.4000000000000004, 236.0
20210401095934.68, 121.1, 2.4000000000000004, 236.0
20210401095935.77, 121.1, 2.4000000000000004, 236.0
20210401095936.83, 121.1, 2.4000000000000004, 237.0
20210401095937.9, 121.1, 2.4000000000000004, 237.0
20210401095938.97, 121.2, 2.4000000000000004, 237.0
20210401095940.04, 121.2, 2.4000000000000004, 237.0
20210401095941.09, 121.2, 2.5, 237.0
20210401095942.15, 121.2, 2.5, 237.0
20210401095943.22, 121.2, 2.5, 241.0
20210401095944.3, 121.2, 2.5, 241.0
20210401095945.37, 121.2, 2.5, 238.0
20210401095946.44, 121.2, 2.5, 238.0
20210401095947.5, 121.2, 2.5, 232.0
20210401095948.55, 121.2, 2.5, 232.0
20210401095949.62, 121.1, 2.5, 236.0
20210401095950.68, 121.1, 2.5, 236.0
20210401095951.74, 121.1, 2.5, 236.0
20210401095952.82, 121.1, 2.5, 236.0
20210401095953.89, 121.1, 2.5, 237.0
20210401095954.96, 121.1, 2.5, 237.0
20210401095956.04, 121.1, 2.6, 237.0
20210401095957.11, 121.1, 2.6, 237.0
20210401095958.18, 121.1, 2.6, 238.0
20210401095959.25, 121.1, 2.6, 238.0
