time,voltage,current,power
20210330141747.07, 122.0, 2.7, 240.0
20210330141748.24, 122.0, 2.7, 240.0
20210330141749.29, 122.0, 2.7, 241.0
20210330141750.36, 122.0, 2.7, 241.0
20210330141751.46, 122.0, 2.7, 240.0
20210330141752.58, 122.0, 2.7, 240.0
20210330141753.67, 121.9, 2.7, 239.0
20210330141754.73, 121.9, 2.7, 239.0
20210330141755.8, 122.0, 2.7, 237.0
20210330141756.93, 122.0, 2.7, 237.0
20210330141758.05, 122.0, 2.7, 240.0
20210330141759.12, 122.0, 2.7, 240.0
20210330141800.17, 121.9, 2.6, 241.0
20210330141801.22, 121.9, 2.6, 241.0
20210330141802.31, 121.9, 2.6, 237.0
20210330141803.39, 121.9, 2.6, 237.0
20210330141804.44, 121.9, 2.6, 237.0
20210330141805.5, 121.9, 2.6, 237.0
20210330141806.62, 121.9, 2.6, 237.0
20210330141807.71, 121.9, 2.6, 237.0
20210330141808.77, 121.9, 2.6, 237.0
20210330141809.87, 121.9, 2.6, 237.0
20210330141810.99, 122.0, 2.6, 239.0
20210330141812.1, 122.0, 2.6, 239.0
20210330141813.16, 122.0, 2.6, 240.0
20210330141814.24, 122.0, 2.6, 240.0
20210330141815.29, 122.0, 2.5, 240.0
20210330141816.41, 122.0, 2.5, 237.0
20210330141817.56, 122.0, 2.5, 237.0
20210330141818.69, 122.0, 2.5, 239.0
20210330141819.75, 122.0, 2.5, 239.0
20210330141820.82, 121.9, 2.5, 236.0
20210330141821.96, 121.9, 2.5, 236.0
20210330141823.05, 121.9, 2.5, 240.0
20210330141824.12, 121.9, 2.5, 240.0
20210330141825.18, 121.9, 2.5, 241.0
20210330141826.29, 121.9, 2.5, 241.0
20210330141827.38, 121.9, 2.5, 241.0
20210330141828.49, 121.9, 2.5, 241.0
20210330141829.55, 122.0, 2.6, 241.0
20210330141830.7, 122.0, 2.6, 241.0
20210330141831.75, 122.0, 2.6, 240.0
20210330141832.9, 122.0, 2.6, 240.0
20210330141834.0, 121.9, 2.6, 242.0
20210330141835.29, 122.0, 2.6, 239.0
20210330141836.36, 122.0, 2.6, 239.0
20210330141837.41, 121.9, 2.6, 242.0
20210330141838.51, 121.9, 2.6, 242.0
20210330141839.6, 121.9, 2.6, 242.0
20210330141840.74, 121.9, 2.6, 242.0
20210330141841.85, 121.9, 2.6, 237.0
20210330141842.9, 121.9, 2.6, 237.0
20210330141844.02, 121.9, 2.6, 236.0
20210330141845.1, 121.9, 2.6, 236.0
20210330141846.19, 121.9, 2.6, 241.0
20210330141847.32, 121.9, 2.6, 241.0
20210330141848.37, 121.9, 2.6, 240.0
20210330141849.45, 121.9, 2.6, 240.0
20210330141850.54, 122.0, 2.6, 239.0
20210330141851.65, 122.0, 2.6, 239.0
20210330141852.76, 122.0, 2.6, 239.0
20210330141853.86, 122.0, 2.6, 239.0
20210330141854.91, 122.0, 2.6, 237.0
20210330141856.21, 122.0, 2.6, 240.0
20210330141857.28, 122.0, 2.6, 240.0
20210330142732.27, 121.9, 2.7, 237.0
20210330142733.33, 121.9, 2.7, 237.0
20210330142734.39, 121.9, 2.7, 238.0
20210330142735.46, 121.9, 2.7, 238.0
20210330142736.56, 121.9, 2.7, 243.0
20210330142737.63, 121.9, 2.7, 243.0
20210330142738.71, 121.9, 2.7, 237.0
20210330142739.76, 121.9, 2.7, 237.0
20210330142740.82, 121.9, 2.5, 238.0
20210330142741.89, 121.9, 2.5, 238.0
20210330142742.94, 121.9, 2.5, 242.0
20210330142743.98, 121.9, 2.5, 242.0
20210330142745.04, 121.9, 2.5, 242.0
20210330142746.11, 121.9, 2.5, 242.0
20210330142747.16, 121.9, 2.5, 239.0
20210330142748.22, 121.9, 2.5, 239.0
20210330142749.28, 121.9, 2.5, 242.0
20210330142750.35, 121.9, 2.5, 242.0
20210330142751.39, 121.9, 2.5, 237.0
20210330142752.46, 121.9, 2.5, 237.0
20210330142753.51, 121.9, 2.5, 239.0
20210330142754.57, 121.9, 2.5, 239.0
20210330142755.64, 122.0, 2.7, 241.0
20210330142756.7, 122.0, 2.7, 241.0
20210330142757.75, 121.9, 2.7, 242.0
20210330142758.8, 121.9, 2.7, 242.0
20210330142759.88, 121.9, 2.7, 242.0
20210330142800.93, 121.9, 2.7, 242.0
20210330142801.99, 121.9, 2.7, 234.0
20210330142803.07, 121.9, 2.7, 234.0
20210330142804.12, 122.0, 2.7, 237.0
20210330142805.19, 122.0, 2.7, 237.0
20210330142806.25, 122.0, 2.7, 237.0
20210330142807.31, 122.0, 2.7, 237.0
20210330142808.38, 122.0, 2.7, 242.0
20210330142809.43, 122.0, 2.7, 242.0
20210330142810.5, 122.0, 2.7, 241.0
20210330142811.57, 122.0, 2.7, 241.0
20210330142812.62, 122.0, 2.6, 240.0
20210330142813.68, 122.0, 2.6, 240.0
20210330142814.73, 122.0, 2.6, 238.0
20210330142815.8, 122.0, 2.6, 238.0
20210330142816.86, 122.0, 2.6, 241.0
20210330142817.91, 122.0, 2.6, 241.0
20210330142818.96, 122.0, 2.6, 240.0
20210330142820.04, 122.0, 2.6, 240.0
20210330142821.1, 122.0, 2.6, 240.0
20210330142822.15, 122.0, 2.6, 240.0
20210330142823.22, 121.9, 2.6, 236.0
20210330142824.29, 121.9, 2.6, 236.0
20210330142825.41, 121.9, 2.6, 240.0
20210330142826.48, 121.9, 2.6, 240.0
20210330142827.53, 121.9, 2.7, 240.0
20210330142828.59, 121.9, 2.7, 239.0
20210330142829.73, 121.9, 2.7, 239.0
20210330142830.8, 121.9, 2.7, 237.0
20210330142831.86, 121.9, 2.7, 237.0
20210330142832.92, 121.9, 2.7, 240.0
20210330142833.97, 121.9, 2.7, 240.0
20210330142835.04, 121.9, 2.7, 238.0
20210330142836.11, 121.9, 2.7, 238.0
20210330142837.16, 122.0, 2.7, 241.0
20210330142838.22, 122.0, 2.7, 241.0
20210330142839.27, 121.9, 2.7, 237.0
20210330142840.34, 121.9, 2.7, 237.0
20210330142841.4, 121.9, 2.7, 240.0
20210330142842.46, 121.9, 2.7, 240.0
20210330142843.5, 122.0, 2.7, 239.0
20210330142844.57, 122.0, 2.7, 239.0
20210330142845.61, 122.0, 2.7, 236.0
20210330142846.68, 122.0, 2.7, 236.0
20210330142847.74, 122.0, 2.7, 240.0
20210330142848.8, 122.0, 2.7, 240.0
20210330142849.85, 122.0, 2.7, 243.0
20210330142850.91, 122.0, 2.7, 243.0
20210330142851.96, 122.1, 2.7, 237.0
20210330142853.02, 122.1, 2.7, 237.0
20210330142854.09, 122.0, 2.7, 242.0
20210330142855.15, 122.0, 2.7, 242.0
20210330142856.2, 122.0, 2.7, 238.0
20210330142857.26, 122.0, 2.7, 238.0
20210330142858.3, 121.9, 2.7, 239.0
20210330142859.36, 121.9, 2.7, 239.0
20210330142900.43, 121.9, 2.7, 238.0
20210330142901.49, 121.9, 2.7, 238.0
20210330142902.55, 121.9, 2.7, 237.0
20210330142903.61, 121.9, 2.7, 237.0
20210330142904.67, 121.8, 2.7, 239.0
20210330142905.75, 121.8, 2.7, 239.0
20210330142906.8, 121.8, 2.7, 239.0
20210330142907.86, 121.8, 2.7, 239.0
20210330142908.91, 121.8, 2.7, 238.0
20210330142909.98, 121.8, 2.7, 238.0
20210330142911.04, 121.8, 2.7, 242.0
20210330142912.11, 121.8, 2.7, 242.0
20210330142913.16, 121.8, 2.7, 241.0
20210330142914.23, 121.8, 2.7, 241.0
20210330142915.29, 121.8, 2.6, 240.0
20210330142916.36, 121.8, 2.6, 240.0
20210330142917.41, 121.8, 2.6, 240.0
20210330142918.48, 121.8, 2.6, 240.0
20210330142919.56, 121.8, 2.6, 239.0
20210330142920.61, 121.8, 2.6, 239.0
20210330142921.66, 121.8, 2.6, 239.0
20210330142922.73, 121.8, 2.6, 239.0
20210330142923.79, 121.9, 2.6, 238.0
20210330142924.84, 121.9, 2.6, 238.0
20210330142925.9, 121.9, 2.6, 239.0
20210330142926.96, 121.9, 2.6, 239.0
20210330142928.02, 122.0, 2.6, 239.0
20210330142929.08, 122.0, 2.6, 239.0
20210330142930.15, 121.9, 2.6, 244.0
20210330142931.2, 121.9, 2.6, 244.0
20210330142932.27, 122.0, 2.6, 241.0
20210330142933.32, 122.0, 2.6, 241.0
20210330142934.39, 122.0, 2.6, 236.0
20210330142935.45, 122.0, 2.6, 236.0
20210330142936.51, 122.1, 2.6, 242.0
20210330142937.58, 122.1, 2.6, 239.0
20210330142938.73, 122.0, 2.6, 239.0
20210330142939.81, 122.0, 2.6, 241.0
20210330142940.88, 122.0, 2.6, 241.0
20210330142941.93, 121.9, 2.6, 242.0
20210330142942.99, 121.9, 2.6, 242.0
20210330142944.05, 121.9, 2.6, 241.0
20210330142945.12, 121.9, 2.6, 241.0
20210330142946.17, 121.9, 2.5, 242.0
20210330142947.23, 121.9, 2.5, 242.0
20210330142948.28, 121.9, 2.5, 240.0
20210330142949.34, 121.9, 2.5, 240.0
20210330142950.4, 121.9, 2.5, 239.0
20210330142951.46, 121.9, 2.5, 239.0
20210330142952.52, 122.0, 2.5, 240.0
20210330142953.58, 122.0, 2.5, 240.0
20210330142954.64, 122.0, 2.5, 244.0
20210330142955.69, 122.0, 2.5, 244.0
20210330142956.75, 121.9, 2.5, 242.0
20210330142957.81, 121.9, 2.5, 242.0
20210330142958.91, 121.9, 2.5, 240.0
20210330142959.96, 121.9, 2.5, 240.0
20210330143001.03, 121.9, 2.7, 237.0
20210330143002.1, 121.9, 2.7, 237.0
20210330143003.16, 121.8, 2.7, 241.0
20210330143004.21, 121.8, 2.7, 241.0
20210330143005.27, 121.8, 2.7, 242.0
20210330143006.33, 121.8, 2.7, 242.0
20210330143007.38, 121.8, 2.7, 240.0
20210330143008.45, 121.8, 2.7, 240.0
20210330143009.5, 121.9, 2.7, 241.0
20210330143010.57, 121.9, 2.7, 241.0
20210330143011.62, 121.9, 2.7, 238.0
20210330143012.68, 121.9, 2.7, 238.0
20210330143013.75, 121.9, 2.7, 237.0
20210330143014.81, 121.9, 2.7, 237.0
20210330143015.86, 122.0, 2.7, 242.0
20210330143016.92, 122.0, 2.7, 242.0
20210330143017.97, 122.0, 2.7, 243.0
20210330143019.04, 122.0, 2.7, 243.0
20210330143020.1, 122.1, 2.7, 240.0
20210330143021.17, 122.1, 2.7, 240.0
20210330143022.25, 122.1, 2.7, 242.0
20210330143023.32, 122.1, 2.7, 242.0
20210330143024.38, 122.0, 2.7, 241.0
20210330143025.46, 122.0, 2.7, 241.0
20210330143026.52, 122.0, 2.7, 241.0
20210330143027.58, 122.0, 2.7, 241.0
20210330143028.65, 122.0, 2.7, 239.0
20210330143029.73, 122.0, 2.7, 239.0
20210330143030.8, 122.0, 2.7, 241.0
20210330143031.87, 122.0, 2.7, 241.0
20210330143032.94, 122.0, 2.7, 239.0
20210330143034.11, 122.0, 2.7, 242.0
20210330143035.18, 122.0, 2.7, 242.0
20210330143036.24, 121.9, 2.7, 239.0
20210330143037.3, 121.9, 2.7, 239.0
20210330143038.38, 121.9, 2.7, 243.0
20210330143039.43, 121.9, 2.7, 243.0
20210330143040.5, 121.9, 2.7, 243.0
20210330143041.57, 121.9, 2.7, 243.0
20210330143042.64, 121.9, 2.7, 238.0
20210330143043.72, 121.9, 2.7, 238.0
20210330143044.79, 121.9, 2.7, 240.0
20210330143045.85, 121.9, 2.7, 240.0
20210330143046.9, 121.8, 2.7, 237.0
20210330143047.96, 121.8, 2.7, 237.0
20210330143049.03, 122.0, 2.7, 242.0
20210330143050.09, 122.0, 2.7, 242.0
20210330143051.15, 121.9, 2.7, 237.0
20210330143052.21, 121.9, 2.7, 237.0
20210330143053.28, 121.9, 2.7, 243.0
20210330143054.34, 121.9, 2.7, 243.0
20210330143055.41, 121.9, 2.7, 239.0
20210330143056.47, 121.9, 2.7, 239.0
20210330143057.53, 121.9, 2.7, 237.0
20210330143058.61, 121.9, 2.7, 237.0
20210330143059.67, 122.0, 2.7, 242.0
20210330143100.73, 122.0, 2.7, 242.0
20210330143101.78, 121.9, 2.6, 240.0
20210330143102.84, 121.9, 2.6, 240.0
20210330143103.9, 121.9, 2.6, 240.0
20210330143104.97, 121.9, 2.6, 240.0
20210330143106.03, 122.0, 2.6, 237.0
20210330143107.09, 122.0, 2.6, 237.0
20210330143108.14, 122.0, 2.6, 239.0
20210330143109.2, 122.0, 2.6, 239.0
20210330143110.26, 122.0, 2.6, 241.0
20210330143111.32, 122.0, 2.6, 241.0
20210330143112.39, 122.0, 2.6, 238.0
20210330143113.45, 122.0, 2.6, 238.0
20210330143114.51, 122.0, 2.6, 239.0
20210330143115.58, 122.0, 2.6, 239.0
20210330143116.65, 122.0, 2.5, 241.0
20210330143117.72, 122.0, 2.5, 241.0
20210330143118.78, 122.0, 2.5, 237.0
20210330143119.86, 122.0, 2.5, 237.0
20210330143120.93, 122.1, 2.5, 241.0
20210330143122.01, 122.1, 2.5, 241.0
20210330143123.07, 122.1, 2.5, 242.0
20210330143124.14, 122.1, 2.5, 239.0
20210330143125.31, 122.0, 2.5, 239.0
20210330143126.37, 122.0, 2.5, 242.0
20210330143127.45, 122.0, 2.5, 242.0
20210330143128.5, 122.0, 2.5, 241.0
20210330143129.58, 122.0, 2.5, 241.0
20210330143130.66, 122.0, 2.6, 237.0
20210330143131.72, 122.0, 2.6, 237.0
20210330143132.79, 122.0, 2.6, 242.0
20210330143133.86, 122.0, 2.6, 242.0
20210330143134.92, 122.0, 2.6, 242.0
20210330143136.0, 122.0, 2.6, 242.0
20210330143137.06, 122.0, 2.6, 237.0
20210330143138.12, 122.0, 2.6, 237.0
20210330143139.19, 121.9, 2.6, 242.0
20210330143140.27, 121.9, 2.6, 242.0
20210330143141.34, 121.9, 2.6, 242.0
20210330143142.4, 121.9, 2.6, 242.0
20210330143143.47, 121.9, 2.6, 239.0
20210330143144.54, 121.9, 2.6, 239.0
20210330143145.61, 121.9, 2.6, 240.0
20210330143146.67, 121.9, 2.6, 240.0
20210330143147.73, 122.0, 2.7, 242.0
20210330143148.82, 122.0, 2.7, 242.0
20210330143149.89, 121.9, 2.7, 242.0
20210330143150.97, 121.9, 2.7, 242.0
20210330143152.04, 122.0, 2.7, 241.0
20210330143153.1, 122.0, 2.7, 241.0
20210330143154.16, 122.0, 2.7, 240.0
20210330143155.25, 122.0, 2.7, 240.0
20210330143156.32, 122.0, 2.7, 240.0
20210330143157.39, 122.0, 2.7, 240.0
20210330143158.45, 122.0, 2.7, 239.0
20210330143159.52, 122.0, 2.7, 239.0
20210330143200.6, 122.1, 2.7, 237.0
20210330143201.66, 122.1, 2.7, 237.0
20210330143202.73, 122.1, 2.6, 242.0
20210330143203.8, 122.1, 2.6, 242.0
20210330143204.87, 122.0, 2.6, 239.0
20210330143205.94, 122.1, 2.6, 237.0
20210330143207.08, 122.1, 2.6, 237.0
20210330143208.15, 122.0, 2.6, 240.0
20210330143209.21, 122.0, 2.6, 240.0
20210330143210.28, 122.0, 2.6, 239.0
20210330143211.34, 122.0, 2.6, 239.0
20210330143212.42, 122.0, 2.6, 241.0
20210330143213.49, 122.0, 2.6, 241.0
20210330143214.55, 122.0, 2.6, 239.0
20210330143215.62, 122.0, 2.6, 239.0
20210330143216.7, 122.0, 2.7, 239.0
20210330143217.77, 122.0, 2.7, 239.0
20210330143218.83, 122.0, 2.7, 239.0
20210330143219.91, 122.0, 2.7, 239.0
20210330143220.97, 122.0, 2.7, 235.0
20210330143222.04, 122.0, 2.7, 235.0
20210330143223.1, 121.9, 2.7, 237.0
20210330143224.18, 121.9, 2.7, 237.0
20210330143225.24, 122.0, 2.7, 239.0
20210330143226.31, 122.0, 2.7, 239.0
20210330143227.38, 121.9, 2.7, 240.0
20210330143228.46, 121.9, 2.7, 240.0
20210330143229.52, 122.0, 2.7, 240.0
20210330143230.61, 122.0, 2.7, 240.0
20210330143231.67, 122.0, 2.7, 237.0
20210330143232.75, 122.0, 2.7, 237.0
20210330143233.82, 122.0, 2.7, 242.0
20210330143234.88, 122.0, 2.7, 242.0
20210330143235.93, 122.0, 2.7, 239.0
20210330143237.0, 122.0, 2.7, 239.0
20210330143238.05, 122.0, 2.7, 243.0
20210330143239.11, 122.0, 2.7, 243.0
20210330143240.18, 122.0, 2.7, 240.0
20210330143241.26, 122.0, 2.7, 240.0
20210330143242.34, 122.0, 2.7, 238.0
20210330143243.39, 122.0, 2.7, 238.0
20210330143244.45, 122.0, 2.7, 240.0
20210330143245.5, 122.0, 2.7, 240.0
20210330143246.57, 122.0, 2.7, 242.0
20210330143247.63, 122.0, 2.7, 242.0
20210330143248.7, 122.1, 2.7, 238.0
20210330143249.76, 122.1, 2.7, 238.0
20210330143250.82, 122.0, 2.7, 243.0
20210330143251.88, 122.0, 2.7, 243.0
20210330143252.94, 122.0, 2.7, 239.0
20210330143254.02, 122.0, 2.7, 239.0
20210330143255.17, 122.0, 2.7, 239.0
20210330143256.23, 122.0, 2.7, 239.0
20210330143257.3, 122.0, 2.7, 239.0
20210330143258.36, 122.0, 2.7, 240.0
20210330143259.44, 122.0, 2.7, 240.0
20210330143300.5, 122.0, 2.7, 239.0
20210330143301.57, 122.0, 2.7, 239.0
20210330143302.62, 122.0, 2.6, 243.0
20210330143303.68, 122.0, 2.6, 243.0
20210330143304.74, 122.0, 2.6, 239.0
20210330143305.82, 122.0, 2.6, 239.0
20210330143306.88, 122.0, 2.6, 242.0
20210330143307.95, 122.0, 2.6, 242.0
20210330143309.01, 122.0, 2.6, 238.0
20210330143310.07, 122.0, 2.6, 238.0
20210330143311.13, 122.0, 2.6, 237.0
20210330143312.2, 122.0, 2.6, 237.0
20210330143313.28, 122.0, 2.6, 239.0
20210330143314.34, 122.0, 2.6, 239.0
20210330143315.4, 121.9, 2.6, 240.0
20210330143316.48, 121.9, 2.6, 240.0
20210330143317.53, 121.9, 2.6, 244.0
20210330143318.6, 121.9, 2.6, 244.0
20210330143319.67, 122.0, 2.6, 240.0
20210330143320.75, 122.0, 2.6, 240.0
20210330143321.82, 121.9, 2.6, 237.0
20210330143322.88, 121.9, 2.6, 237.0
20210330143323.96, 121.9, 2.6, 245.0
20210330143325.04, 121.9, 2.6, 245.0
20210330143326.11, 122.1, 2.6, 243.0
20210330143327.18, 122.1, 2.6, 243.0
20210330143328.26, 122.0, 2.6, 241.0
20210330143329.32, 122.0, 2.6, 241.0
20210330143330.39, 122.1, 2.6, 239.0
20210330143331.47, 122.1, 2.6, 239.0
20210330143332.54, 122.0, 2.6, 242.0
20210330143333.6, 122.0, 2.6, 242.0
20210330143334.66, 122.0, 2.6, 242.0
20210330143335.72, 122.0, 2.6, 242.0
20210330143336.79, 121.9, 2.6, 239.0
20210330143337.87, 121.9, 2.6, 239.0
20210330143338.93, 121.9, 2.6, 240.0
20210330143340.11, 121.9, 2.6, 241.0
20210330143341.17, 121.9, 2.6, 241.0
20210330143342.22, 122.0, 2.6, 239.0
20210330143343.29, 122.0, 2.6, 239.0
20210330143344.35, 122.0, 2.6, 238.0
20210330143345.41, 122.0, 2.6, 238.0
20210330143346.47, 122.0, 2.6, 239.0
20210330143347.53, 122.0, 2.6, 239.0
20210330143348.59, 122.0, 2.5, 245.0
20210330143349.66, 122.0, 2.5, 245.0
20210330143350.72, 122.0, 2.5, 237.0
20210330143351.79, 122.0, 2.5, 237.0
20210330143352.84, 121.9, 2.5, 239.0
20210330143353.91, 121.9, 2.5, 239.0
20210330143354.97, 122.0, 2.5, 237.0
20210330143356.04, 122.0, 2.5, 237.0
20210330143357.08, 122.0, 2.5, 238.0
20210330143358.14, 122.0, 2.5, 238.0
20210330143359.2, 121.9, 2.5, 238.0
20210330143400.27, 121.9, 2.5, 238.0
20210330143401.34, 122.0, 2.5, 237.0
20210330143402.41, 122.0, 2.5, 237.0
20210330143403.47, 121.9, 2.5, 243.0
20210330143404.53, 121.9, 2.5, 243.0
20210330143405.59, 121.9, 2.7, 237.0
20210330143406.66, 121.9, 2.7, 237.0
20210330143407.72, 122.0, 2.7, 245.0
20210330143408.79, 122.0, 2.7, 245.0
20210330143409.86, 122.0, 2.7, 280.0
20210330143410.93, 122.0, 2.7, 280.0
20210330143411.98, 122.0, 2.7, 281.0
20210330143413.05, 122.0, 2.7, 281.0
20210330143414.12, 122.0, 2.7, 283.0
20210330143415.19, 122.0, 2.7, 283.0
20210330143416.26, 122.0, 2.7, 285.0
20210330143417.34, 122.0, 2.7, 285.0
20210330143418.41, 122.0, 2.7, 381.0
20210330143419.47, 122.0, 2.7, 381.0
20210330143420.54, 122.0, 6.5, 433.0
20210330143421.6, 122.0, 6.5, 433.0
20210330143422.66, 122.1, 6.5, 434.0
20210330143423.74, 122.1, 6.5, 434.0
20210330143424.8, 122.0, 6.5, 431.0
20210330143425.88, 122.0, 6.5, 431.0
20210330143426.93, 121.9, 6.5, 430.0
20210330143428.0, 121.9, 6.5, 430.0
20210330143429.07, 121.9, 6.5, 432.0
20210330143430.15, 121.9, 6.5, 432.0
20210330143431.2, 121.9, 6.5, 450.0
20210330143432.29, 121.9, 6.5, 436.0
20210330143433.44, 121.9, 6.5, 436.0
20210330143434.51, 121.9, 4.9, 436.0
20210330143435.59, 121.9, 4.9, 436.0
20210330143436.65, 121.9, 4.9, 378.0
20210330143437.73, 121.9, 4.9, 378.0
20210330143438.8, 122.0, 4.9, 377.0
20210330143439.86, 122.0, 4.9, 377.0
20210330143440.93, 122.0, 4.9, 379.0
20210330143442.0, 122.0, 4.9, 379.0
20210330143443.08, 122.0, 4.9, 377.0
20210330143444.16, 122.0, 4.9, 377.0
20210330143445.22, 122.0, 4.9, 378.0
20210330143446.3, 122.0, 4.9, 378.0
20210330143447.36, 122.1, 4.9, 435.0
20210330143448.44, 122.1, 4.9, 435.0
20210330143449.51, 122.1, 4.9, 437.0
20210330143450.59, 122.1, 4.9, 437.0
20210330143451.64, 122.0, 4.9, 434.0
20210330143452.71, 122.0, 4.9, 434.0
20210330143453.78, 122.0, 4.9, 435.0
20210330143454.85, 122.0, 4.9, 435.0
20210330143455.92, 122.0, 4.9, 433.0
20210330143457.0, 122.0, 4.9, 433.0
20210330143458.05, 122.0, 4.9, 435.0
20210330143459.13, 122.0, 4.9, 435.0
20210330143500.2, 122.0, 4.9, 450.0
20210330143501.26, 122.0, 4.9, 450.0
20210330143502.31, 121.9, 4.9, 437.0
20210330143503.38, 121.9, 4.9, 437.0
20210330143504.46, 122.0, 4.9, 443.0
20210330143505.52, 122.0, 4.9, 443.0
20210330143506.59, 121.9, 5.0, 437.0
20210330143507.66, 121.9, 5.0, 437.0
20210330143508.73, 121.9, 5.0, 435.0
20210330143509.81, 121.9, 5.0, 435.0
20210330143510.88, 121.9, 5.0, 439.0
20210330143511.95, 121.9, 5.0, 439.0
20210330143513.02, 121.9, 5.0, 453.0
20210330143514.08, 121.9, 5.0, 436.0
20210330143515.24, 121.9, 5.0, 436.0
20210330143516.3, 121.9, 5.0, 434.0
20210330143517.38, 121.9, 5.0, 434.0
20210330143518.45, 122.0, 5.0, 438.0
20210330143519.52, 122.0, 5.0, 438.0
20210330143520.59, 122.0, 5.0, 439.0
20210330143521.66, 122.0, 5.0, 439.0
20210330143522.73, 121.8, 5.0, 435.0
20210330143523.79, 121.8, 5.0, 435.0
20210330143524.86, 121.9, 5.0, 582.0
20210330143525.93, 121.9, 5.0, 582.0
20210330143527.0, 121.9, 5.0, 436.0
20210330143528.07, 121.9, 5.0, 436.0
20210330143529.14, 121.9, 5.0, 434.0
20210330143530.21, 121.9, 5.0, 434.0
20210330143531.27, 122.0, 5.0, 436.0
20210330143532.34, 122.0, 5.0, 436.0
20210330143533.41, 122.1, 5.0, 438.0
20210330143534.48, 122.1, 5.0, 438.0
20210330143535.55, 122.0, 5.0, 732.0
20210330143536.61, 122.0, 5.0, 732.0
20210330143537.66, 122.0, 10.7, 772.0
20210330143538.73, 122.0, 10.7, 772.0
20210330143539.79, 122.0, 10.7, 442.0
20210330143540.87, 122.0, 10.7, 442.0
20210330143541.95, 122.0, 10.7, 440.0
20210330143543.02, 122.0, 10.7, 440.0
20210330143544.09, 122.0, 10.7, 441.0
20210330143545.15, 122.0, 10.7, 441.0
20210330143546.22, 122.0, 10.7, 438.0
20210330143547.3, 122.0, 10.7, 438.0
20210330143548.38, 122.0, 10.7, 443.0
20210330143549.48, 122.0, 10.7, 443.0
20210330143550.55, 122.0, 10.7, 443.0
20210330143551.62, 122.0, 10.7, 443.0
20210330143552.69, 122.1, 4.9, 438.0
20210330143553.75, 122.1, 4.9, 438.0
20210330143554.82, 122.1, 4.9, 437.0
20210330143555.9, 122.1, 4.9, 438.0
20210330143557.04, 122.1, 4.9, 438.0
20210330143558.11, 122.0, 4.9, 438.0
20210330143559.19, 122.0, 4.9, 438.0
20210330143600.27, 122.0, 4.9, 441.0
20210330143601.34, 122.0, 4.9, 441.0
20210330143602.4, 122.0, 4.9, 438.0
20210330143603.47, 122.0, 4.9, 438.0
20210330143604.55, 122.0, 4.9, 442.0
20210330143605.62, 122.0, 4.9, 442.0
20210330143606.69, 122.0, 4.9, 435.0
20210330143607.77, 122.0, 4.9, 435.0
20210330143608.84, 122.0, 4.9, 439.0
20210330143609.91, 122.0, 4.9, 439.0
20210330143610.99, 122.0, 5.0, 440.0
20210330143612.06, 122.0, 5.0, 440.0
20210330143613.13, 122.0, 5.0, 440.0
20210330143614.21, 122.0, 5.0, 440.0
20210330143615.29, 122.0, 5.0, 437.0
20210330143616.36, 122.0, 5.0, 437.0
20210330143617.43, 122.1, 5.0, 442.0
20210330143618.5, 122.1, 5.0, 442.0
20210330143619.57, 122.0, 5.0, 441.0
20210330143620.65, 122.0, 5.0, 441.0
20210330143621.71, 122.1, 5.0, 442.0
20210330143622.79, 122.1, 5.0, 442.0
20210330143623.86, 122.1, 5.0, 438.0
20210330143624.93, 122.1, 5.0, 438.0
20210330143626.0, 122.1, 5.0, 438.0
20210330143627.07, 122.1, 5.0, 438.0
20210330143628.14, 122.0, 5.0, 437.0
20210330143629.2, 122.0, 5.0, 437.0
20210330143630.27, 122.0, 5.0, 439.0
20210330143631.34, 122.0, 5.0, 439.0
20210330143632.41, 122.0, 5.0, 439.0
20210330143633.47, 122.0, 5.0, 440.0
20210330143634.61, 122.0, 5.0, 440.0
20210330143635.68, 122.0, 5.0, 439.0
20210330143636.74, 122.0, 5.0, 439.0
20210330143637.81, 122.0, 5.0, 438.0
20210330143638.88, 122.0, 5.0, 438.0
20210330143639.95, 122.0, 5.0, 444.0
20210330143641.01, 122.0, 5.0, 444.0
20210330143642.07, 122.1, 5.0, 441.0
20210330143643.15, 122.1, 5.0, 441.0
20210330143644.21, 122.1, 5.0, 435.0
20210330143645.29, 122.1, 5.0, 435.0
20210330143646.35, 122.0, 5.0, 440.0
20210330143647.42, 122.0, 5.0, 440.0
20210330143648.48, 122.0, 5.0, 437.0
20210330143649.55, 122.0, 5.0, 437.0
20210330143650.62, 122.0, 5.0, 437.0
20210330143651.7, 122.0, 5.0, 437.0
20210330143652.76, 122.0, 5.0, 441.0
20210330143653.82, 122.0, 5.0, 441.0
20210330143654.91, 121.9, 5.0, 440.0
20210330143656.05, 121.9, 5.0, 440.0
20210330143657.12, 121.9, 4.9, 439.0
20210330143658.21, 121.9, 4.9, 439.0
20210330143659.28, 121.9, 4.9, 440.0
20210330143700.34, 121.9, 4.9, 440.0
20210330143701.4, 121.9, 4.9, 439.0
20210330143702.48, 121.9, 4.9, 439.0
20210330143703.55, 121.9, 4.9, 438.0
20210330143704.61, 121.9, 4.9, 438.0
20210330143705.68, 121.9, 4.9, 436.0
20210330143706.76, 121.9, 4.9, 436.0
20210330143707.82, 121.9, 4.9, 442.0
20210330143708.89, 121.9, 4.9, 442.0
20210330143709.96, 121.9, 4.9, 438.0
20210330143711.02, 121.9, 4.9, 438.0
20210330143712.09, 121.9, 4.9, 440.0
20210330143713.17, 121.9, 4.9, 436.0
20210330143714.32, 121.9, 4.9, 436.0
20210330143715.38, 122.0, 4.9, 440.0
20210330143716.47, 122.0, 4.9, 440.0
20210330143717.53, 122.0, 4.9, 442.0
20210330143718.59, 122.0, 4.9, 442.0
20210330143719.64, 122.0, 4.9, 289.0
20210330143720.71, 122.0, 4.9, 289.0
20210330143721.77, 121.9, 4.9, 440.0
20210330143722.84, 121.9, 4.9, 440.0
20210330143723.9, 121.9, 4.9, 437.0
20210330143724.97, 121.9, 4.9, 437.0
20210330143726.03, 121.9, 5.0, 438.0
20210330143727.09, 121.9, 5.0, 438.0
20210330143728.17, 122.0, 5.0, 440.0
20210330143729.25, 122.0, 5.0, 440.0
20210330143730.32, 122.1, 5.0, 438.0
20210330143731.38, 122.1, 5.0, 438.0
20210330143732.45, 122.1, 5.0, 440.0
20210330143733.5, 122.1, 5.0, 440.0
20210330143734.56, 122.0, 5.0, 586.0
20210330143735.63, 122.0, 5.0, 586.0
20210330143736.69, 122.1, 5.0, 439.0
20210330143737.75, 122.1, 5.0, 439.0
20210330143738.82, 122.1, 5.0, 443.0
20210330143739.89, 122.1, 5.0, 443.0
20210330143740.96, 122.1, 5.0, 444.0
20210330143742.01, 122.1, 5.0, 444.0
20210330143743.07, 122.1, 5.0, 593.0
20210330143744.14, 122.1, 5.0, 593.0
20210330143745.21, 122.1, 5.0, 445.0
20210330143746.29, 122.1, 5.0, 445.0
20210330143747.36, 122.1, 5.0, 445.0
20210330143748.43, 122.1, 5.0, 445.0
20210330143749.5, 122.1, 5.0, 442.0
20210330143750.57, 122.1, 5.0, 442.0
20210330143751.64, 122.1, 5.0, 448.0
20210330143752.71, 122.1, 5.0, 448.0
20210330143753.83, 122.1, 5.0, 445.0
20210330143754.89, 122.1, 5.0, 445.0
20210330143755.95, 122.0, 5.0, 442.0
20210330143757.0, 122.0, 5.0, 442.0
20210330143758.06, 121.9, 5.0, 450.0
20210330143759.24, 121.9, 5.0, 439.0
20210330143800.31, 121.9, 5.0, 439.0
20210330143801.39, 121.9, 5.0, 441.0
20210330143802.46, 121.9, 5.0, 441.0
20210330143803.55, 121.9, 5.0, 435.0
20210330143804.62, 121.9, 5.0, 435.0
20210330143805.71, 121.8, 5.0, 895.0
20210330143806.8, 121.8, 5.0, 895.0
20210330143807.87, 121.9, 5.0, 445.0
20210330143808.95, 121.9, 5.0, 445.0
20210330143810.02, 121.9, 5.0, 439.0
20210330143811.1, 121.9, 5.0, 439.0
20210330143812.17, 122.0, 5.0, 444.0
20210330143813.25, 122.0, 5.0, 444.0
20210330143814.32, 122.0, 5.0, 443.0
20210330143815.39, 122.0, 5.0, 443.0
20210330143816.46, 122.1, 5.0, 445.0
20210330143817.54, 122.1, 5.0, 445.0
20210330143818.61, 122.1, 5.0, 443.0
20210330143819.68, 122.1, 5.0, 443.0
20210330143820.74, 122.1, 5.0, 440.0
20210330143822.04, 122.1, 5.0, 440.0
20210330143823.12, 122.1, 5.0, 443.0
20210330143824.34, 122.1, 5.0, 445.0
20210330143825.41, 122.1, 5.0, 445.0
20210330143826.49, 122.1, 5.1, 446.0
20210330143827.57, 122.1, 5.1, 446.0
20210330143828.63, 122.1, 5.1, 441.0
20210330143829.71, 122.1, 5.1, 441.0
20210330143830.77, 122.1, 5.1, 442.0
20210330143831.83, 122.1, 5.1, 442.0
20210330143832.89, 122.0, 5.1, 441.0
20210330143833.95, 122.0, 5.1, 441.0
20210330143835.02, 122.1, 5.1, 442.0
20210330143836.09, 122.1, 5.1, 442.0
20210330143837.14, 122.2, 5.1, 446.0
20210330143838.21, 122.2, 5.1, 446.0
20210330143839.26, 122.2, 5.1, 441.0
20210330143840.32, 122.2, 5.1, 441.0
20210330143841.38, 122.2, 5.1, 441.0
20210330143842.43, 122.2, 5.1, 441.0
20210330143843.51, 122.2, 5.1, 445.0
20210330143844.58, 122.2, 5.1, 445.0
20210330143845.66, 122.2, 5.1, 441.0
20210330143846.73, 122.2, 5.1, 441.0
20210330143847.82, 122.1, 5.1, 440.0
20210330143848.92, 122.1, 5.1, 440.0
20210330143850.01, 122.1, 5.1, 444.0
20210330143851.1, 122.1, 5.1, 444.0
20210330143852.18, 122.1, 5.1, 442.0
20210330143853.27, 122.1, 5.1, 442.0
20210330143854.36, 122.1, 5.1, 442.0
20210330143855.44, 122.1, 5.1, 442.0
20210330143856.53, 122.2, 5.1, 445.0
20210330143857.76, 122.2, 5.0, 443.0
20210330143858.87, 122.2, 5.0, 443.0
20210330143859.97, 122.2, 5.0, 445.0
20210330143901.06, 122.2, 5.0, 445.0
20210330143902.14, 122.2, 5.0, 443.0
20210330143903.22, 122.2, 5.0, 443.0
20210330143904.3, 122.1, 5.0, 442.0
20210330143905.41, 122.1, 5.0, 442.0
20210330143906.51, 122.1, 5.0, 441.0
20210330143907.62, 122.1, 5.0, 441.0
20210330143908.73, 122.1, 5.0, 441.0
20210330143909.83, 122.1, 5.0, 441.0
20210330143910.92, 122.2, 5.0, 443.0
20210330143911.98, 122.2, 5.0, 443.0
20210330143913.04, 122.2, 5.0, 442.0
20210330143914.09, 122.2, 5.0, 442.0
20210330143915.15, 122.2, 5.0, 446.0
20210330143916.22, 122.2, 5.0, 446.0
20210330143917.3, 122.1, 5.0, 441.0
20210330143918.38, 122.1, 5.0, 441.0
20210330143919.45, 121.4, 5.0, 435.0
20210330143920.53, 121.4, 5.0, 435.0
20210330143921.6, 121.4, 5.0, 440.0
20210330143922.68, 121.4, 5.0, 440.0
20210330143923.76, 121.4, 5.0, 376.0
20210330143924.85, 121.3, 5.0, 287.0
20210330143926.0, 121.3, 5.0, 287.0
20210330143927.08, 121.4, 5.0, 438.0
20210330143928.16, 121.4, 5.0, 438.0
20210330143929.23, 121.4, 5.0, 439.0
20210330143930.32, 121.4, 5.0, 439.0
20210330143931.39, 121.4, 5.0, 438.0
20210330143932.48, 121.4, 5.0, 438.0
20210330143933.56, 121.4, 5.0, 438.0
20210330143934.67, 121.4, 5.0, 438.0
20210330143935.76, 121.4, 5.0, 434.0
20210330143936.84, 121.4, 5.0, 434.0
20210330143937.92, 121.4, 5.0, 442.0
20210330143939.0, 121.4, 5.0, 442.0
20210330143940.09, 121.4, 5.0, 442.0
20210330143941.15, 121.4, 5.0, 442.0
20210330143942.23, 121.4, 5.0, 443.0
20210330143943.3, 121.4, 5.0, 443.0
20210330143944.38, 121.4, 5.1, 438.0
20210330143945.46, 121.4, 5.1, 438.0
20210330143946.53, 121.4, 5.1, 442.0
20210330143947.61, 121.4, 5.1, 442.0
20210330143948.68, 121.4, 5.1, 442.0
20210330143949.76, 121.4, 5.1, 442.0
20210330143950.83, 121.4, 5.1, 439.0
20210330143951.89, 121.4, 5.1, 439.0
20210330143952.96, 121.4, 5.1, 443.0
20210330143954.04, 121.4, 5.1, 443.0
20210330143955.11, 121.4, 5.1, 442.0
20210330143956.19, 121.4, 5.1, 444.0
20210330143957.34, 121.4, 5.1, 444.0
20210330143958.4, 121.4, 5.1, 440.0
20210330143959.48, 121.4, 5.1, 440.0
20210330144000.55, 121.4, 5.1, 437.0
20210330144001.63, 121.4, 5.1, 437.0
20210330144002.7, 121.3, 5.1, 432.0
20210330144003.78, 121.3, 5.1, 432.0
20210330144004.85, 121.3, 5.1, 435.0
20210330144005.92, 121.3, 5.1, 435.0
20210330144006.98, 121.4, 5.1, 437.0
20210330144008.06, 121.4, 5.1, 437.0
20210330144009.12, 121.3, 5.1, 439.0
20210330144010.19, 121.3, 5.1, 439.0
20210330144011.27, 121.3, 5.1, 873.0
20210330144012.36, 121.3, 5.1, 873.0
20210330144013.43, 121.3, 5.1, 439.0
20210330144014.51, 121.3, 5.1, 439.0
20210330144015.58, 121.3, 4.9, 440.0
20210330144016.66, 121.3, 4.9, 440.0
20210330144017.72, 121.2, 4.9, 440.0
20210330144018.8, 121.2, 4.9, 440.0
20210330144019.87, 121.3, 4.9, 439.0
20210330144020.93, 121.3, 4.9, 439.0
20210330144022.0, 121.3, 4.9, 440.0
20210330144023.08, 121.3, 4.9, 440.0
20210330144024.14, 121.3, 4.9, 439.0
20210330144025.21, 121.3, 4.9, 439.0
20210330144026.29, 121.3, 4.9, 439.0
20210330144027.36, 121.3, 4.9, 439.0
20210330144028.42, 121.3, 4.9, 437.0
20210330144029.5, 121.3, 4.9, 437.0
20210330144030.58, 121.3, 5.1, 438.0
20210330144031.64, 121.3, 5.1, 438.0
20210330144032.7, 121.3, 5.1, 442.0
20210330144033.78, 121.3, 5.1, 442.0
20210330144034.95, 121.3, 5.1, 442.0
20210330144036.04, 121.3, 5.1, 437.0
20210330144037.12, 121.3, 5.1, 437.0
20210330144038.2, 121.3, 5.1, 433.0
20210330144039.27, 121.3, 5.1, 433.0
20210330144040.35, 121.3, 5.1, 440.0
20210330144041.42, 121.3, 5.1, 440.0
20210330144042.5, 121.3, 5.1, 439.0
20210330144043.57, 121.3, 5.1, 439.0
20210330144044.64, 121.3, 5.1, 433.0
20210330144045.72, 121.3, 5.1, 433.0
20210330144046.8, 121.3, 5.1, 441.0
20210330144047.86, 121.3, 5.1, 441.0
20210330144048.92, 121.4, 5.1, 437.0
20210330144049.98, 121.4, 5.1, 437.0
20210330144051.06, 121.4, 5.1, 435.0
20210330144052.13, 121.4, 5.1, 435.0
20210330144053.2, 121.4, 5.1, 441.0
20210330144054.27, 121.4, 5.1, 441.0
20210330144055.35, 121.3, 5.1, 437.0
20210330144056.43, 121.3, 5.1, 437.0
20210330144057.48, 121.3, 5.1, 438.0
20210330144058.56, 121.3, 5.1, 438.0
20210330144059.64, 121.3, 5.1, 440.0
20210330144100.71, 121.3, 5.1, 440.0
20210330144101.79, 121.3, 5.0, 440.0
20210330144102.87, 121.3, 5.0, 440.0
20210330144103.93, 121.3, 5.0, 443.0
20210330144105.02, 121.3, 5.0, 443.0
20210330144106.09, 121.3, 5.0, 438.0
20210330144107.16, 121.3, 5.0, 438.0
20210330144108.23, 121.3, 5.0, 436.0
20210330144109.31, 121.3, 5.0, 436.0
20210330144110.38, 121.4, 5.0, 437.0
20210330144111.46, 121.3, 5.0, 439.0
20210330144112.62, 121.3, 5.0, 439.0
20210330144113.7, 121.3, 5.0, 441.0
20210330144114.77, 121.3, 5.0, 441.0
20210330144115.86, 121.3, 5.0, 441.0
20210330144116.93, 121.3, 5.0, 441.0
20210330144118.0, 121.3, 5.0, 443.0
20210330144119.09, 121.3, 5.0, 443.0
20210330144120.16, 121.4, 5.0, 438.0
20210330144121.21, 121.4, 5.0, 438.0
20210330144122.29, 121.3, 5.0, 439.0
20210330144123.37, 121.3, 5.0, 439.0
20210330144124.44, 121.4, 5.0, 437.0
20210330144125.51, 121.4, 5.0, 437.0
20210330144126.57, 121.4, 5.0, 440.0
20210330144127.65, 121.4, 5.0, 440.0
20210330144128.71, 121.4, 5.0, 437.0
20210330144129.78, 121.4, 5.0, 437.0
20210330144130.86, 121.4, 5.0, 438.0
20210330144131.94, 121.4, 5.0, 438.0
20210330144133.02, 121.4, 5.0, 438.0
20210330144134.1, 121.4, 5.0, 438.0
20210330144135.17, 121.4, 5.0, 437.0
20210330144136.25, 121.4, 5.0, 437.0
20210330144137.3, 121.4, 5.0, 436.0
20210330144138.38, 121.4, 5.0, 436.0
20210330144139.45, 121.4, 5.0, 441.0
20210330144140.53, 121.4, 5.0, 441.0
20210330144141.6, 121.3, 5.0, 444.0
20210330144142.69, 121.3, 5.0, 444.0
20210330144143.75, 121.3, 5.0, 441.0
20210330144144.82, 121.3, 5.0, 441.0
20210330144145.89, 121.3, 5.0, 434.0
20210330144147.09, 121.3, 5.0, 438.0
20210330144148.17, 121.3, 5.0, 438.0
20210330144149.25, 121.3, 5.1, 437.0
20210330144150.32, 121.3, 5.1, 437.0
20210330144151.38, 121.3, 5.1, 439.0
20210330144152.47, 121.3, 5.1, 439.0
20210330144153.53, 121.3, 5.1, 439.0
20210330144154.59, 121.3, 5.1, 439.0
20210330144155.66, 121.3, 5.1, 438.0
20210330144156.73, 121.3, 5.1, 438.0
20210330144157.8, 121.3, 5.1, 435.0
20210330144158.86, 121.3, 5.1, 435.0
20210330144159.92, 121.3, 5.1, 440.0
20210330144200.97, 121.3, 5.1, 440.0
20210330144202.05, 121.3, 5.1, 438.0
20210330144203.11, 121.3, 5.1, 438.0
20210330144204.18, 121.3, 5.1, 439.0
20210330144205.24, 121.3, 5.1, 439.0
20210330144206.3, 121.3, 5.1, 438.0
20210330144207.37, 121.3, 5.1, 438.0
20210330144208.43, 121.3, 5.1, 438.0
20210330144209.48, 121.3, 5.1, 438.0
20210330144210.54, 121.3, 5.1, 437.0
20210330144211.6, 121.3, 5.1, 437.0
20210330144212.66, 121.3, 5.1, 433.0
20210330144213.73, 121.3, 5.1, 433.0
20210330144214.79, 121.3, 5.1, 280.0
20210330144215.85, 121.3, 5.1, 280.0
20210330144216.93, 121.3, 5.1, 284.0
20210330144217.99, 121.3, 5.1, 284.0
20210330144219.05, 121.4, 2.8, 280.0
20210330144220.12, 121.4, 2.8, 280.0
20210330144221.18, 121.4, 2.8, 278.0
20210330144222.25, 121.4, 2.8, 278.0
20210330144223.31, 121.4, 2.8, 278.0
20210330144224.38, 121.4, 2.8, 278.0
20210330144225.43, 121.4, 2.8, 278.0
20210330144226.49, 121.4, 2.8, 278.0
20210330144227.55, 121.4, 2.8, 280.0
20210330144228.61, 121.4, 2.8, 280.0
20210330144229.67, 121.4, 2.8, 281.0
20210330144230.73, 121.4, 2.8, 281.0
20210330144231.79, 121.4, 2.8, 277.0
20210330144232.86, 121.4, 2.8, 277.0
20210330144233.92, 121.3, 2.8, 281.0
20210330144234.98, 121.3, 2.8, 281.0
20210330144236.04, 121.3, 2.9, 281.0
20210330144237.1, 121.3, 2.9, 281.0
20210330144238.16, 121.3, 2.9, 279.0
20210330144239.33, 121.3, 2.9, 276.0
20210330144240.41, 121.3, 2.9, 276.0
20210330144241.46, 121.2, 2.9, 278.0
20210330144242.53, 121.2, 2.9, 278.0
20210330144243.61, 121.2, 2.9, 279.0
20210330144244.68, 121.2, 2.9, 279.0
20210330144245.75, 121.2, 2.9, 280.0
20210330144246.84, 121.2, 2.9, 280.0
20210330144247.9, 121.3, 2.9, 279.0
20210330144248.96, 121.3, 2.9, 279.0
20210330144250.02, 121.4, 2.8, 278.0
20210330144251.09, 121.4, 2.8, 278.0
20210330144252.14, 121.3, 2.8, 277.0
20210330144253.2, 121.3, 2.8, 277.0
20210330144254.25, 121.3, 2.8, 279.0
20210330144255.32, 121.3, 2.8, 279.0
20210330144256.38, 121.4, 2.8, 278.0
20210330144257.44, 121.4, 2.8, 278.0
20210330144258.49, 121.3, 2.8, 449.0
20210330144259.55, 121.3, 2.8, 449.0
20210330144300.6, 121.3, 2.8, 290.0
20210330144301.65, 121.3, 2.8, 290.0
20210330144302.73, 121.2, 2.8, 422.0
20210330144303.8, 121.2, 2.8, 422.0
20210330144304.86, 121.3, 4.9, 428.0
20210330144305.93, 121.3, 4.9, 428.0
20210330144307.0, 121.2, 4.9, 427.0
20210330144308.07, 121.2, 4.9, 427.0
20210330144309.14, 121.3, 4.9, 427.0
20210330144310.23, 121.3, 4.9, 427.0
20210330144311.3, 121.3, 4.9, 425.0
20210330144312.39, 121.3, 4.9, 425.0
20210330144313.47, 121.3, 4.9, 425.0
20210330144314.55, 121.3, 4.9, 425.0
20210330144315.62, 121.2, 4.9, 426.0
20210330144316.71, 121.2, 4.9, 426.0
20210330144317.78, 121.2, 4.9, 426.0
20210330144318.86, 121.2, 4.9, 426.0
20210330144319.93, 121.2, 4.9, 423.0
20210330144320.99, 121.2, 4.9, 423.0
20210330144322.05, 121.2, 4.8, 425.0
20210330144323.21, 121.3, 4.8, 427.0
20210330144324.28, 121.3, 4.8, 427.0
20210330144325.35, 121.2, 4.8, 424.0
20210330144326.43, 121.2, 4.8, 424.0
20210330144327.5, 121.2, 4.8, 424.0
20210330144328.57, 121.2, 4.8, 424.0
20210330144329.64, 121.2, 4.8, 424.0
20210330144330.73, 121.2, 4.8, 424.0
20210330144331.81, 121.3, 4.8, 437.0
20210330144332.88, 121.3, 4.8, 437.0
20210330144333.96, 121.2, 4.8, 435.0
20210330144335.02, 121.2, 4.8, 435.0
20210330144336.08, 121.3, 4.8, 428.0
20210330144337.14, 121.3, 4.8, 428.0
20210330144338.2, 121.3, 4.9, 429.0
20210330144339.29, 121.3, 4.9, 429.0
20210330144340.38, 121.2, 4.9, 429.0
20210330144341.47, 121.2, 4.9, 429.0
20210330144342.54, 121.2, 4.9, 426.0
20210330144343.62, 121.2, 4.9, 426.0
20210330144344.68, 121.2, 4.9, 427.0
20210330144345.76, 121.2, 4.9, 427.0
20210330144346.84, 121.3, 4.9, 427.0
20210330144347.9, 121.3, 4.9, 427.0
20210330144348.98, 121.3, 4.9, 431.0
20210330144350.05, 121.3, 4.9, 431.0
20210330144351.13, 121.3, 4.9, 428.0
20210330144352.21, 121.3, 4.9, 428.0
20210330144353.28, 121.3, 4.9, 426.0
20210330144354.34, 121.3, 4.9, 426.0
20210330144355.39, 121.3, 4.8, 428.0
20210330144356.45, 121.3, 4.8, 428.0
20210330144357.54, 121.3, 4.8, 425.0
20210330144358.61, 121.3, 4.8, 424.0
20210330144359.78, 121.3, 4.8, 424.0
20210330144400.86, 121.3, 4.8, 431.0
20210330144401.95, 121.3, 4.8, 431.0
20210330144403.01, 121.3, 4.8, 428.0
20210330144404.09, 121.3, 4.8, 428.0
20210330144405.17, 121.3, 4.8, 431.0
20210330144406.26, 121.3, 4.8, 431.0
20210330144407.32, 121.3, 4.8, 431.0
20210330144408.38, 121.3, 4.8, 431.0
20210330144409.44, 121.3, 4.8, 428.0
20210330144410.52, 121.3, 4.8, 428.0
20210330144411.6, 121.3, 4.8, 424.0
20210330144412.69, 121.3, 4.8, 424.0
20210330144413.76, 121.2, 4.8, 428.0
20210330144414.84, 121.2, 4.8, 428.0
20210330144415.91, 121.3, 4.8, 424.0
20210330144416.99, 121.3, 4.8, 424.0
20210330144418.05, 121.2, 4.8, 428.0
20210330144419.13, 121.2, 4.8, 428.0
20210330144420.2, 121.2, 4.8, 428.0
20210330144421.27, 121.2, 4.8, 428.0
20210330144422.35, 121.2, 4.8, 429.0
20210330144423.42, 121.2, 4.8, 429.0
20210330144424.5, 121.3, 4.8, 430.0
20210330144425.56, 121.3, 4.8, 430.0
20210330144426.6, 121.3, 4.9, 426.0
20210330144427.68, 121.3, 4.9, 426.0
20210330144428.76, 121.3, 4.9, 428.0
20210330144429.85, 121.3, 4.9, 428.0
20210330144430.93, 121.3, 4.9, 430.0
20210330144432.0, 121.3, 4.9, 430.0
20210330144433.08, 121.3, 4.9, 430.0
20210330144434.17, 121.3, 4.9, 427.0
20210330144435.32, 121.3, 4.9, 427.0
20210330144436.38, 121.3, 4.9, 429.0
20210330144437.44, 121.3, 4.9, 429.0
20210330144438.5, 121.4, 4.9, 427.0
20210330144439.55, 121.4, 4.9, 427.0
20210330144440.61, 121.5, 4.9, 429.0
20210330144441.69, 121.5, 4.9, 429.0
20210330144442.75, 121.5, 4.8, 422.0
20210330144443.81, 121.5, 4.8, 422.0
20210330144444.88, 121.4, 4.8, 430.0
20210330144445.93, 121.4, 4.8, 430.0
20210330144447.0, 121.5, 4.8, 427.0
20210330144448.07, 121.5, 4.8, 427.0
20210330144449.14, 121.4, 4.8, 430.0
20210330144450.21, 121.4, 4.8, 430.0
20210330144451.28, 121.5, 4.8, 428.0
20210330144452.35, 121.5, 4.8, 428.0
20210330144453.41, 121.3, 4.8, 426.0
20210330144454.47, 121.3, 4.8, 426.0
20210330144455.53, 121.4, 4.8, 426.0
20210330144456.61, 121.4, 4.8, 426.0
20210330144457.67, 121.3, 4.9, 427.0
20210330144458.75, 121.3, 4.9, 427.0
20210330144459.81, 121.3, 4.9, 431.0
20210330144500.87, 121.3, 4.9, 431.0
20210330144501.93, 121.3, 4.9, 429.0
20210330144502.99, 121.3, 4.9, 429.0
20210330144504.05, 121.2, 4.9, 430.0
20210330144505.11, 121.2, 4.9, 430.0
20210330144506.16, 121.2, 4.9, 426.0
20210330144507.22, 121.2, 4.9, 426.0
20210330144508.27, 121.1, 4.9, 429.0
20210330144509.34, 121.1, 4.9, 429.0
20210330144510.41, 121.2, 4.9, 428.0
20210330144511.47, 121.2, 4.9, 428.0
20210330144512.53, 121.2, 4.9, 426.0
20210330144513.59, 121.2, 4.9, 426.0
20210330144514.66, 121.2, 4.9, 428.0
20210330144515.72, 121.2, 4.9, 428.0
20210330144516.78, 121.2, 4.9, 429.0
20210330144517.84, 121.2, 4.9, 429.0
20210330144518.91, 121.2, 4.9, 425.0
20210330144519.96, 121.2, 4.9, 425.0
20210330144521.02, 121.2, 4.9, 426.0
20210330144522.09, 121.2, 4.9, 426.0
20210330144523.17, 121.2, 4.9, 425.0
20210330144524.23, 121.2, 4.9, 425.0
20210330144525.29, 121.2, 4.9, 431.0
20210330144526.38, 121.2, 4.9, 427.0
20210330144527.54, 121.2, 4.9, 427.0
20210330144528.61, 121.2, 4.8, 432.0
20210330144529.68, 121.2, 4.8, 432.0
20210330144530.76, 121.3, 4.8, 425.0
20210330144531.85, 121.3, 4.8, 425.0
20210330144532.93, 121.3, 4.8, 426.0
20210330144534.0, 121.3, 4.8, 426.0
20210330144535.07, 121.3, 4.8, 426.0
20210330144536.13, 121.3, 4.8, 426.0
20210330144537.18, 121.3, 4.8, 414.0
20210330144538.25, 121.3, 4.8, 414.0
20210330144539.31, 121.3, 4.8, 415.0
20210330144540.36, 121.3, 4.8, 415.0
20210330144541.42, 121.3, 4.8, 414.0
20210330144542.48, 121.3, 4.8, 414.0
20210330144543.54, 121.3, 4.8, 418.0
20210330144544.61, 121.3, 4.8, 418.0
20210330144545.66, 121.3, 4.6, 414.0
20210330144546.72, 121.3, 4.6, 414.0
20210330144547.79, 121.4, 4.6, 413.0
20210330144548.87, 121.4, 4.6, 413.0
20210330144549.95, 121.2, 4.6, 415.0
20210330144551.02, 121.2, 4.6, 415.0
20210330144552.09, 121.3, 4.6, 414.0
20210330144553.18, 121.3, 4.6, 414.0
20210330144554.25, 121.3, 4.6, 419.0
20210330144555.32, 121.3, 4.6, 419.0
20210330144556.39, 121.2, 4.6, 418.0
20210330144557.46, 121.2, 4.6, 418.0
20210330144558.52, 121.2, 4.6, 416.0
20210330144559.57, 121.2, 4.6, 416.0
20210330144600.63, 121.1, 4.6, 421.0
20210330144601.69, 121.1, 4.6, 421.0
20210330144602.75, 121.2, 4.6, 420.0
20210330144603.81, 121.2, 4.6, 420.0
20210330144604.89, 121.1, 4.6, 412.0
20210330144605.95, 121.1, 4.6, 412.0
20210330144607.01, 121.2, 4.6, 414.0
20210330144608.09, 121.2, 4.6, 414.0
20210330144609.14, 121.1, 4.6, 413.0
20210330144610.2, 121.1, 4.6, 413.0
20210330144611.28, 121.2, 4.6, 420.0
20210330144612.43, 121.2, 4.6, 416.0
20210330144613.49, 121.2, 4.6, 416.0
20210330144614.56, 121.2, 4.6, 411.0
20210330144615.62, 121.2, 4.6, 411.0
20210330144616.68, 121.2, 4.6, 416.0
20210330144617.76, 121.2, 4.6, 416.0
20210330144618.82, 121.2, 4.6, 415.0
20210330144619.88, 121.2, 4.6, 415.0
20210330144620.95, 121.3, 4.7, 418.0
20210330144622.0, 121.3, 4.7, 418.0
20210330144623.06, 121.3, 4.7, 414.0
20210330144624.12, 121.3, 4.7, 414.0
20210330144625.18, 121.2, 4.7, 422.0
20210330144626.24, 121.2, 4.7, 422.0
20210330144627.31, 121.3, 4.7, 413.0
20210330144628.39, 121.3, 4.7, 413.0
20210330144629.45, 121.3, 4.7, 414.0
20210330144630.51, 121.3, 4.7, 414.0
20210330144631.57, 121.2, 4.7, 420.0
20210330144632.63, 121.2, 4.7, 420.0
20210330144633.69, 121.1, 4.7, 413.0
20210330144634.76, 121.1, 4.7, 413.0
20210330144635.82, 121.1, 4.7, 417.0
20210330144636.91, 121.1, 4.7, 417.0
20210330144637.97, 121.2, 4.7, 413.0
20210330144639.05, 121.2, 4.7, 413.0
20210330144640.11, 121.1, 4.7, 413.0
20210330144641.17, 121.1, 4.7, 413.0
20210330144642.23, 121.2, 4.7, 413.0
20210330144643.31, 121.2, 4.7, 413.0
20210330144644.38, 121.2, 4.7, 421.0
20210330144645.46, 121.2, 4.7, 421.0
20210330144646.53, 121.3, 4.7, 416.0
20210330144647.57, 121.3, 4.7, 416.0
20210330144648.64, 121.3, 4.7, 416.0
20210330144649.7, 121.3, 4.7, 416.0
20210330144650.76, 121.2, 4.7, 415.0
20210330144651.82, 121.2, 4.7, 415.0
20210330144652.88, 121.2, 4.7, 419.0
20210330144653.96, 121.2, 4.7, 419.0
20210330144655.02, 121.2, 4.6, 415.0
20210330144656.11, 121.2, 4.6, 415.0
20210330144657.18, 121.2, 4.6, 416.0
20210330144658.27, 121.2, 4.6, 862.0
20210330144659.43, 121.2, 4.6, 862.0
20210330144700.5, 121.2, 4.6, 658.0
20210330144701.57, 121.2, 4.6, 658.0
20210330144702.64, 121.2, 4.6, 427.0
20210330144703.7, 121.2, 4.6, 427.0
20210330144704.76, 121.2, 4.6, 428.0
20210330144705.83, 121.2, 4.6, 428.0
20210330144706.89, 121.3, 4.6, 431.0
20210330144707.95, 121.3, 4.6, 431.0
20210330144709.02, 121.2, 4.9, 429.0
20210330144710.09, 121.2, 4.9, 429.0
20210330144711.15, 121.2, 4.9, 457.0
20210330144712.21, 121.2, 4.9, 457.0
20210330144713.27, 121.2, 4.9, 442.0
20210330144714.34, 121.2, 4.9, 442.0
20210330144715.4, 121.2, 4.9, 438.0
20210330144716.47, 121.2, 4.9, 438.0
20210330144717.54, 121.1, 4.9, 408.0
20210330144718.6, 121.1, 4.9, 408.0
20210330144719.66, 121.2, 4.9, 386.0
20210330144720.73, 121.2, 4.9, 386.0
20210330144721.79, 121.2, 4.9, 385.0
20210330144722.86, 121.2, 4.9, 385.0
20210330144723.95, 121.2, 4.1, 381.0
20210330144725.03, 121.2, 4.1, 381.0
20210330144726.1, 121.3, 4.1, 383.0
20210330144727.18, 121.3, 4.1, 383.0
20210330144728.25, 121.3, 4.1, 427.0
20210330144729.33, 121.3, 4.1, 427.0
20210330144730.39, 121.3, 4.1, 426.0
20210330144731.46, 121.3, 4.1, 426.0
20210330144732.53, 121.3, 4.1, 422.0
20210330144733.59, 121.3, 4.1, 422.0
20210330144734.66, 121.3, 4.1, 424.0
20210330144735.71, 121.3, 4.1, 424.0
20210330144736.79, 121.3, 4.1, 442.0
20210330144737.86, 121.3, 4.1, 442.0
20210330144738.92, 121.3, 4.1, 443.0
20210330144739.98, 121.3, 4.1, 443.0
20210330144741.03, 121.2, 4.1, 443.0
20210330144742.11, 121.2, 4.1, 443.0
20210330144743.17, 121.3, 5.1, 445.0
20210330144744.33, 121.3, 5.1, 442.0
20210330144745.39, 121.3, 5.1, 442.0
20210330144746.45, 121.2, 5.1, 438.0
20210330144747.51, 121.2, 5.1, 438.0
20210330144748.55, 121.3, 5.1, 447.0
20210330144749.61, 121.3, 5.1, 447.0
20210330144750.66, 121.3, 5.1, 450.0
20210330144751.74, 121.3, 5.1, 450.0
20210330144752.8, 121.3, 5.1, 446.0
20210330144753.87, 121.3, 5.1, 446.0
20210330144754.95, 121.3, 5.1, 447.0
20210330144756.02, 121.3, 5.1, 447.0
20210330144757.1, 121.3, 5.1, 444.0
20210330144758.2, 121.3, 5.1, 444.0
20210330144759.26, 121.3, 5.1, 444.0
20210330144800.33, 121.3, 5.1, 444.0
20210330144801.38, 121.2, 5.1, 444.0
20210330144802.46, 121.2, 5.1, 444.0
20210330144803.53, 121.2, 5.1, 444.0
20210330144804.62, 121.2, 5.1, 444.0
20210330144805.67, 121.2, 5.1, 446.0
20210330144806.75, 121.2, 5.1, 446.0
20210330144807.81, 121.2, 5.1, 444.0
20210330144808.89, 121.2, 5.1, 444.0
20210330144809.96, 121.3, 5.1, 444.0
20210330144811.04, 121.3, 5.1, 444.0
20210330144812.11, 121.3, 5.1, 438.0
20210330144813.19, 121.3, 5.1, 438.0
20210330144814.26, 121.3, 5.0, 436.0
20210330144815.34, 121.3, 5.0, 436.0
20210330144816.41, 121.3, 5.0, 438.0
20210330144817.48, 121.3, 5.0, 438.0
20210330144818.55, 121.3, 5.0, 439.0
20210330144819.63, 121.3, 5.0, 439.0
20210330144820.68, 121.2, 5.0, 436.0
20210330144821.75, 121.2, 5.0, 436.0
20210330144822.83, 121.2, 5.0, 881.0
20210330144823.92, 121.2, 5.0, 881.0
20210330144825.09, 121.2, 5.0, 442.0
20210330144826.18, 121.2, 5.0, 445.0
20210330144827.27, 121.2, 5.0, 445.0
20210330144828.34, 121.3, 5.1, 445.0
20210330144829.41, 121.3, 5.1, 445.0
20210330144830.48, 121.3, 5.1, 442.0
20210330144831.56, 121.3, 5.1, 442.0
20210330144832.63, 121.2, 5.1, 447.0
20210330144833.71, 121.2, 5.1, 447.0
20210330144834.76, 121.2, 5.1, 447.0
20210330144835.82, 121.2, 5.1, 447.0
20210330144836.88, 121.2, 5.1, 438.0
20210330144837.97, 121.2, 5.1, 438.0
20210330144839.03, 121.3, 5.1, 442.0
20210330144840.09, 121.3, 5.1, 442.0
20210330144841.17, 121.3, 5.1, 441.0
20210330144842.25, 121.3, 5.1, 441.0
20210330144843.32, 121.3, 5.1, 445.0
20210330144844.39, 121.3, 5.1, 445.0
20210330144845.45, 121.3, 5.1, 440.0
20210330144846.53, 121.3, 5.1, 440.0
20210330144847.61, 121.2, 5.1, 440.0
20210330144848.66, 121.2, 5.1, 440.0
20210330144849.73, 121.2, 5.1, 442.0
20210330144850.8, 121.2, 5.1, 442.0
20210330144851.86, 121.2, 5.1, 442.0
20210330144852.95, 121.2, 5.1, 442.0
20210330144854.02, 121.3, 5.1, 443.0
20210330144855.1, 121.3, 5.1, 443.0
20210330144856.18, 121.3, 5.1, 443.0
20210330144857.25, 121.3, 5.1, 443.0
20210330144858.32, 121.4, 5.1, 444.0
20210330144859.39, 121.4, 5.1, 444.0
20210330144900.47, 121.4, 5.1, 446.0
20210330144901.66, 121.4, 5.1, 437.0
20210330144902.73, 121.4, 5.1, 437.0
20210330144903.79, 121.4, 5.0, 444.0
20210330144904.85, 121.4, 5.0, 444.0
20210330144905.91, 121.4, 5.0, 442.0
20210330144906.97, 121.4, 5.0, 442.0
20210330144908.03, 121.5, 5.0, 443.0
20210330144909.09, 121.5, 5.0, 443.0
20210330144910.15, 121.4, 5.0, 446.0
20210330144911.21, 121.4, 5.0, 446.0
20210330144912.27, 121.5, 5.0, 447.0
20210330144913.33, 121.5, 5.0, 447.0
20210330144914.38, 121.4, 5.0, 447.0
20210330144915.45, 121.4, 5.0, 447.0
20210330144916.52, 121.4, 5.0, 445.0
20210330144917.59, 121.4, 5.0, 445.0
20210330144918.64, 121.4, 5.0, 442.0
20210330144919.72, 121.4, 5.0, 442.0
20210330144920.79, 121.4, 5.1, 445.0
20210330144921.84, 121.4, 5.1, 445.0
20210330144922.91, 121.3, 5.1, 442.0
20210330144923.97, 121.3, 5.1, 442.0
20210330144925.03, 121.2, 5.1, 440.0
20210330144926.11, 121.2, 5.1, 440.0
20210330144927.17, 121.3, 5.1, 443.0
20210330144928.25, 121.3, 5.1, 443.0
20210330144929.31, 121.3, 5.1, 442.0
20210330144930.38, 121.3, 5.1, 442.0
20210330144931.45, 121.3, 5.1, 445.0
20210330144932.53, 121.3, 5.1, 445.0
20210330144933.6, 121.2, 5.1, 439.0
20210330144934.66, 121.2, 5.1, 439.0
20210330144935.73, 121.3, 5.1, 441.0
20210330144936.82, 121.3, 5.1, 441.0
20210330144937.88, 121.4, 5.1, 440.0
20210330144938.95, 121.4, 5.1, 440.0
20210330144940.01, 121.4, 5.1, 431.0
20210330144941.09, 121.4, 5.1, 431.0
20210330144942.16, 121.4, 5.1, 423.0
20210330144943.24, 121.4, 5.1, 423.0
20210330144944.3, 121.4, 5.1, 432.0
20210330144945.37, 121.4, 5.1, 432.0
20210330144946.44, 121.4, 5.1, 433.0
20210330144947.51, 121.4, 5.1, 431.0
20210330144948.67, 121.4, 5.1, 431.0
20210330144949.74, 121.4, 5.1, 433.0
20210330144950.81, 121.4, 5.1, 433.0
20210330144951.87, 121.3, 5.1, 430.0
20210330144952.93, 121.3, 5.1, 430.0
20210330144954.0, 121.4, 4.9, 432.0
20210330144955.07, 121.4, 4.9, 432.0
20210330144956.14, 121.4, 4.9, 430.0
20210330144957.21, 121.4, 4.9, 430.0
20210330144958.27, 121.3, 4.9, 428.0
20210330144959.34, 121.3, 4.9, 428.0
20210330145000.4, 121.4, 4.9, 428.0
20210330145001.47, 121.4, 4.9, 428.0
20210330145002.53, 121.3, 4.9, 432.0
20210330145003.6, 121.3, 4.9, 432.0
20210330145004.66, 121.3, 4.9, 430.0
20210330145005.73, 121.3, 4.9, 430.0
20210330145006.8, 121.3, 4.9, 431.0
20210330145007.88, 121.3, 4.9, 431.0
20210330145008.93, 121.4, 4.9, 432.0
20210330145010.01, 121.4, 4.9, 432.0
20210330145011.08, 121.3, 4.9, 431.0
20210330145012.16, 121.3, 4.9, 431.0
20210330145013.23, 121.3, 4.9, 433.0
20210330145014.29, 121.3, 4.9, 433.0
20210330145015.34, 121.4, 4.9, 431.0
20210330145016.42, 121.4, 4.9, 431.0
20210330145017.48, 121.4, 4.9, 431.0
20210330145018.55, 121.4, 4.9, 431.0
20210330145019.61, 121.4, 4.9, 431.0
20210330145020.67, 121.4, 4.9, 431.0
20210330145021.74, 121.4, 4.9, 431.0
20210330145022.8, 121.4, 4.9, 431.0
20210330145023.88, 121.4, 4.9, 278.0
20210330145024.95, 121.4, 4.9, 278.0
20210330145026.01, 121.4, 2.8, 277.0
20210330145027.09, 121.4, 2.8, 277.0
20210330145028.15, 121.4, 2.8, 280.0
20210330145029.21, 121.4, 2.8, 280.0
20210330145030.28, 121.4, 2.8, 276.0
20210330145031.34, 121.4, 2.8, 276.0
20210330145032.39, 121.4, 2.8, 281.0
20210330145033.45, 121.4, 2.8, 281.0
20210330145034.51, 121.4, 2.8, 282.0
20210330145035.58, 121.4, 2.8, 280.0
20210330145036.74, 121.4, 2.8, 280.0
20210330145037.8, 121.4, 2.8, 277.0
20210330145038.87, 121.4, 2.8, 277.0
20210330145039.93, 121.4, 2.8, 277.0
20210330145040.99, 121.4, 2.8, 277.0
20210330145042.05, 121.4, 2.6999999999999997, 275.0
20210330145043.1, 121.4, 2.6999999999999997, 275.0
20210330145044.16, 121.4, 2.6999999999999997, 272.0
20210330145045.22, 121.4, 2.6999999999999997, 272.0
20210330145046.29, 121.4, 2.6999999999999997, 280.0
20210330145047.37, 121.4, 2.6999999999999997, 280.0
20210330145048.43, 121.4, 2.6999999999999997, 278.0
20210330145049.52, 121.4, 2.6999999999999997, 278.0
20210330145050.6, 121.4, 2.6999999999999997, 280.0
20210330145051.68, 121.4, 2.6999999999999997, 280.0
20210330145052.77, 121.3, 2.6999999999999997, 281.0
20210330145053.85, 121.3, 2.6999999999999997, 281.0
20210330145054.92, 121.3, 2.6999999999999997, 280.0
20210330145055.99, 121.3, 2.6999999999999997, 280.0
20210330145057.06, 121.3, 2.6999999999999997, 275.0
20210330145058.14, 121.3, 2.6999999999999997, 275.0
20210330145059.2, 121.2, 2.6999999999999997, 278.0
20210330145100.28, 121.2, 2.6999999999999997, 278.0
20210330145101.33, 121.3, 2.8, 277.0
20210330145102.4, 121.3, 2.8, 277.0
20210330145103.46, 121.3, 2.8, 278.0
20210330145104.52, 121.3, 2.8, 278.0
20210330145105.59, 121.3, 2.8, 278.0
20210330145106.66, 121.3, 2.8, 278.0
20210330145107.73, 121.3, 2.8, 278.0
20210330145108.8, 121.3, 2.8, 278.0
20210330145109.88, 121.3, 2.8, 280.0
20210330145110.95, 121.3, 2.8, 280.0
20210330145112.02, 121.4, 2.8, 279.0
20210330145113.08, 121.4, 2.8, 279.0
20210330145114.14, 121.4, 2.8, 279.0
20210330145115.2, 121.4, 2.8, 279.0
20210330145116.26, 121.4, 2.8, 280.0
20210330145117.34, 121.4, 2.8, 277.0
20210330145118.49, 121.4, 2.8, 277.0
20210330145119.55, 121.4, 2.8, 278.0
20210330145120.62, 121.4, 2.8, 278.0
20210330145121.68, 121.4, 2.8, 279.0
20210330145122.74, 121.4, 2.8, 279.0
20210330145123.8, 121.4, 2.8, 276.0
20210330145124.84, 121.4, 2.8, 276.0
20210330145125.9, 121.4, 2.8, 280.0
20210330145126.97, 121.4, 2.8, 280.0
20210330145128.03, 121.4, 2.8, 275.0
20210330145129.09, 121.4, 2.8, 275.0
20210330145130.15, 121.4, 2.8, 277.0
20210330145131.21, 121.4, 2.8, 277.0
20210330145132.27, 121.4, 2.8, 278.0
20210330145133.35, 121.4, 2.8, 278.0
20210330145134.41, 121.3, 2.8, 277.0
20210330145135.47, 121.3, 2.8, 277.0
20210330145136.53, 121.3, 2.8, 278.0
20210330145137.59, 121.3, 2.8, 278.0
20210330145138.65, 121.3, 2.8, 280.0
20210330145139.71, 121.3, 2.8, 280.0
20210330145140.77, 121.3, 2.8, 274.0
20210330145141.83, 121.3, 2.8, 274.0
20210330145142.89, 121.2, 2.8, 282.0
20210330145143.95, 121.2, 2.8, 282.0
20210330145145.01, 121.2, 2.8, 280.0
20210330145146.07, 121.2, 2.8, 280.0
20210330145147.13, 121.2, 2.8, 280.0
20210330145148.19, 121.2, 2.8, 280.0
20210330145149.26, 121.3, 2.8, 279.0
20210330145150.33, 121.3, 2.8, 279.0
20210330145151.39, 121.3, 2.8, 280.0
20210330145152.45, 121.3, 2.8, 280.0
20210330145153.5, 121.4, 2.8, 280.0
20210330145154.57, 121.4, 2.8, 280.0
20210330145155.62, 121.4, 2.6999999999999997, 280.0
20210330145156.68, 121.4, 2.6999999999999997, 280.0
20210330145157.74, 121.4, 2.6999999999999997, 280.0
20210330145158.79, 121.4, 2.6999999999999997, 280.0
20210330145159.85, 121.5, 2.6999999999999997, 280.0
20210330145200.92, 121.5, 2.6999999999999997, 280.0
20210330145201.98, 121.4, 2.6999999999999997, 278.0
20210330145203.04, 121.4, 2.6999999999999997, 278.0
20210330145204.08, 121.5, 2.6999999999999997, 279.0
20210330145205.16, 121.5, 2.6999999999999997, 279.0
20210330145206.22, 121.4, 2.6999999999999997, 280.0
20210330145207.29, 121.4, 2.6999999999999997, 280.0
20210330145208.34, 121.4, 2.6999999999999997, 280.0
20210330145209.4, 121.4, 2.6999999999999997, 280.0
20210330145210.46, 120.6, 2.6999999999999997, 263.0
20210330145211.53, 120.6, 2.6999999999999997, 263.0
20210330145212.59, 120.4, 2.6999999999999997, 274.0
20210330145213.65, 120.4, 2.6999999999999997, 274.0
20210330145214.71, 120.4, 2.6999999999999997, 275.0
20210330145215.77, 120.4, 2.6999999999999997, 275.0
20210330145216.83, 120.4, 2.6999999999999997, 277.0
20210330145217.89, 120.4, 2.6999999999999997, 277.0
20210330145218.95, 120.4, 2.6999999999999997, 275.0
20210330145220.11, 120.3, 2.6999999999999997, 275.0
20210330145221.17, 120.3, 2.6999999999999997, 275.0
20210330145222.23, 120.3, 2.6999999999999997, 278.0
20210330145223.29, 120.3, 2.6999999999999997, 278.0
20210330145224.35, 120.4, 2.6999999999999997, 277.0
20210330145225.42, 120.4, 2.6999999999999997, 277.0
20210330145226.48, 120.3, 2.6999999999999997, 276.0
20210330145227.56, 120.3, 2.6999999999999997, 276.0
20210330145228.61, 120.3, 2.6999999999999997, 275.0
20210330145229.67, 120.3, 2.6999999999999997, 275.0
20210330145230.74, 120.3, 2.6999999999999997, 275.0
20210330145231.8, 120.3, 2.6999999999999997, 275.0
20210330145232.86, 120.3, 2.6999999999999997, 276.0
20210330145233.93, 120.3, 2.6999999999999997, 276.0
20210330145234.97, 120.3, 2.6999999999999997, 274.0
20210330145236.03, 120.3, 2.6999999999999997, 274.0
20210330145237.09, 120.2, 2.6999999999999997, 274.0
20210330145238.15, 120.2, 2.6999999999999997, 274.0
20210330145239.21, 120.3, 2.6999999999999997, 275.0
20210330145240.28, 120.3, 2.6999999999999997, 275.0
20210330145241.35, 121.3, 2.6999999999999997, 285.0
20210330145242.41, 121.3, 2.6999999999999997, 285.0
20210330145243.47, 121.5, 2.6999999999999997, 275.0
20210330145244.55, 121.5, 2.6999999999999997, 275.0
20210330145245.62, 121.4, 2.6999999999999997, 278.0
20210330145246.89, 121.4, 2.6999999999999997, 278.0
20210330145247.95, 121.4, 2.9, 278.0
20210330145249.02, 121.4, 2.9, 278.0
20210330145250.1, 121.6, 2.9, 281.0
20210330145251.18, 121.6, 2.9, 281.0
20210330145252.24, 121.7, 2.9, 278.0
20210330145253.31, 121.7, 2.9, 278.0
20210330145254.37, 121.4, 2.9, 275.0
20210330145255.43, 121.4, 2.9, 275.0
20210330145256.52, 121.5, 2.9, 279.0
20210330145257.59, 121.5, 2.9, 279.0
20210330145258.67, 121.5, 2.9, 277.0
20210330145259.75, 121.5, 2.9, 277.0
20210330145300.8, 121.6, 2.9, 279.0
20210330145301.87, 121.6, 2.9, 279.0
20210330145302.93, 121.5, 2.6999999999999997, 276.0
20210330145303.99, 121.5, 2.6999999999999997, 276.0
20210330145305.05, 121.5, 2.6999999999999997, 278.0
20210330145306.11, 121.5, 2.6999999999999997, 278.0
20210330145307.17, 121.5, 2.6999999999999997, 278.0
20210330145308.23, 121.5, 2.6999999999999997, 278.0
20210330145309.3, 121.5, 2.6999999999999997, 276.0
20210330145310.36, 121.5, 2.6999999999999997, 276.0
20210330145311.42, 121.6, 2.6999999999999997, 282.0
20210330145312.5, 121.6, 2.6999999999999997, 282.0
20210330145313.58, 121.5, 2.6999999999999997, 280.0
20210330145314.66, 121.5, 2.6999999999999997, 280.0
20210330145315.73, 121.4, 2.6999999999999997, 280.0
20210330145316.79, 121.4, 2.6999999999999997, 280.0
20210330145317.85, 121.4, 2.6999999999999997, 275.0
20210330145318.92, 121.4, 2.6999999999999997, 275.0
20210330145319.98, 121.7, 2.8, 280.0
20210330145321.04, 121.7, 2.8, 280.0
20210330145322.11, 121.7, 2.8, 281.0
20210330145323.19, 121.7, 2.8, 281.0
20210330145324.25, 121.7, 2.8, 280.0
20210330145325.31, 121.7, 2.8, 280.0
20210330145326.38, 121.6, 2.8, 277.0
20210330145327.44, 121.6, 2.8, 277.0
20210330145328.5, 121.7, 2.8, 280.0
20210330145329.57, 121.7, 2.8, 279.0
20210330145330.72, 121.7, 2.8, 279.0
20210330145331.79, 121.7, 2.8, 282.0
20210330145332.87, 121.7, 2.8, 282.0
20210330145333.95, 121.7, 2.8, 278.0
20210330145335.02, 121.7, 2.8, 278.0
20210330145336.08, 121.8, 2.9, 278.0
20210330145337.16, 121.8, 2.9, 278.0
20210330145338.21, 121.8, 2.9, 283.0
20210330145339.29, 121.8, 2.9, 283.0
20210330145340.36, 121.7, 2.9, 283.0
20210330145341.41, 121.7, 2.9, 283.0
20210330145342.48, 121.8, 2.9, 279.0
20210330145343.58, 121.8, 2.9, 279.0
20210330145344.65, 121.8, 2.9, 279.0
20210330145345.73, 121.8, 2.9, 279.0
20210330145346.79, 121.8, 2.9, 278.0
20210330145347.86, 121.8, 2.9, 278.0
20210330145348.93, 121.7, 2.9, 282.0
20210330145350.0, 121.7, 2.9, 282.0
20210330145351.06, 121.7, 2.9, 280.0
20210330145352.12, 121.7, 2.9, 280.0
20210330145353.16, 121.8, 2.8, 278.0
20210330145354.24, 121.8, 2.8, 278.0
20210330145355.32, 121.7, 2.8, 278.0
20210330145356.39, 121.7, 2.8, 278.0
20210330145357.47, 121.7, 2.8, 283.0
20210330145358.54, 121.7, 2.8, 283.0
20210330145359.62, 121.7, 2.8, 278.0
20210330145400.7, 121.7, 2.8, 278.0
20210330145401.77, 121.7, 2.8, 280.0
20210330145402.85, 121.7, 2.8, 280.0
20210330145403.91, 121.8, 2.8, 283.0
20210330145404.96, 121.8, 2.8, 283.0
20210330145406.03, 121.8, 2.8, 280.0
20210330145407.09, 121.8, 2.8, 280.0
20210330145408.15, 121.8, 2.8, 280.0
20210330145409.22, 121.8, 2.8, 280.0
20210330145410.28, 121.8, 2.9, 279.0
20210330145411.34, 121.8, 2.9, 278.0
20210330145412.5, 121.8, 2.9, 278.0
20210330145413.57, 121.8, 2.9, 282.0
20210330145414.65, 121.8, 2.9, 282.0
20210330145415.71, 121.8, 2.9, 281.0
20210330145416.77, 121.8, 2.9, 281.0
20210330145417.84, 121.8, 2.9, 282.0
20210330145418.9, 121.8, 2.9, 282.0
20210330145419.97, 121.8, 2.9, 280.0
20210330145421.05, 121.8, 2.9, 280.0
20210330145422.11, 121.6, 2.9, 279.0
20210330145423.19, 121.6, 2.9, 279.0
20210330145424.27, 121.7, 2.9, 281.0
20210330145425.36, 121.7, 2.9, 281.0
20210330145426.42, 121.7, 2.9, 281.0
20210330145427.48, 121.7, 2.9, 281.0
20210330145428.54, 121.7, 2.9, 276.0
20210330145429.61, 121.7, 2.9, 276.0
20210330145430.67, 121.8, 2.9, 280.0
20210330145431.75, 121.8, 2.9, 280.0
20210330145432.81, 121.8, 2.9, 277.0
20210330145433.88, 121.8, 2.9, 277.0
20210330145434.94, 121.8, 2.9, 281.0
20210330145436.01, 121.8, 2.9, 281.0
20210330145437.08, 121.8, 2.9, 280.0
20210330145438.17, 121.8, 2.9, 280.0
20210330145439.25, 121.8, 2.9, 280.0
20210330145440.31, 121.8, 2.9, 280.0
20210330145441.38, 121.7, 2.9, 280.0
20210330145442.45, 121.7, 2.9, 280.0
20210330145443.53, 121.7, 2.9, 279.0
20210330145444.62, 121.7, 2.9, 279.0
20210330145445.68, 121.7, 2.9, 275.0
20210330145446.78, 121.7, 2.9, 275.0
20210330145447.88, 121.8, 2.8, 281.0
20210330145448.98, 121.8, 2.8, 278.0
20210330145450.12, 121.8, 2.8, 278.0
20210330145451.19, 121.7, 2.8, 279.0
20210330145452.28, 121.7, 2.8, 279.0
20210330145453.33, 121.7, 2.8, 281.0
20210330145454.41, 121.7, 2.8, 281.0
20210330145455.49, 121.6, 2.8, 280.0
20210330145456.57, 121.6, 2.8, 280.0
20210330145457.64, 121.6, 2.8, 278.0
20210330145458.72, 121.6, 2.8, 278.0
20210330145459.79, 121.6, 2.8, 280.0
20210330145500.88, 121.6, 2.8, 280.0
20210330145501.96, 121.6, 2.8, 275.0
20210330145503.04, 121.6, 2.8, 275.0
20210330145504.11, 121.6, 2.8, 275.0
20210330145505.19, 121.6, 2.8, 275.0
20210330145506.23, 121.7, 2.8, 279.0
20210330145507.29, 121.7, 2.8, 279.0
20210330145508.35, 121.6, 2.8, 277.0
20210330145509.41, 121.6, 2.8, 277.0
20210330145510.46, 121.6, 2.8, 281.0
20210330145511.53, 121.6, 2.8, 281.0
20210330145512.59, 121.6, 2.8, 282.0
20210330145513.64, 121.6, 2.8, 282.0
20210330145514.7, 121.6, 2.8, 275.0
20210330145515.78, 121.6, 2.8, 275.0
20210330145516.84, 121.6, 2.8, 278.0
20210330145517.91, 121.6, 2.8, 278.0
20210330145518.98, 121.6, 2.8, 277.0
20210330145520.04, 121.6, 2.8, 277.0
20210330145521.1, 121.7, 2.6999999999999997, 278.0
20210330145522.18, 121.7, 2.6999999999999997, 278.0
20210330145523.23, 121.7, 2.6999999999999997, 277.0
20210330145524.29, 121.7, 2.6999999999999997, 277.0
20210330145525.36, 121.8, 2.6999999999999997, 282.0
20210330145526.44, 121.8, 2.6999999999999997, 282.0
20210330145527.51, 121.8, 2.6999999999999997, 276.0
20210330145528.73, 121.7, 2.6999999999999997, 278.0
20210330145529.8, 121.7, 2.6999999999999997, 278.0
20210330145530.86, 121.8, 2.6999999999999997, 278.0
20210330145531.94, 121.8, 2.6999999999999997, 278.0
20210330145533.01, 121.8, 2.6999999999999997, 278.0
20210330145534.09, 121.8, 2.6999999999999997, 278.0
20210330145535.18, 121.8, 2.6999999999999997, 281.0
20210330145536.26, 121.8, 2.6999999999999997, 281.0
20210330145537.34, 121.5, 2.6999999999999997, 275.0
20210330145538.41, 121.5, 2.6999999999999997, 275.0
20210330145539.48, 121.7, 2.6999999999999997, 281.0
20210330145540.56, 121.7, 2.6999999999999997, 281.0
20210330145541.62, 121.8, 2.8, 283.0
20210330145542.71, 121.8, 2.8, 283.0
20210330145543.79, 121.8, 2.8, 279.0
20210330145544.86, 121.8, 2.8, 279.0
20210330145545.92, 121.8, 2.8, 279.0
20210330145547.0, 121.8, 2.8, 279.0
20210330145548.07, 121.8, 2.8, 279.0
20210330145549.14, 121.8, 2.8, 279.0
20210330145550.2, 121.8, 2.8, 280.0
20210330145551.26, 121.8, 2.8, 280.0
20210330145552.33, 121.8, 2.8, 282.0
20210330145553.38, 121.8, 2.8, 282.0
20210330145554.45, 121.8, 2.8, 277.0
20210330145555.52, 121.8, 2.8, 277.0
20210330145556.58, 121.8, 2.6999999999999997, 280.0
20210330145557.63, 121.8, 2.6999999999999997, 280.0
20210330145558.69, 121.8, 2.6999999999999997, 281.0
20210330145559.75, 121.8, 2.6999999999999997, 281.0
20210330145600.81, 121.9, 2.6999999999999997, 278.0
20210330145601.87, 121.9, 2.6999999999999997, 278.0
20210330145602.95, 121.9, 2.6999999999999997, 278.0
20210330145604.02, 121.9, 2.6999999999999997, 278.0
20210330145605.08, 121.9, 2.6999999999999997, 277.0
20210330145606.16, 121.9, 2.6999999999999997, 277.0
20210330145607.24, 122.9, 2.6999999999999997, 286.0
20210330145608.32, 122.9, 2.6999999999999997, 281.0
20210330145609.44, 122.9, 2.6999999999999997, 281.0
20210330145610.48, 122.8, 2.6999999999999997, 281.0
20210330145611.54, 122.8, 2.6999999999999997, 281.0
20210330145612.58, 122.8, 2.9, 281.0
20210330145613.64, 122.8, 2.9, 281.0
20210330145614.69, 122.8, 2.9, 280.0
20210330145615.74, 122.8, 2.9, 280.0
20210330145616.81, 122.8, 2.9, 283.0
20210330145617.89, 122.8, 2.9, 283.0
20210330145619.04, 122.8, 2.9, 281.0
20210330145620.12, 122.8, 2.9, 281.0
20210330145621.2, 122.8, 2.9, 281.0
20210330145622.27, 122.8, 2.9, 281.0
20210330145623.33, 122.9, 2.9, 284.0
20210330145624.39, 122.9, 2.9, 284.0
20210330145625.45, 122.9, 2.9, 283.0
20210330145626.5, 122.9, 2.9, 283.0
20210330145627.56, 122.9, 2.9, 281.0
20210330145628.63, 122.9, 2.9, 281.0
20210330145629.69, 123.1, 2.9, 284.0
20210330145630.77, 123.1, 2.9, 284.0
20210330145631.82, 123.1, 2.9, 283.0
20210330145632.88, 123.1, 2.9, 283.0
20210330145633.94, 123.1, 2.9, 283.0
20210330145635.0, 123.1, 2.9, 283.0
20210330145636.05, 122.8, 2.9, 375.0
20210330145637.11, 122.8, 2.9, 375.0
20210330145638.17, 121.4, 2.9, 287.0
20210330145639.23, 121.4, 2.9, 287.0
20210330145640.29, 121.5, 2.9, 440.0
20210330145641.35, 121.5, 2.9, 440.0
20210330145642.41, 121.5, 2.9, 444.0
20210330145643.48, 121.5, 2.9, 444.0
20210330145644.54, 121.5, 2.9, 444.0
20210330145645.61, 121.5, 2.9, 444.0
20210330145646.67, 121.6, 2.9, 444.0
20210330145647.73, 121.6, 2.9, 444.0
20210330145648.79, 121.6, 2.9, 443.0
20210330145649.84, 121.6, 2.9, 443.0
20210330145650.92, 121.6, 5.0, 437.0
20210330145651.97, 121.6, 5.0, 437.0
20210330145653.02, 121.5, 5.0, 445.0
20210330145654.08, 121.5, 5.0, 445.0
20210330145655.14, 121.6, 5.0, 444.0
20210330145656.21, 121.6, 5.0, 444.0
20210330145657.27, 121.5, 5.0, 443.0
20210330145658.33, 121.5, 5.0, 443.0
20210330145659.4, 121.6, 5.0, 446.0
20210330145700.46, 121.6, 5.0, 446.0
20210330145701.52, 121.6, 5.0, 581.0
20210330145702.58, 121.6, 5.0, 581.0
20210330145703.64, 121.6, 5.0, 444.0
20210330145704.8, 121.6, 5.0, 442.0
20210330145705.86, 121.6, 5.0, 442.0
20210330145706.92, 121.6, 5.1, 448.0
20210330145707.98, 121.6, 5.1, 448.0
20210330145709.04, 121.5, 5.1, 434.0
20210330145710.09, 121.5, 5.1, 434.0
20210330145711.16, 121.4, 5.1, 448.0
20210330145712.22, 121.4, 5.1, 448.0
20210330145713.28, 121.4, 5.1, 445.0
20210330145714.35, 121.4, 5.1, 445.0
20210330145715.39, 121.4, 5.1, 438.0
20210330145716.46, 121.4, 5.1, 438.0
20210330145717.52, 121.3, 5.1, 437.0
20210330145718.59, 121.3, 5.1, 437.0
20210330145719.65, 121.4, 5.1, 437.0
20210330145720.7, 121.4, 5.1, 437.0
20210330145721.77, 121.3, 5.1, 434.0
20210330145722.82, 121.3, 5.1, 434.0
20210330145723.89, 121.2, 5.1, 882.0
20210330145724.95, 121.2, 5.1, 882.0
20210330145726.01, 121.2, 11.0, 441.0
20210330145727.07, 121.2, 11.0, 441.0
20210330145728.12, 121.2, 11.0, 442.0
20210330145729.19, 121.2, 11.0, 442.0
20210330145730.25, 121.3, 11.0, 439.0
20210330145731.31, 121.3, 11.0, 439.0
20210330145732.36, 121.3, 11.0, 439.0
20210330145733.42, 121.3, 11.0, 439.0
20210330145734.48, 121.3, 11.0, 440.0
20210330145735.54, 121.3, 11.0, 440.0
20210330145736.6, 121.3, 11.0, 443.0
20210330145737.66, 121.3, 11.0, 443.0
20210330145738.72, 121.5, 11.0, 444.0
20210330145739.79, 121.5, 11.0, 444.0
20210330145740.86, 121.4, 11.0, 442.0
20210330145741.91, 121.4, 11.0, 442.0
20210330145742.97, 121.4, 5.0, 441.0
20210330145744.04, 121.4, 5.0, 441.0
20210330145745.1, 121.4, 5.0, 442.0
20210330145746.16, 121.4, 5.0, 442.0
20210330145747.22, 121.4, 5.0, 440.0
20210330145748.3, 121.4, 5.0, 440.0
20210330145749.36, 121.4, 5.0, 439.0
20210330145750.42, 121.4, 5.0, 439.0
20210330145751.48, 121.4, 5.0, 439.0
20210330145752.54, 121.4, 5.0, 439.0
20210330145753.59, 121.4, 5.0, 437.0
20210330145754.65, 121.4, 5.0, 437.0
20210330145755.71, 121.4, 5.0, 441.0
20210330145756.77, 121.4, 5.0, 441.0
20210330145757.83, 121.4, 5.0, 440.0
20210330145758.89, 121.4, 5.0, 440.0
20210330145759.95, 121.4, 5.0, 438.0
20210330145801.01, 121.4, 5.0, 438.0
20210330145802.06, 121.4, 5.0, 439.0
20210330145803.14, 121.4, 5.0, 439.0
20210330145804.2, 121.3, 5.1, 443.0
20210330145805.27, 121.3, 5.1, 439.0
20210330145806.41, 121.3, 5.1, 439.0
20210330145807.47, 121.2, 5.1, 436.0
20210330145808.53, 121.2, 5.1, 436.0
20210330145809.59, 120.9, 5.1, 437.0
20210330145810.65, 120.9, 5.1, 437.0
20210330145811.7, 121.0, 5.1, 443.0
20210330145812.76, 121.0, 5.1, 443.0
20210330145813.81, 121.0, 5.1, 439.0
20210330145814.87, 121.0, 5.1, 439.0
20210330145815.93, 121.0, 5.1, 439.0
20210330145817.01, 121.0, 5.1, 439.0
20210330145818.08, 121.0, 5.1, 437.0
20210330145819.15, 121.0, 5.1, 437.0
20210330145820.23, 121.0, 5.0, 438.0
20210330145821.3, 121.0, 5.0, 438.0
20210330145822.38, 121.1, 5.0, 437.0
20210330145823.46, 121.1, 5.0, 437.0
20210330145824.53, 121.1, 5.0, 438.0
20210330145825.61, 121.1, 5.0, 438.0
20210330145826.67, 121.1, 5.0, 440.0
20210330145827.74, 121.1, 5.0, 440.0
20210330145828.8, 121.0, 5.0, 441.0
20210330145829.88, 121.0, 5.0, 441.0
20210330145830.95, 121.0, 5.0, 442.0
20210330145832.04, 121.0, 5.0, 442.0
20210330145833.11, 120.9, 5.0, 435.0
20210330145834.18, 120.9, 5.0, 435.0
20210330145835.23, 121.0, 5.0, 428.0
20210330145836.3, 121.0, 5.0, 428.0
20210330145837.37, 121.0, 5.0, 431.0
20210330145838.44, 121.0, 5.0, 431.0
20210330145839.52, 120.9, 4.8, 427.0
20210330145840.59, 120.9, 4.8, 427.0
20210330145841.63, 120.9, 4.8, 430.0
20210330145842.71, 120.9, 4.8, 430.0
20210330145843.77, 120.9, 4.8, 428.0
20210330145844.83, 120.9, 4.8, 428.0
20210330145845.88, 120.9, 4.8, 427.0
20210330145846.95, 120.9, 4.8, 427.0
20210330145848.01, 120.9, 4.8, 425.0
20210330145849.07, 120.9, 4.8, 425.0
20210330145850.13, 120.9, 4.8, 428.0
20210330145851.2, 120.9, 4.8, 428.0
20210330145852.25, 120.8, 4.8, 425.0
20210330145853.31, 120.8, 4.8, 426.0
20210330145854.46, 120.8, 4.8, 426.0
20210330145855.5, 120.8, 4.8, 428.0
20210330145856.58, 120.8, 4.8, 428.0
20210330145857.64, 120.8, 4.9, 424.0
20210330145858.7, 120.8, 4.9, 424.0
20210330145859.76, 120.8, 4.9, 428.0
20210330145900.82, 120.8, 4.9, 428.0
20210330145901.87, 120.8, 4.9, 427.0
20210330145902.93, 120.8, 4.9, 427.0
20210330145903.98, 120.8, 4.9, 426.0
20210330145905.05, 120.8, 4.9, 426.0
20210330145906.11, 120.8, 4.9, 426.0
20210330145907.19, 120.8, 4.9, 426.0
20210330145908.25, 120.8, 4.9, 423.0
20210330145909.3, 120.8, 4.9, 423.0
20210330145910.36, 120.8, 4.9, 429.0
20210330145911.44, 120.8, 4.9, 429.0
20210330145912.5, 120.8, 4.9, 426.0
20210330145913.58, 120.8, 4.9, 426.0
20210330145914.65, 120.8, 4.9, 431.0
20210330145915.71, 120.8, 4.9, 431.0
20210330145916.77, 120.9, 4.9, 426.0
20210330145917.82, 120.9, 4.9, 426.0
20210330145918.88, 120.9, 4.8, 430.0
20210330145919.94, 120.9, 4.8, 430.0
20210330145921.0, 120.9, 4.8, 428.0
20210330145922.06, 120.9, 4.8, 428.0
20210330145923.12, 120.9, 4.8, 428.0
20210330145924.18, 120.9, 4.8, 428.0
20210330145925.23, 120.9, 4.8, 429.0
20210330145926.3, 120.9, 4.8, 429.0
20210330145927.36, 120.9, 4.8, 276.0
20210330145928.44, 120.9, 4.8, 276.0
20210330145929.5, 120.9, 4.8, 277.0
20210330145930.56, 120.9, 4.8, 277.0
20210330145931.62, 120.9, 4.8, 277.0
20210330145932.7, 120.9, 4.8, 277.0
20210330145933.76, 120.9, 4.8, 277.0
20210330145934.81, 120.9, 4.8, 277.0
20210330145935.87, 120.9, 4.8, 277.0
20210330145936.93, 120.9, 4.8, 277.0
20210330145938.0, 120.9, 2.9, 278.0
20210330145939.05, 120.9, 2.9, 278.0
20210330145940.11, 120.9, 2.9, 277.0
20210330145941.17, 120.9, 2.9, 277.0
20210330145942.23, 120.9, 2.9, 280.0
20210330145943.29, 120.9, 2.9, 280.0
20210330145944.36, 120.9, 2.9, 276.0
20210330145945.43, 120.9, 2.9, 276.0
20210330145946.49, 120.9, 2.9, 275.0
20210330145947.7, 120.9, 2.9, 275.0
20210330145948.77, 120.9, 2.9, 275.0
20210330145949.83, 120.9, 2.9, 277.0
20210330145950.9, 120.9, 2.9, 277.0
20210330145951.96, 120.8, 2.9, 275.0
20210330145953.04, 120.8, 2.9, 275.0
20210330145954.12, 120.8, 2.9, 275.0
20210330145955.18, 120.8, 2.9, 275.0
20210330145956.23, 120.8, 2.6999999999999997, 275.0
20210330145957.3, 120.8, 2.6999999999999997, 275.0
20210330145958.36, 120.8, 2.6999999999999997, 275.0
20210330145959.43, 120.8, 2.6999999999999997, 275.0
