20210323160000.69, 120.9, 0.0, 0.0
20210323160001.81, 120.9, 0.0, 0.0
20210323160002.9, 120.9, 0.0, 0.0
20210323160004.03, 120.9, 0.0, 0.0
20210323160005.15, 121.0, 0.0, 0.0
20210323160006.22, 121.0, 0.0, 0.0
20210323160007.32, 121.0, 0.0, 0.0
20210323160008.58, 121.0, 0.0, 0.0
20210323160009.64, 121.0, 0.0, 0.0
20210323160010.78, 121.0, 0.0, 0.0
20210323160011.86, 121.0, 0.0, 0.0
20210323160012.98, 121.0, 0.0, 0.0
20210323160014.1, 121.0, 0.0, 0.0
20210323160015.21, 121.0, 0.0, 0.0
20210323160016.34, 121.0, 0.0, 0.0
20210323160017.47, 121.0, 0.0, 0.0
20210323160018.62, 121.0, 0.0, 0.0
20210323160019.69, 121.1, 0.0, 0.0
20210323160020.84, 121.0, 0.0, 0.0
20210323160021.96, 121.0, 0.0, 0.0
20210323160023.08, 121.0, 0.0, 0.0
20210323160024.22, 121.0, 0.0, 0.0
20210323160025.31, 121.0, 0.0, 0.0
20210323160026.42, 121.0, 0.0, 0.0
20210323160027.54, 121.0, 0.0, 0.0
20210323160028.65, 121.0, 0.0, 0.0
20210323160029.71, 121.0, 0.0, 0.0
20210323160030.86, 121.0, 0.0, 0.0
20210323160032.0, 121.0, 0.0, 0.0
20210323160033.11, 121.0, 0.0, 0.0
20210323160034.16, 121.0, 0.0, 0.0
20210323160035.22, 121.0, 0.0, 0.0
20210323160036.38, 121.1, 0.0, 0.0
20210323160037.46, 121.0, 0.0, 0.0
20210323160038.54, 121.0, 0.0, 0.0
20210323160039.65, 121.1, 0.0, 0.0
20210323160040.77, 121.1, 0.0, 0.0
20210323160041.9, 121.1, 0.0, 0.0
20210323160043.05, 121.1, 0.0, 0.0
20210323160044.11, 121.1, 0.0, 0.0
20210323160045.26, 121.1, 0.0, 0.0
20210323160046.39, 121.1, 0.0, 0.0
20210323160047.54, 121.1, 0.0, 0.0
20210323160048.7, 121.1, 0.0, 0.0
20210323160049.77, 121.1, 0.0, 0.0
20210323160050.85, 121.1, 0.0, 0.0
20210323160051.93, 121.0, 0.0, 0.0
20210323160053.05, 121.0, 0.0, 0.0
20210323160054.18, 121.1, 0.0, 0.0
20210323160055.3, 121.1, 0.0, 0.0
20210323160056.41, 121.0, 0.0, 0.0
20210323160057.57, 121.0, 0.0, 0.0
20210323160058.64, 121.1, 0.0, 0.0
20210323160059.73, 121.1, 0.0, 0.0
20210323160100.84, 121.0, 0.0, 0.0
20210323160102.08, 121.0, 0.0, 0.0
20210323160103.15, 121.0, 0.0, 0.0
20210323160104.29, 121.0, 0.0, 0.0
20210323160105.36, 121.0, 0.0, 0.0
20210323160106.48, 121.0, 0.0, 0.0
20210323160107.6, 121.0, 0.0, 0.0
20210323160108.74, 121.0, 0.0, 0.0
20210323160109.8, 121.0, 0.0, 0.0
20210323160110.92, 121.0, 0.0, 0.0
20210323160112.0, 121.0, 0.0, 0.0
20210323160113.11, 121.0, 0.0, 0.0
20210323160114.23, 121.0, 0.0, 0.0
20210323160115.37, 121.0, 0.0, 0.0
20210323160116.44, 121.0, 0.0, 0.0
20210323160117.53, 121.0, 0.0, 0.0
20210323160118.65, 121.0, 0.0, 0.0
20210323160119.73, 121.0, 0.0, 0.0
20210323160120.88, 121.1, 0.0, 0.0
20210323160122.02, 121.1, 0.0, 0.0
20210323160123.09, 121.1, 0.0, 0.0
20210323160124.22, 121.1, 0.0, 0.0
20210323160125.36, 121.1, 0.0, 0.0
20210323160126.51, 121.1, 0.0, 0.0
20210323160127.57, 121.1, 0.0, 0.0
20210323160128.69, 121.1, 0.0, 0.0
20210323160129.74, 121.0, 0.0, 0.0
20210323160130.86, 121.0, 0.0, 0.0
20210323160131.94, 121.0, 0.0, 0.0
20210323160133.07, 121.1, 0.0, 0.0
20210323160134.13, 121.1, 0.0, 0.0
20210323160135.2, 121.1, 0.0, 0.0
20210323160136.35, 121.1, 0.0, 0.0
20210323160137.48, 121.1, 0.0, 0.0
20210323160138.55, 121.1, 0.0, 0.0
20210323160139.65, 121.1, 0.0, 0.0
20210323160140.8, 121.1, 0.0, 0.0
20210323160141.93, 121.0, 0.0, 0.0
20210323160143.2, 121.0, 0.0, 0.0
20210323160144.27, 121.0, 0.0, 0.0
20210323160145.41, 121.0, 0.0, 0.0
20210323160146.57, 121.0, 0.0, 0.0
20210323160147.65, 121.0, 0.0, 0.0
20210323160148.78, 121.0, 0.0, 0.0
20210323160149.84, 121.0, 0.0, 0.0
20210323160150.95, 121.0, 0.0, 0.0
20210323160152.08, 121.0, 0.0, 0.0
20210323160153.19, 121.0, 0.0, 0.0
20210323160154.29, 121.0, 0.0, 0.0
20210323160155.53, 121.0, 0.0, 0.0
20210323160156.6, 121.0, 0.0, 0.0
20210323160157.66, 121.1, 0.0, 0.0
20210323160158.75, 121.1, 0.0, 0.0
20210323160159.87, 121.1, 0.0, 0.0
20210323160200.94, 121.1, 0.0, 0.0
20210323160202.0, 121.0, 0.0, 0.0
20210323160203.12, 121.0, 0.0, 0.0
20210323160204.2, 121.1, 0.0, 0.0
20210323160205.34, 121.1, 0.0, 0.0
20210323160206.47, 121.1, 0.0, 0.0
20210323160207.59, 121.1, 0.0, 0.0
20210323160208.73, 121.1, 0.0, 0.0
20210323160209.87, 121.1, 0.0, 0.0
20210323160211.07, 121.1, 0.0, 0.0
20210323160212.2, 121.0, 0.0, 0.0
20210323160213.33, 121.0, 0.0, 0.0
20210323160214.45, 121.0, 0.0, 0.0
20210323160215.6, 121.0, 0.0, 0.0
20210323160216.72, 121.0, 0.0, 0.0
20210323160217.87, 121.0, 0.0, 0.0
20210323160219.0, 121.1, 0.0, 0.0
20210323160220.22, 121.0, 0.0, 0.0
20210323160221.33, 121.0, 0.0, 0.0
20210323160222.44, 121.1, 0.0, 0.0
20210323160223.56, 121.1, 0.0, 0.0
20210323160224.71, 121.1, 0.0, 0.0
20210323160225.81, 121.1, 0.0, 0.0
20210323160226.88, 121.1, 0.0, 0.0
20210323160228.04, 121.1, 0.0, 0.0
20210323160229.16, 121.0, 0.0, 0.0
20210323160230.29, 121.0, 0.0, 0.0
20210323160231.39, 121.0, 0.0, 0.0
20210323160232.54, 121.0, 0.0, 0.0
20210323160233.62, 121.0, 0.0, 0.0
20210323160234.73, 121.0, 0.0, 0.0
20210323160235.8, 121.0, 0.0, 0.0
20210323160236.89, 121.1, 0.0, 0.0
20210323160237.95, 121.1, 0.0, 0.0
20210323160239.05, 121.0, 0.0, 0.0
20210323160240.16, 121.0, 0.0, 0.0
20210323160241.27, 121.1, 0.0, 0.0
20210323160242.32, 121.1, 0.0, 0.0
20210323160243.37, 121.1, 0.0, 0.0
20210323160244.47, 121.1, 0.0, 0.0
20210323160245.55, 121.1, 0.0, 0.0
20210323160246.65, 121.1, 0.0, 0.0
20210323160247.74, 121.1, 0.0, 0.0
20210323160248.84, 121.1, 0.0, 0.0
20210323160249.9, 121.1, 0.0, 0.0
20210323160251.02, 121.1, 0.0, 0.0
20210323160252.1, 121.1, 0.0, 0.0
20210323160253.22, 121.0, 0.0, 0.0
20210323160254.3, 121.0, 0.0, 0.0
20210323160255.38, 121.0, 0.0, 0.0
20210323160256.5, 121.0, 0.0, 0.0
20210323160257.61, 121.1, 0.0, 0.0
20210323160258.68, 121.1, 0.0, 0.0
20210323160259.82, 121.0, 0.0, 0.0
20210323160300.96, 121.0, 0.0, 0.0
20210323160302.05, 121.0, 0.0, 0.0
20210323160303.14, 121.0, 0.0, 0.0
20210323160304.26, 121.0, 0.0, 0.0
20210323160305.41, 121.0, 0.0, 0.0
20210323160306.54, 121.0, 0.0, 0.0
20210323160307.62, 121.0, 0.0, 0.0
20210323160308.71, 121.0, 0.0, 0.0
20210323160309.77, 121.1, 0.0, 0.0
20210323160310.93, 121.1, 0.0, 0.0
20210323160311.98, 121.1, 0.0, 0.0
20210323160313.11, 121.1, 0.0, 0.0
20210323160314.23, 121.1, 0.0, 0.0
20210323160315.28, 121.1, 0.0, 0.0
20210323160316.41, 121.0, 0.0, 0.0
20210323160317.53, 121.0, 0.0, 0.0
20210323160318.65, 121.0, 0.0, 0.0
20210323160319.71, 121.0, 0.0, 0.0
20210323160320.88, 121.0, 0.0, 0.0
20210323160321.98, 121.0, 0.0, 0.0
20210323160323.06, 121.0, 0.0, 0.0
20210323160324.14, 121.0, 0.0, 0.0
20210323160325.29, 121.0, 0.0, 0.0
20210323160326.36, 121.0, 0.0, 0.0
20210323160327.41, 121.0, 0.0, 0.0
20210323160328.54, 121.0, 0.0, 0.0
20210323160329.62, 121.0, 0.0, 0.0
20210323160330.76, 121.0, 0.0, 0.0
20210323160331.87, 121.0, 0.0, 0.0
20210323160332.96, 120.9, 0.0, 0.0
20210323160334.05, 120.9, 0.0, 0.0
20210323160335.12, 121.0, 0.0, 0.0
20210323160336.18, 121.1, 0.0, 0.0
20210323160337.28, 121.1, 0.0, 0.0
20210323160338.42, 121.2, 0.0, 0.0
20210323160339.51, 121.2, 0.0, 0.0
20210323160340.65, 121.2, 0.0, 0.0
20210323160341.75, 121.2, 0.0, 0.0
20210323160342.88, 121.1, 0.0, 0.0
20210323160343.96, 121.1, 0.0, 0.0
20210323160345.09, 121.1, 0.0, 0.0
20210323160346.19, 121.1, 0.0, 0.0
20210323160347.33, 121.1, 0.0, 0.0
20210323160348.6, 121.0, 0.0, 0.0
20210323160349.66, 121.0, 0.0, 0.0
20210323160350.8, 121.1, 0.0, 0.0
20210323160351.93, 121.1, 0.0, 0.0
20210323160353.04, 121.1, 0.0, 0.0
20210323160354.1, 121.1, 0.0, 0.0
20210323160355.19, 121.0, 0.0, 0.0
20210323160356.31, 121.0, 0.0, 0.0
20210323160357.4, 121.1, 0.0, 0.0
20210323160358.51, 121.1, 0.0, 0.0
20210323160359.62, 121.0, 0.0, 0.0
20210323160400.94, 121.1, 0.0, 0.0
20210323160402.05, 121.1, 0.0, 0.0
20210323160403.15, 121.1, 0.0, 0.0
20210323160404.23, 121.1, 0.0, 0.0
20210323160405.42, 121.0, 0.0, 0.0
20210323160406.64, 121.0, 0.0, 0.0
20210323160407.77, 121.0, 0.0, 0.0
20210323160408.94, 121.0, 0.0, 0.0
20210323160410.1, 121.1, 0.0, 0.0
20210323160411.32, 121.1, 0.0, 0.0
20210323160412.49, 121.1, 0.0, 0.0
20210323160413.67, 121.0, 0.0, 0.0
20210323160414.82, 121.0, 0.0, 0.0
20210323160415.93, 121.1, 0.0, 0.0
20210323160416.99, 121.1, 0.0, 0.0
20210323160418.11, 121.1, 0.0, 0.0
20210323160419.24, 121.1, 0.0, 0.0
20210323160420.28, 121.1, 0.0, 0.0
20210323160421.42, 121.1, 0.0, 0.0
20210323160422.58, 121.1, 0.0, 0.0
20210323160423.66, 121.1, 0.0, 0.0
20210323160424.77, 121.1, 0.0, 0.0
20210323160425.91, 121.1, 0.0, 0.0
20210323160427.01, 121.1, 0.0, 0.0
20210323160428.12, 121.1, 0.0, 0.0
20210323160429.21, 121.1, 0.0, 0.0
20210323160430.35, 121.1, 0.0, 0.0
20210323160431.48, 121.1, 0.0, 0.0
20210323160432.62, 121.1, 0.0, 0.0
20210323160433.75, 121.1, 0.0, 0.0
20210323160434.95, 121.1, 0.0, 0.0
20210323160436.08, 121.1, 0.0, 0.0
20210323160437.18, 121.1, 0.0, 0.0
20210323160438.32, 121.0, 0.0, 0.0
20210323160439.45, 121.0, 0.0, 0.0
20210323160440.53, 121.1, 0.0, 0.0
20210323160441.63, 121.1, 0.0, 0.0
20210323160442.71, 121.1, 0.0, 0.0
20210323160443.78, 121.1, 0.0, 0.0
20210323160444.88, 121.1, 0.0, 0.0
20210323160446.02, 121.1, 0.0, 0.0
20210323160447.11, 121.1, 0.0, 0.0
20210323160448.36, 121.1, 0.0, 0.0
20210323160449.46, 121.1, 0.0, 0.0
20210323160450.59, 121.0, 0.0, 0.0
20210323160451.65, 121.0, 0.0, 0.0
20210323160452.72, 121.0, 0.0, 0.0
20210323160453.84, 121.0, 0.0, 0.0
20210323160454.98, 121.0, 0.0, 0.0
20210323160456.09, 121.0, 0.0, 0.0
20210323160457.16, 121.0, 0.0, 0.0
20210323160458.3, 121.0, 0.0, 0.0
20210323160459.44, 121.0, 0.0, 0.0
20210323160500.5, 121.0, 0.0, 0.0
20210323160501.55, 121.0, 0.0, 0.0
20210323160502.77, 121.0, 0.0, 0.0
20210323160503.88, 121.0, 0.0, 0.0
20210323160504.98, 121.0, 0.0, 0.0
20210323160506.1, 121.0, 0.0, 0.0
20210323160507.19, 121.0, 0.0, 0.0
20210323160508.34, 121.0, 0.0, 0.0
20210323160509.46, 121.1, 0.0, 0.0
20210323160510.61, 121.1, 0.0, 0.0
20210323160511.72, 121.1, 0.0, 0.0
20210323160512.8, 121.1, 0.0, 0.0
20210323160513.88, 121.1, 0.0, 0.0
20210323160515.15, 121.1, 0.0, 0.0
20210323160516.23, 121.1, 0.0, 0.0
20210323160517.36, 121.1, 0.0, 0.0
20210323160518.51, 121.1, 0.0, 0.0
20210323160519.62, 121.1, 0.0, 0.0
20210323160520.7, 121.1, 0.0, 0.0
20210323160521.82, 121.2, 0.0, 0.0
20210323160522.93, 121.2, 0.0, 0.0
20210323160524.06, 121.1, 0.0, 0.0
20210323160525.2, 121.1, 0.0, 0.0
20210323160526.26, 121.1, 0.0, 0.0
20210323160527.32, 121.1, 0.0, 0.0
20210323160528.5, 121.1, 0.0, 0.0
20210323160529.6, 121.1, 0.0, 0.0
20210323160530.67, 121.1, 0.0, 0.0
20210323160531.73, 121.1, 0.0, 0.0
20210323160532.88, 121.1, 0.0, 0.0
20210323160533.95, 121.1, 0.0, 0.0
20210323160535.11, 121.1, 0.0, 0.0
20210323160536.2, 121.1, 0.0, 0.0
20210323160537.34, 121.1, 0.0, 0.0
20210323160538.47, 121.1, 0.0, 0.0
20210323160539.57, 121.1, 0.0, 0.0
20210323160540.63, 121.1, 0.0, 0.0
20210323160541.7, 121.1, 0.0, 0.0
20210323160542.9, 121.1, 0.0, 0.0
20210323160544.02, 121.1, 0.0, 0.0
20210323160545.12, 121.1, 0.0, 0.0
20210323160546.24, 121.1, 0.0, 0.0
20210323160547.33, 121.1, 0.0, 0.0
20210323160548.48, 121.1, 0.0, 0.0
20210323160549.61, 121.1, 0.0, 0.0
20210323160550.71, 121.1, 0.0, 0.0
20210323160551.87, 121.1, 0.0, 0.0
20210323160552.97, 121.1, 0.0, 0.0
20210323160554.22, 121.1, 0.0, 0.0
20210323160555.29, 121.1, 0.0, 0.0
20210323160556.43, 121.1, 0.0, 0.0
20210323160557.5, 121.1, 0.0, 0.0
20210323160558.63, 121.2, 0.0, 0.0
20210323160559.77, 121.2, 0.0, 0.0
20210323160600.9, 121.2, 0.0, 0.0
20210323160602.04, 121.2, 0.0, 0.0
20210323160603.15, 121.2, 0.0, 0.0
20210323160604.27, 121.2, 0.0, 0.0
20210323160605.4, 121.2, 0.0, 0.0
20210323160606.53, 121.2, 0.0, 0.0
20210323160607.61, 121.2, 0.0, 0.0
20210323160608.7, 121.1, 0.0, 0.0
20210323160609.81, 121.1, 0.0, 0.0
20210323160610.95, 121.1, 0.0, 0.0
20210323160612.05, 121.1, 0.0, 0.0
20210323160613.17, 121.1, 0.0, 0.0
20210323160614.29, 121.1, 0.0, 0.0
20210323160615.39, 121.1, 0.0, 0.0
20210323160616.51, 121.1, 0.0, 0.0
20210323160617.62, 121.2, 0.0, 0.0
20210323160618.72, 121.2, 0.0, 0.0
20210323160619.78, 121.2, 0.0, 0.0
20210323160620.9, 121.2, 0.0, 0.0
20210323160622.05, 121.2, 0.0, 0.0
20210323160623.11, 121.2, 0.0, 0.0
20210323160624.18, 121.2, 0.0, 0.0
20210323160625.3, 121.2, 0.0, 0.0
20210323160626.43, 121.2, 0.0, 0.0
20210323160627.57, 121.2, 0.0, 0.0
20210323160628.62, 121.2, 0.0, 0.0
20210323160629.68, 121.2, 0.0, 0.0
20210323160630.76, 121.2, 0.0, 0.0
20210323160631.89, 121.1, 0.0, 0.0
20210323160633.05, 121.1, 0.0, 0.0
20210323160634.16, 121.1, 0.0, 0.0
20210323160635.31, 121.1, 0.0, 0.0
20210323160636.5, 121.1, 0.0, 0.0
20210323160637.62, 121.1, 0.0, 0.0
20210323160638.78, 121.1, 0.0, 0.0
20210323160639.92, 121.1, 0.0, 0.0
20210323160641.03, 121.1, 0.0, 0.0
20210323160642.09, 121.1, 0.0, 0.0
20210323160643.23, 121.1, 0.0, 0.0
20210323160644.39, 121.1, 0.0, 0.0
20210323160645.54, 121.1, 0.0, 0.0
20210323160646.64, 121.1, 0.0, 0.0
20210323160647.7, 121.1, 0.0, 0.0
20210323160648.83, 121.1, 0.0, 0.0
20210323160649.98, 121.1, 0.0, 0.0
20210323160651.13, 121.1, 0.0, 0.0
20210323160652.27, 121.1, 0.0, 0.0
20210323160653.4, 121.1, 0.0, 0.0
20210323160654.51, 121.1, 0.0, 0.0
20210323160655.63, 121.1, 0.0, 0.0
20210323160656.71, 121.1, 0.0, 0.0
20210323160657.85, 121.1, 0.0, 0.0
20210323160658.98, 121.1, 0.0, 0.0
20210323160700.08, 121.2, 0.0, 0.0
20210323160701.14, 121.2, 0.0, 0.0
20210323160702.27, 121.1, 0.0, 0.0
20210323160703.39, 121.1, 0.0, 0.0
20210323160704.46, 121.1, 0.0, 0.0
20210323160705.58, 121.1, 0.0, 0.0
20210323160706.68, 121.1, 0.0, 0.0
20210323160707.8, 121.1, 0.0, 0.0
20210323160708.93, 121.1, 0.0, 0.0
20210323160710.06, 121.1, 0.0, 0.0
20210323160711.16, 121.1, 0.0, 0.0
20210323160712.28, 121.1, 0.0, 0.0
20210323160713.38, 121.1, 0.0, 0.0
20210323160714.47, 121.1, 0.0, 0.0
20210323160715.58, 121.1, 0.0, 0.0
20210323160716.71, 121.1, 0.0, 0.0
20210323160717.85, 121.1, 0.0, 0.0
20210323160718.94, 121.1, 0.0, 0.0
20210323160720.09, 121.1, 0.0, 0.0
20210323160721.16, 121.1, 0.0, 0.0
20210323160722.29, 121.1, 0.0, 0.0
20210323160723.4, 121.2, 0.0, 0.0
20210323160724.5, 121.2, 0.0, 0.0
20210323160725.61, 121.2, 0.0, 0.0
20210323160726.76, 121.2, 0.0, 0.0
20210323160727.86, 121.2, 0.0, 0.0
20210323160728.98, 121.2, 0.0, 0.0
20210323160730.09, 121.2, 0.0, 0.0
20210323160731.22, 121.2, 0.0, 0.0
20210323160732.37, 121.2, 0.0, 0.0
20210323160733.45, 121.2, 0.0, 0.0
20210323160734.62, 121.2, 0.0, 0.0
20210323160735.75, 121.2, 0.0, 0.0
20210323160736.91, 121.2, 0.0, 0.0
20210323160738.05, 121.2, 0.0, 0.0
20210323160739.2, 121.3, 0.0, 0.0
20210323160740.28, 121.3, 0.0, 0.0
20210323160741.33, 121.2, 0.0, 0.0
20210323160742.43, 121.2, 0.0, 0.0
20210323160743.52, 121.2, 0.0, 0.0
20210323160744.68, 121.2, 0.0, 0.0
20210323160745.79, 121.2, 0.0, 0.0
20210323160746.9, 121.2, 0.0, 0.0
20210323160748.04, 121.3, 0.0, 0.0
20210323160749.2, 121.3, 0.0, 0.0
20210323160750.33, 121.3, 0.0, 0.0
20210323160751.54, 121.3, 0.0, 0.0
20210323160752.62, 121.3, 0.0, 0.0
20210323160753.67, 121.3, 0.0, 0.0
20210323160754.75, 121.3, 0.0, 0.0
20210323160755.86, 121.3, 0.0, 0.0
20210323160756.98, 121.3, 0.0, 0.0
20210323160758.09, 121.3, 0.0, 0.0
20210323160759.18, 121.3, 0.0, 0.0
20210323160800.27, 121.3, 0.0, 0.0
20210323160801.42, 121.3, 0.0, 0.0
20210323160802.56, 121.2, 0.0, 0.0
20210323160803.66, 121.2, 0.0, 0.0
20210323160804.75, 121.2, 0.0, 0.0
20210323160805.85, 121.2, 0.0, 0.0
20210323160807.02, 121.2, 0.0, 0.0
20210323160808.11, 121.2, 0.0, 0.0
20210323160809.22, 121.2, 0.0, 0.0
20210323160810.31, 121.2, 0.0, 0.0
20210323160811.41, 121.2, 0.0, 0.0
20210323160812.46, 121.2, 0.0, 0.0
20210323160813.59, 121.2, 0.0, 0.0
20210323160814.73, 121.2, 0.0, 0.0
20210323160815.84, 121.2, 0.0, 0.0
20210323160816.99, 121.2, 0.0, 0.0
20210323160818.1, 121.2, 0.0, 0.0
20210323160819.3, 121.2, 0.0, 0.0
20210323160820.38, 121.3, 0.0, 0.0
20210323160821.46, 121.3, 0.0, 0.0
20210323160822.58, 121.3, 0.0, 0.0
20210323160823.7, 121.3, 0.0, 0.0
20210323160824.83, 121.3, 0.0, 0.0
20210323160825.9, 121.3, 0.0, 0.0
20210323160827.0, 121.3, 0.0, 0.0
20210323160828.14, 121.3, 0.0, 0.0
20210323160829.24, 121.2, 0.0, 0.0
20210323160830.37, 121.2, 0.0, 0.0
20210323160831.5, 121.2, 0.0, 0.0
20210323160832.7, 121.2, 0.0, 0.0
20210323160833.76, 121.2, 0.0, 0.0
20210323160834.89, 121.2, 0.0, 0.0
20210323160836.04, 121.2, 0.0, 0.0
20210323160837.18, 121.2, 0.0, 0.0
20210323160838.3, 121.2, 0.0, 0.0
20210323160839.39, 121.3, 0.0, 0.0
20210323160840.47, 121.3, 0.0, 0.0
20210323160841.58, 121.2, 0.0, 0.0
20210323160842.7, 121.2, 0.0, 0.0
20210323160843.8, 121.2, 0.0, 0.0
20210323160844.92, 121.2, 0.0, 0.0
20210323160845.98, 121.3, 0.0, 0.0
20210323160847.11, 121.2, 0.0, 0.0
20210323160848.18, 121.2, 0.0, 0.0
20210323160849.31, 121.3, 0.0, 0.0
20210323160850.46, 121.3, 0.0, 0.0
20210323160851.54, 121.3, 0.0, 0.0
20210323160852.64, 121.3, 0.0, 0.0
20210323160853.74, 121.3, 0.0, 0.0
20210323160854.88, 121.3, 0.0, 0.0
20210323160856.02, 121.3, 0.0, 0.0
20210323160857.13, 121.3, 0.0, 0.0
20210323160858.22, 121.3, 0.0, 0.0
20210323160859.48, 121.2, 0.0, 0.0
20210323160900.56, 121.2, 0.0, 0.0
20210323160901.65, 121.2, 0.0, 0.0
20210323160902.8, 121.2, 0.0, 0.0
20210323160903.91, 121.2, 0.0, 0.0
20210323160904.96, 121.2, 0.0, 0.0
20210323160906.09, 121.2, 0.0, 0.0
20210323160907.18, 121.2, 0.0, 0.0
20210323160908.25, 121.3, 0.0, 0.0
20210323160909.41, 121.3, 0.0, 0.0
20210323160910.53, 121.3, 0.0, 0.0
20210323160911.62, 121.3, 0.0, 0.0
20210323160912.68, 121.2, 0.0, 0.0
20210323160913.9, 121.2, 0.0, 0.0
20210323160914.99, 121.2, 0.0, 0.0
20210323160916.05, 121.2, 0.0, 0.0
20210323160917.13, 121.2, 0.0, 0.0
20210323160918.23, 121.2, 0.0, 0.0
20210323160919.29, 121.2, 0.0, 0.0
20210323160920.38, 121.2, 0.0, 0.0
20210323160921.48, 121.2, 0.0, 0.0
20210323160922.58, 121.2, 0.0, 0.0
20210323160923.68, 121.2, 0.0, 0.0
20210323160924.81, 121.2, 0.0, 0.0
20210323160925.89, 121.2, 0.0, 0.0
20210323160927.02, 121.2, 0.0, 0.0
20210323160928.07, 121.2, 0.0, 0.0
20210323160929.16, 121.2, 0.0, 0.0
20210323160930.3, 121.2, 0.0, 0.0
20210323160931.49, 121.2, 0.0, 0.0
20210323160932.63, 121.1, 0.0, 0.0
20210323160933.72, 121.1, 0.0, 0.0
20210323160934.79, 121.1, 0.0, 0.0
20210323160935.91, 121.1, 0.0, 0.0
20210323160937.03, 121.2, 0.0, 0.0
20210323160938.16, 121.2, 0.0, 0.0
20210323160939.25, 121.2, 0.0, 0.0
20210323160940.36, 121.2, 0.0, 0.0
20210323160941.48, 121.2, 0.0, 0.0
20210323160942.54, 121.2, 0.0, 0.0
20210323160943.63, 121.2, 0.0, 0.0
20210323160944.79, 121.3, 0.0, 0.0
20210323160945.9, 121.3, 0.0, 0.0
20210323160947.01, 121.2, 0.0, 0.0
20210323160948.12, 121.2, 0.0, 0.0
20210323160949.18, 121.2, 0.0, 0.0
20210323160950.25, 121.2, 0.0, 0.0
20210323160951.35, 121.2, 0.0, 0.0
20210323160952.48, 121.2, 0.0, 0.0
20210323160953.61, 121.2, 0.0, 0.0
20210323160954.77, 121.2, 0.0, 0.0
20210323160955.83, 121.3, 0.0, 0.0
20210323160956.96, 121.3, 0.0, 0.0
20210323160958.02, 121.3, 0.0, 0.0
20210323160959.12, 121.2, 0.0, 0.0
20210323161000.22, 121.2, 0.0, 0.0
20210323161001.33, 121.3, 0.0, 0.0
20210323161002.48, 121.3, 0.0, 0.0
20210323161003.62, 121.3, 0.0, 0.0
20210323161004.75, 121.3, 0.0, 0.0
20210323161005.87, 121.2, 0.0, 0.0
20210323161007.0, 121.2, 0.0, 0.0
20210323161008.11, 121.3, 0.0, 0.0
20210323161009.21, 121.3, 0.0, 0.0
20210323161010.29, 121.2, 0.0, 0.0
20210323161011.41, 121.2, 0.0, 0.0
20210323161012.59, 121.2, 0.0, 0.0
20210323161013.67, 121.1, 0.0, 0.0
20210323161014.82, 121.1, 0.0, 0.0
20210323161015.88, 121.2, 0.0, 0.0
20210323161016.99, 121.2, 0.0, 0.0
20210323161018.09, 121.2, 0.0, 0.0
20210323161019.16, 121.2, 0.0, 0.0
20210323161020.21, 121.1, 0.0, 0.0
20210323161021.34, 121.1, 0.0, 0.0
20210323161022.39, 121.2, 0.0, 0.0
20210323161023.46, 121.2, 0.0, 0.0
20210323161024.61, 121.2, 0.0, 0.0
20210323161025.73, 121.2, 0.0, 0.0
20210323161026.93, 121.2, 0.0, 0.0
20210323161027.99, 121.2, 0.0, 0.0
20210323161029.09, 121.2, 0.0, 0.0
20210323161030.18, 121.2, 0.0, 0.0
20210323161031.3, 121.2, 0.0, 0.0
20210323161032.37, 121.3, 0.0, 0.0
20210323161033.48, 121.3, 0.0, 0.0
20210323161034.57, 121.2, 0.0, 0.0
20210323161035.67, 121.2, 0.0, 0.0
20210323161036.8, 121.3, 0.0, 0.0
20210323161037.88, 121.3, 0.0, 0.0
20210323161039.01, 121.4, 0.0, 0.0
20210323161040.11, 121.4, 0.0, 0.0
20210323161041.3, 121.4, 0.0, 0.0
20210323161042.43, 121.3, 0.0, 0.0
20210323161043.54, 121.3, 0.0, 0.0
20210323161044.69, 121.4, 0.0, 0.0
20210323161045.84, 121.4, 0.0, 0.0
20210323161046.98, 121.3, 0.0, 0.0
20210323161048.11, 121.3, 0.0, 0.0
20210323161049.22, 121.3, 0.0, 0.0
20210323161050.33, 121.3, 0.0, 0.0
20210323161051.45, 121.3, 0.0, 0.0
20210323161052.6, 121.2, 0.0, 0.0
20210323161053.68, 121.2, 0.0, 0.0
20210323161054.78, 121.3, 0.0, 0.0
20210323161055.9, 121.3, 0.0, 0.0
20210323161057.04, 121.3, 0.0, 0.0
20210323161058.18, 121.3, 0.0, 0.0
20210323161059.32, 121.2, 0.0, 0.0
20210323161100.41, 121.2, 0.0, 0.0
20210323161101.55, 121.2, 0.0, 0.0
20210323161102.69, 121.2, 0.0, 0.0
20210323161103.75, 121.1, 0.0, 0.0
20210323161104.87, 121.1, 0.0, 0.0
20210323161106.0, 121.2, 0.0, 0.0
20210323161107.11, 121.2, 0.0, 0.0
20210323161108.22, 121.2, 0.0, 0.0
20210323161109.3, 121.2, 0.0, 0.0
20210323161110.43, 121.2, 0.0, 0.0
20210323161111.5, 121.2, 0.0, 0.0
20210323161112.57, 121.2, 0.0, 0.0
20210323161113.63, 121.2, 0.0, 0.0
20210323161114.76, 121.2, 0.0, 0.0
20210323161115.87, 121.2, 0.0, 0.0
20210323161116.99, 121.2, 0.0, 0.0
20210323161118.14, 121.3, 0.0, 0.0
20210323161119.4, 121.3, 0.0, 0.0
20210323161120.49, 121.3, 0.0, 0.0
20210323161121.62, 121.3, 0.0, 0.0
20210323161122.67, 121.3, 0.0, 0.0
20210323161123.79, 121.3, 0.0, 0.0
20210323161124.94, 121.3, 0.0, 0.0
20210323161126.01, 121.4, 0.0, 0.0
20210323161127.12, 121.4, 0.0, 0.0
20210323161128.24, 121.3, 0.0, 0.0
20210323161129.36, 121.3, 0.0, 0.0
20210323161130.49, 121.3, 0.0, 0.0
20210323161131.75, 121.3, 0.0, 0.0
20210323161132.82, 121.3, 0.0, 0.0
20210323161133.96, 121.3, 0.0, 0.0
20210323161135.1, 121.3, 0.0, 0.0
20210323161136.23, 121.3, 0.0, 0.0
20210323161137.35, 121.3, 0.0, 0.0
20210323161138.44, 121.3, 0.0, 0.0
20210323161139.53, 121.3, 0.0, 0.0
20210323161140.65, 121.3, 0.0, 0.0
20210323161141.73, 121.3, 0.0, 0.0
20210323161142.81, 121.3, 0.0, 0.0
20210323161143.93, 121.3, 0.0, 0.0
20210323161145.11, 121.3, 0.0, 0.0
20210323161146.25, 121.3, 0.0, 0.0
20210323161147.4, 121.3, 0.0, 0.0
20210323161148.5, 121.2, 0.0, 0.0
20210323161149.57, 121.2, 0.0, 0.0
20210323161150.61, 121.2, 0.0, 0.0
20210323161151.68, 121.2, 0.0, 0.0
20210323161152.73, 121.2, 0.0, 0.0
20210323161153.84, 121.2, 0.0, 0.0
20210323161154.91, 121.2, 0.0, 0.0
20210323161156.05, 121.2, 0.0, 0.0
20210323161157.19, 121.3, 0.0, 0.0
20210323161158.48, 121.3, 0.0, 0.0
20210323161159.54, 121.3, 0.0, 0.0
20210323161200.66, 121.3, 0.0, 0.0
20210323161201.8, 121.3, 0.0, 0.0
20210323161202.95, 121.3, 0.0, 0.0
20210323161204.05, 121.3, 0.0, 0.0
20210323161205.13, 121.3, 0.0, 0.0
20210323161206.27, 121.3, 0.0, 0.0
20210323161207.35, 121.3, 0.0, 0.0
20210323161208.5, 121.3, 0.0, 0.0
20210323161209.62, 121.4, 0.0, 0.0
20210323161210.68, 121.4, 0.0, 0.0
20210323161211.73, 121.3, 0.0, 0.0
20210323161212.85, 121.3, 0.0, 0.0
20210323161213.92, 121.3, 0.0, 0.0
20210323161214.99, 121.3, 0.0, 0.0
20210323161216.09, 121.3, 0.0, 0.0
20210323161217.23, 121.3, 0.0, 0.0
20210323161218.36, 121.3, 0.0, 0.0
20210323161219.42, 121.3, 0.0, 0.0
20210323161220.47, 121.3, 0.0, 0.0
20210323161221.61, 121.3, 0.0, 0.0
20210323161222.66, 121.3, 0.0, 0.0
20210323161223.74, 121.3, 0.0, 0.0
20210323161224.87, 121.3, 0.0, 0.0
20210323161225.97, 121.2, 0.0, 0.0
20210323161227.25, 121.2, 0.0, 0.0
20210323161228.32, 121.2, 0.0, 0.0
20210323161229.47, 121.2, 0.0, 0.0
20210323161230.59, 121.2, 0.0, 0.0
20210323161231.66, 121.2, 0.0, 0.0
20210323161232.81, 121.2, 0.0, 0.0
20210323161233.96, 121.2, 0.0, 0.0
20210323161235.02, 121.2, 0.0, 0.0
20210323161236.07, 121.2, 0.0, 0.0
20210323161237.13, 121.2, 0.0, 0.0
20210323161238.19, 121.2, 0.0, 0.0
20210323161239.3, 121.2, 0.0, 0.0
20210323161240.34, 121.3, 0.0, 0.0
20210323161241.47, 121.3, 0.0, 0.0
20210323161242.52, 121.3, 0.0, 0.0
20210323161243.61, 121.3, 0.0, 0.0
20210323161244.76, 121.3, 0.0, 0.0
20210323161245.9, 121.3, 0.0, 0.0
20210323161247.01, 121.3, 0.0, 0.0
20210323161248.08, 121.4, 0.0, 0.0
20210323161249.23, 121.4, 0.0, 0.0
20210323161250.29, 121.4, 0.0, 0.0
20210323161251.37, 121.4, 0.0, 0.0
20210323161252.47, 121.4, 0.0, 0.0
20210323161253.57, 121.4, 0.0, 0.0
20210323161254.7, 121.4, 0.0, 0.0
20210323161255.82, 121.4, 0.0, 0.0
20210323161256.96, 121.4, 0.0, 0.0
20210323161258.07, 121.4, 0.0, 0.0
20210323161259.13, 121.4, 0.0, 0.0
20210323161300.19, 121.4, 0.0, 0.0
20210323161301.25, 121.4, 0.0, 0.0
20210323161302.35, 121.3, 0.0, 0.0
20210323161303.45, 121.3, 0.0, 0.0
20210323161304.59, 121.4, 0.0, 0.0
20210323161305.66, 121.4, 0.0, 0.0
20210323161306.77, 121.4, 0.0, 0.0
20210323161307.89, 121.4, 0.0, 0.0
20210323161309.0, 121.4, 0.0, 0.0
20210323161310.12, 121.4, 0.0, 0.0
20210323161311.19, 121.4, 0.0, 0.0
20210323161312.32, 121.4, 0.0, 0.0
20210323161313.43, 121.4, 0.0, 0.0
20210323161314.58, 121.4, 0.0, 0.0
20210323161315.67, 121.4, 0.0, 0.0
20210323161316.72, 121.3, 0.0, 0.0
20210323161317.79, 121.3, 0.0, 0.0
20210323161318.86, 121.3, 0.0, 0.0
20210323161319.94, 121.3, 0.0, 0.0
20210323161321.07, 121.3, 0.0, 0.0
20210323161322.15, 121.3, 0.0, 0.0
20210323161323.2, 121.3, 0.0, 0.0
20210323161324.28, 121.3, 0.0, 0.0
20210323161325.34, 121.3, 0.0, 0.0
20210323161326.44, 121.3, 0.0, 0.0
20210323161327.57, 121.3, 0.0, 0.0
20210323161328.73, 121.3, 0.0, 0.0
20210323161329.84, 121.3, 0.0, 0.0
20210323161330.9, 121.3, 0.0, 0.0
20210323161331.95, 121.3, 0.0, 0.0
20210323161333.09, 121.3, 0.0, 0.0
20210323161334.14, 121.3, 0.0, 0.0
20210323161335.2, 121.3, 0.0, 0.0
20210323161336.26, 121.3, 0.0, 0.0
20210323161337.35, 121.4, 0.0, 0.0
20210323161338.46, 121.4, 0.0, 0.0
20210323161339.58, 121.4, 0.0, 0.0
20210323161340.64, 121.4, 0.0, 0.0
20210323161341.71, 121.4, 0.0, 0.0
20210323161342.85, 121.4, 0.0, 0.0
20210323161343.97, 121.3, 0.0, 0.0
20210323161345.03, 121.3, 0.0, 0.0
20210323161346.12, 121.3, 0.0, 0.0
20210323161347.24, 121.3, 0.0, 0.0
20210323161348.34, 121.3, 0.0, 0.0
20210323161349.5, 121.3, 0.0, 0.0
20210323161350.57, 121.3, 0.0, 0.0
20210323161351.64, 121.3, 0.0, 0.0
20210323161352.77, 121.3, 0.0, 0.0
20210323161353.87, 121.4, 0.0, 0.0
20210323161354.99, 121.4, 0.0, 0.0
20210323161356.09, 121.4, 0.0, 0.0
20210323161357.2, 121.4, 0.0, 0.0
20210323161358.34, 121.4, 0.0, 0.0
20210323161359.41, 121.4, 0.0, 0.0
20210323161400.54, 121.4, 0.0, 0.0
20210323161401.62, 121.4, 0.0, 0.0
20210323161402.67, 121.4, 0.0, 0.0
20210323161403.79, 121.4, 0.0, 0.0
20210323161404.97, 121.2, 0.0, 0.0
20210323161406.12, 121.3, 0.0, 0.0
20210323161407.23, 121.3, 0.0, 0.0
20210323161408.37, 121.3, 0.0, 0.0
20210323161409.54, 121.3, 0.0, 0.0
20210323161410.67, 121.3, 0.0, 0.0
20210323161411.8, 121.3, 0.0, 0.0
20210323161412.92, 121.3, 0.0, 0.0
20210323161414.03, 121.3, 0.0, 0.0
20210323161415.09, 121.3, 0.0, 0.0
20210323161416.27, 121.3, 0.0, 0.0
20210323161417.34, 121.3, 0.0, 0.0
20210323161418.39, 121.3, 0.0, 0.0
20210323161419.48, 121.3, 0.0, 0.0
20210323161420.57, 121.3, 0.0, 0.0
20210323161421.65, 121.3, 0.0, 0.0
20210323161422.7, 121.3, 0.0, 0.0
20210323161423.85, 121.3, 0.0, 0.0
20210323161424.98, 121.4, 0.0, 0.0
20210323161426.04, 121.4, 0.0, 0.0
20210323161427.18, 121.3, 0.0, 0.0
20210323161428.33, 121.3, 0.0, 0.0
20210323161429.48, 121.3, 0.0, 0.0
20210323161430.67, 121.3, 0.0, 0.0
20210323161431.74, 121.3, 0.0, 0.0
20210323161432.85, 121.4, 0.0, 0.0
20210323161433.96, 121.4, 0.0, 0.0
20210323161435.1, 121.4, 0.0, 0.0
20210323161436.16, 121.4, 0.0, 0.0
20210323161437.27, 121.4, 0.0, 0.0
20210323161438.37, 121.4, 0.0, 0.0
20210323161439.46, 121.4, 0.0, 0.0
20210323161440.6, 121.4, 0.0, 0.0
20210323161441.68, 121.4, 0.0, 0.0
20210323161442.82, 121.4, 0.0, 0.0
20210323161443.93, 121.4, 0.0, 0.0
20210323161445.07, 121.4, 0.0, 0.0
20210323161446.18, 121.4, 0.0, 0.0
20210323161447.28, 121.4, 0.0, 0.0
20210323161448.41, 121.4, 0.0, 0.0
20210323161449.57, 121.4, 0.0, 0.0
20210323161450.68, 121.4, 0.0, 0.0
20210323161451.82, 121.4, 0.0, 0.0
20210323161452.89, 121.4, 0.0, 0.0
20210323161454.03, 121.3, 0.0, 0.0
20210323161455.32, 121.3, 0.0, 0.0
20210323161456.39, 121.3, 0.0, 0.0
20210323161457.47, 121.3, 0.0, 0.0
20210323161458.61, 121.3, 0.0, 0.0
20210323161459.69, 121.3, 0.0, 0.0
20210323161500.77, 121.3, 0.0, 0.0
20210323161501.9, 121.3, 0.0, 0.0
20210323161503.05, 121.3, 0.0, 0.0
20210323161504.19, 121.2, 0.0, 0.0
20210323161505.34, 121.2, 0.0, 0.0
20210323161506.47, 121.2, 0.0, 0.0
20210323161507.52, 121.2, 0.0, 0.0
20210323161508.6, 121.2, 0.0, 0.0
20210323161509.7, 121.2, 0.0, 0.0
20210323161510.75, 121.2, 0.0, 0.0
20210323161511.89, 121.3, 0.0, 0.0
20210323161513.0, 121.3, 0.0, 0.0
20210323161514.11, 121.3, 0.0, 0.0
20210323161515.25, 121.3, 0.0, 0.0
20210323161516.3, 121.3, 0.0, 0.0
20210323161517.46, 121.3, 0.0, 0.0
20210323161518.59, 121.4, 0.0, 0.0
20210323161519.66, 121.4, 0.0, 0.0
20210323161520.79, 121.3, 0.0, 0.0
20210323161521.85, 121.3, 0.0, 0.0
20210323161522.91, 121.4, 0.0, 0.0
20210323161524.11, 121.3, 0.0, 0.0
20210323161525.2, 121.3, 0.0, 0.0
20210323161526.29, 121.3, 0.0, 0.0
20210323161527.37, 121.3, 0.0, 0.0
20210323161528.51, 121.3, 0.0, 0.0
20210323161529.62, 121.3, 0.0, 0.0
20210323161530.73, 121.3, 0.0, 0.0
20210323161531.86, 121.3, 0.0, 0.0
20210323161532.99, 121.3, 0.0, 0.0
20210323161534.09, 121.3, 0.0, 0.0
20210323161535.18, 121.3, 0.0, 0.0
20210323161536.26, 121.3, 0.0, 0.0
20210323161537.37, 121.3, 0.0, 0.0
20210323161538.52, 121.2, 0.0, 0.0
20210323161539.61, 121.2, 0.0, 0.0
20210323161540.68, 121.2, 0.0, 0.0
20210323161541.82, 121.2, 0.0, 0.0
20210323161542.89, 121.2, 0.0, 0.0
20210323161544.02, 121.2, 0.0, 0.0
20210323161545.11, 121.3, 0.0, 0.0
20210323161546.21, 121.3, 0.0, 0.0
20210323161547.34, 121.3, 0.0, 0.0
20210323161548.48, 121.3, 0.0, 0.0
20210323161549.57, 121.4, 0.0, 0.0
20210323161550.72, 121.4, 0.0, 0.0
20210323161551.89, 121.5, 0.0, 0.0
20210323161553.0, 121.5, 0.0, 0.0
20210323161554.12, 121.5, 0.0, 0.0
20210323161555.2, 121.5, 0.0, 0.0
20210323161556.31, 121.5, 0.0, 0.0
20210323161557.45, 121.6, 0.0, 0.0
20210323161558.53, 121.6, 0.0, 0.0
20210323161559.62, 121.7, 0.0, 0.0
20210323161600.73, 121.7, 0.0, 0.0
20210323161601.83, 121.7, 0.0, 0.0
20210323161602.97, 121.7, 0.0, 0.0
20210323161604.08, 121.5, 0.0, 0.0
20210323161605.23, 121.5, 0.0, 0.0
20210323161606.33, 121.5, 0.0, 0.0
20210323161607.43, 121.4, 0.0, 0.0
20210323161608.57, 121.4, 0.0, 0.0
20210323161609.67, 121.4, 0.0, 0.0
20210323161610.78, 121.4, 0.0, 0.0
20210323161611.86, 121.4, 0.0, 0.0
20210323161613.01, 121.4, 0.0, 0.0
20210323161614.15, 121.3, 0.0, 0.0
20210323161615.3, 121.3, 0.0, 0.0
20210323161616.43, 121.3, 0.0, 0.0
20210323161617.57, 121.2, 0.0, 0.0
20210323161618.7, 121.2, 0.0, 0.0
20210323161619.8, 121.2, 0.0, 0.0
20210323161620.93, 121.2, 0.0, 0.0
20210323161622.07, 121.3, 0.0, 0.0
20210323161623.19, 121.3, 0.0, 0.0
20210323161624.27, 121.2, 0.0, 0.0
20210323161625.39, 121.2, 0.0, 0.0
20210323161626.47, 121.3, 0.0, 0.0
20210323161627.6, 121.3, 0.0, 0.0
20210323161628.73, 121.3, 0.0, 0.0
20210323161629.84, 121.3, 0.0, 0.0
20210323161631.02, 121.3, 0.0, 0.0
20210323161632.14, 121.3, 0.0, 0.0
20210323161633.29, 121.3, 0.0, 0.0
20210323161634.42, 121.3, 0.0, 0.0
20210323161635.54, 121.3, 0.0, 0.0
20210323161636.66, 121.3, 0.0, 0.0
20210323161637.8, 121.3, 0.0, 0.0
20210323161638.91, 121.3, 0.0, 0.0
20210323161640.06, 121.3, 0.0, 0.0
20210323161641.13, 121.3, 0.0, 0.0
20210323161642.25, 121.3, 0.0, 0.0
20210323161643.42, 121.3, 0.0, 0.0
20210323161644.52, 121.3, 0.0, 0.0
20210323161645.61, 121.3, 0.0, 0.0
20210323161646.75, 121.3, 0.0, 0.0
20210323161647.89, 121.3, 0.0, 0.0
20210323161649.02, 121.3, 0.0, 0.0
20210323161650.11, 121.3, 0.0, 0.0
20210323161651.25, 121.3, 0.0, 0.0
20210323161652.38, 121.3, 0.0, 0.0
20210323161653.45, 121.4, 0.0, 0.0
20210323161654.71, 121.3, 0.0, 0.0
20210323161655.8, 121.3, 0.0, 0.0
20210323161656.92, 121.3, 0.0, 0.0
20210323161657.99, 121.3, 0.0, 0.0
20210323161659.1, 121.3, 0.0, 0.0
20210323161700.23, 121.3, 0.0, 0.0
20210323161701.37, 121.2, 0.0, 0.0
20210323161702.51, 121.2, 0.0, 0.0
20210323161703.63, 121.3, 0.0, 0.0
20210323161704.72, 121.3, 0.0, 0.0
20210323161705.86, 121.3, 0.0, 0.0
20210323161707.06, 121.2, 0.0, 0.0
20210323161708.11, 121.2, 0.0, 0.0
20210323161709.16, 121.2, 0.0, 0.0
20210323161710.32, 121.2, 0.0, 0.0
20210323161711.46, 121.3, 0.0, 0.0
20210323161712.58, 121.3, 0.0, 0.0
20210323161713.67, 121.3, 0.0, 0.0
20210323161714.81, 121.3, 0.0, 0.0
20210323161715.87, 121.3, 0.0, 0.0
20210323161717.01, 121.3, 0.0, 0.0
20210323161718.11, 121.3, 0.0, 0.0
20210323161719.43, 121.3, 0.0, 0.0
20210323161720.54, 121.3, 0.0, 0.0
20210323161721.64, 121.3, 0.0, 0.0
20210323161722.7, 121.3, 0.0, 0.0
20210323161723.81, 121.2, 0.0, 0.0
20210323161724.96, 121.2, 0.0, 0.0
20210323161726.08, 121.3, 0.0, 0.0
20210323161727.22, 121.3, 0.0, 0.0
20210323161728.36, 121.3, 0.0, 0.0
20210323161729.46, 121.3, 0.0, 0.0
20210323161730.59, 121.3, 0.0, 0.0
20210323161731.66, 121.3, 0.0, 0.0
20210323161732.72, 121.3, 0.0, 0.0
20210323161733.88, 121.3, 0.0, 0.0
20210323161735.03, 121.3, 0.0, 0.0
20210323161736.17, 121.2, 0.0, 0.0
20210323161737.3, 121.2, 0.0, 0.0
20210323161738.44, 121.2, 0.0, 0.0
20210323161739.6, 121.2, 0.0, 0.0
20210323161740.69, 121.2, 0.0, 0.0
20210323161741.75, 121.2, 0.0, 0.0
20210323161742.88, 121.2, 0.0, 0.0
20210323161744.12, 121.2, 0.0, 0.0
20210323161745.2, 121.2, 0.0, 0.0
20210323161746.3, 121.2, 0.0, 0.0
20210323161747.43, 121.2, 0.0, 0.0
20210323161748.56, 121.2, 0.0, 0.0
20210323161749.64, 121.2, 0.0, 0.0
20210323161750.77, 121.2, 0.0, 0.0
20210323161751.82, 121.2, 0.0, 0.0
20210323161752.96, 121.3, 0.0, 0.0
20210323161754.09, 121.3, 0.0, 0.0
20210323161755.2, 121.3, 0.0, 0.0
20210323161756.34, 121.3, 0.0, 0.0
20210323161757.52, 121.4, 0.0, 0.0
20210323161758.64, 121.4, 0.0, 0.0
20210323161759.69, 121.4, 0.0, 0.0
20210323161800.76, 121.4, 0.0, 0.0
20210323161801.88, 121.4, 0.0, 0.0
20210323161803.02, 121.3, 0.0, 0.0
20210323161804.17, 121.3, 0.0, 0.0
20210323161805.3, 121.3, 0.0, 0.0
20210323161806.44, 121.3, 0.0, 0.0
20210323161807.57, 121.3, 0.0, 0.0
20210323161808.71, 121.3, 0.0, 0.0
20210323161809.76, 121.3, 0.0, 0.0
20210323161810.84, 121.4, 0.0, 0.0
20210323161811.96, 121.4, 0.0, 0.0
20210323161813.09, 121.4, 0.0, 0.0
20210323161814.15, 121.4, 0.0, 0.0
20210323161815.29, 121.4, 0.0, 0.0
20210323161816.39, 121.4, 0.0, 0.0
20210323161817.54, 121.4, 0.0, 0.0
20210323161818.67, 121.4, 0.0, 0.0
20210323161819.76, 121.3, 0.0, 0.0
20210323161820.86, 121.3, 0.0, 0.0
20210323161821.98, 121.3, 0.0, 0.0
20210323161823.24, 121.3, 0.0, 0.0
20210323161824.32, 121.3, 0.0, 0.0
20210323161825.45, 121.3, 0.0, 0.0
20210323161826.58, 121.3, 0.0, 0.0
20210323161827.66, 121.2, 0.0, 0.0
20210323161828.76, 121.2, 0.0, 0.0
20210323161829.87, 121.2, 0.0, 0.0
20210323161831.02, 121.2, 0.0, 0.0
20210323161832.13, 121.2, 0.0, 0.0
20210323161833.25, 121.2, 0.0, 0.0
20210323161834.39, 121.2, 0.0, 0.0
20210323161835.52, 121.2, 0.0, 0.0
20210323161836.64, 121.2, 0.0, 0.0
20210323161837.75, 121.2, 0.0, 0.0
20210323161838.89, 121.2, 0.0, 0.0
20210323161840.02, 121.3, 0.0, 0.0
20210323161841.08, 121.3, 0.0, 0.0
20210323161842.21, 121.3, 0.0, 0.0
20210323161843.31, 121.3, 0.0, 0.0
20210323161844.46, 121.2, 0.0, 0.0
20210323161845.59, 121.2, 0.0, 0.0
20210323161846.7, 121.2, 0.0, 0.0
20210323161847.76, 121.2, 0.0, 0.0
20210323161848.93, 121.3, 0.0, 0.0
20210323161850.0, 121.3, 0.0, 0.0
20210323161851.1, 121.3, 0.0, 0.0
20210323161852.24, 121.3, 0.0, 0.0
20210323161853.33, 121.3, 0.0, 0.0
20210323161854.48, 121.3, 0.0, 0.0
20210323161855.61, 121.3, 0.0, 0.0
20210323161856.74, 121.3, 0.0, 0.0
20210323161857.88, 121.3, 0.0, 0.0
20210323161858.99, 121.3, 0.0, 0.0
20210323161900.12, 121.3, 0.0, 0.0
20210323161901.19, 121.3, 0.0, 0.0
20210323161902.32, 121.3, 0.0, 0.0
20210323161903.41, 121.3, 0.0, 0.0
20210323161904.56, 121.3, 0.0, 0.0
20210323161905.66, 121.3, 0.0, 0.0
20210323161906.8, 121.3, 0.0, 0.0
20210323161907.9, 121.3, 0.0, 0.0
20210323161908.98, 121.3, 0.0, 0.0
20210323161910.04, 121.3, 0.0, 0.0
20210323161911.13, 121.4, 0.0, 0.0
20210323161912.27, 121.4, 0.0, 0.0
20210323161913.36, 121.3, 0.0, 0.0
20210323161914.47, 121.3, 0.0, 0.0
20210323161915.52, 121.2, 0.0, 0.0
20210323161916.67, 121.2, 0.0, 0.0
20210323161917.75, 121.2, 0.0, 0.0
20210323161918.89, 121.2, 0.0, 0.0
20210323161919.98, 121.2, 0.0, 0.0
20210323161921.09, 121.2, 0.0, 0.0
20210323161922.2, 121.2, 0.0, 0.0
20210323161923.27, 121.1, 0.0, 0.0
20210323161924.45, 121.1, 0.0, 0.0
20210323161925.57, 121.2, 0.0, 0.0
20210323161926.7, 121.2, 0.0, 0.0
20210323161927.76, 121.2, 0.0, 0.0
20210323161928.9, 121.2, 0.0, 0.0
20210323161930.08, 121.2, 0.0, 0.0
20210323161931.23, 121.2, 0.0, 0.0
20210323161932.35, 121.2, 0.0, 0.0
20210323161933.47, 121.2, 0.0, 0.0
20210323161934.62, 121.2, 0.0, 0.0
20210323161935.68, 121.2, 0.0, 0.0
20210323161936.81, 121.2, 0.0, 0.0
20210323161937.92, 121.3, 0.0, 0.0
20210323161939.05, 121.3, 0.0, 0.0
20210323161940.15, 121.3, 0.0, 0.0
20210323161941.27, 121.3, 0.0, 0.0
20210323161942.44, 121.3, 0.0, 0.0
20210323161943.55, 121.3, 0.0, 0.0
20210323161944.7, 121.3, 0.0, 0.0
20210323161945.81, 121.3, 0.0, 0.0
20210323161946.91, 121.3, 0.0, 0.0
20210323161948.01, 121.3, 0.0, 0.0
20210323161949.09, 121.3, 0.0, 0.0
20210323161950.17, 121.3, 0.0, 0.0
20210323161951.25, 121.3, 0.0, 0.0
20210323161952.39, 121.2, 0.0, 0.0
20210323161953.52, 121.2, 0.0, 0.0
20210323161954.61, 121.3, 0.0, 0.0
20210323161955.82, 121.3, 0.0, 0.0
20210323161956.91, 121.3, 0.0, 0.0
20210323161958.04, 121.3, 0.0, 0.0
20210323161959.19, 121.3, 0.0, 0.0
20210323162000.29, 121.2, 0.0, 0.0
20210323162001.34, 121.2, 0.0, 0.0
20210323162002.39, 121.2, 0.0, 0.0
20210323162003.54, 121.2, 0.0, 0.0
20210323162004.61, 121.1, 0.0, 0.0
20210323162005.69, 121.1, 0.0, 0.0
20210323162006.74, 121.2, 0.0, 0.0
20210323162007.88, 121.2, 0.0, 0.0
20210323162009.0, 121.2, 0.0, 0.0
20210323162010.08, 121.2, 0.0, 0.0
20210323162011.2, 121.1, 0.0, 0.0
20210323162012.27, 121.1, 0.0, 0.0
20210323162013.39, 121.1, 0.0, 0.0
20210323162014.54, 121.2, 0.0, 0.0
20210323162015.63, 121.2, 0.0, 0.0
20210323162016.77, 121.2, 0.0, 0.0
20210323162017.92, 121.2, 0.0, 0.0
20210323162019.04, 121.2, 0.0, 0.0
20210323162020.14, 121.2, 0.0, 0.0
20210323162021.24, 121.2, 0.0, 0.0
20210323162022.3, 121.2, 0.0, 0.0
20210323162023.34, 121.2, 0.0, 0.0
20210323162024.66, 121.3, 0.0, 0.0
20210323162025.73, 121.3, 0.0, 0.0
20210323162026.88, 121.3, 0.0, 0.0
20210323162028.02, 121.3, 0.0, 0.0
20210323162029.12, 121.3, 0.0, 0.0
20210323162030.26, 121.3, 0.0, 0.0
20210323162031.34, 121.3, 0.0, 0.0
20210323162032.48, 121.3, 0.0, 0.0
20210323162033.54, 121.3, 0.0, 0.0
20210323162034.64, 121.3, 0.0, 0.0
20210323162035.73, 121.3, 0.0, 0.0
20210323162037.0, 121.4, 0.0, 0.0
20210323162038.07, 121.4, 0.0, 0.0
20210323162039.18, 121.3, 0.0, 0.0
20210323162040.23, 121.3, 0.0, 0.0
20210323162041.32, 121.3, 0.0, 0.0
20210323162042.47, 121.3, 0.0, 0.0
20210323162043.57, 121.2, 0.0, 0.0
20210323162044.71, 121.2, 0.0, 0.0
20210323162045.78, 121.2, 0.0, 0.0
20210323162046.88, 121.2, 0.0, 0.0
20210323162048.0, 121.2, 0.0, 0.0
20210323162049.12, 121.2, 0.0, 0.0
20210323162050.19, 121.1, 0.0, 0.0
20210323162051.31, 121.1, 0.0, 0.0
20210323162052.48, 121.1, 0.0, 0.0
20210323162053.6, 121.2, 0.0, 0.0
20210323162054.76, 121.2, 0.0, 0.0
20210323162055.89, 121.1, 0.0, 0.0
20210323162057.02, 121.1, 0.0, 0.0
20210323162058.11, 121.2, 0.0, 0.0
20210323162059.24, 121.2, 0.0, 0.0
20210323162100.36, 121.2, 0.0, 0.0
20210323162101.45, 121.2, 0.0, 0.0
20210323162102.5, 121.2, 0.0, 0.0
20210323162103.55, 121.2, 0.0, 0.0
20210323162104.6, 121.2, 0.0, 0.0
20210323162105.81, 121.2, 0.0, 0.0
20210323162106.89, 121.2, 0.0, 0.0
20210323162108.04, 121.2, 0.0, 0.0
20210323162109.12, 121.2, 0.0, 0.0
20210323162110.17, 121.2, 0.0, 0.0
20210323162111.23, 121.2, 0.0, 0.0
20210323162112.35, 121.2, 0.0, 0.0
20210323162113.41, 121.2, 0.0, 0.0
20210323162114.45, 121.2, 0.0, 0.0
20210323162115.53, 121.2, 0.0, 0.0
20210323162116.66, 121.2, 0.0, 0.0
20210323162117.72, 121.2, 0.0, 0.0
20210323162118.85, 121.3, 0.0, 0.0
20210323162119.96, 121.3, 0.0, 0.0
20210323162121.07, 121.2, 0.0, 0.0
20210323162122.18, 121.3, 0.0, 0.0
20210323162123.3, 121.3, 0.0, 0.0
20210323162124.45, 121.2, 0.0, 0.0
20210323162125.57, 121.2, 0.0, 0.0
20210323162126.7, 121.3, 0.0, 0.0
20210323162127.87, 121.3, 0.0, 0.0
20210323162128.98, 121.2, 0.0, 0.0
20210323162130.11, 121.2, 0.0, 0.0
20210323162131.25, 121.3, 0.0, 0.0
20210323162132.36, 121.3, 0.0, 0.0
20210323162133.45, 121.2, 0.0, 0.0
20210323162134.6, 121.2, 0.0, 0.0
20210323162135.68, 121.2, 0.0, 0.0
20210323162136.75, 121.1, 0.0, 0.0
20210323162137.82, 121.1, 0.0, 0.0
20210323162138.92, 121.1, 0.0, 0.0
20210323162140.01, 121.1, 0.0, 0.0
20210323162141.12, 121.0, 0.0, 0.0
20210323162142.27, 121.0, 0.0, 0.0
20210323162143.38, 121.0, 0.0, 0.0
20210323162144.55, 121.0, 0.0, 0.0
20210323162145.67, 121.0, 0.0, 0.0
20210323162146.93, 121.0, 0.0, 0.0
20210323162148.02, 121.0, 0.0, 0.0
20210323162149.09, 121.0, 0.0, 0.0
20210323162150.19, 121.0, 0.0, 0.0
20210323162151.28, 121.0, 0.0, 0.0
20210323162152.43, 121.0, 0.0, 0.0
20210323162153.54, 121.1, 0.0, 0.0
20210323162154.68, 121.1, 0.0, 0.0
20210323162155.81, 121.1, 0.0, 0.0
20210323162156.86, 121.1, 0.0, 0.0
20210323162158.0, 121.1, 0.0, 0.0
20210323162159.1, 121.1, 0.0, 0.0
20210323162200.22, 121.1, 0.0, 0.0
20210323162201.27, 121.1, 0.0, 0.0
20210323162202.42, 121.1, 0.0, 0.0
20210323162203.53, 121.1, 0.0, 0.0
20210323162204.69, 121.1, 0.0, 0.0
20210323162205.78, 121.1, 0.0, 0.0
20210323162206.86, 121.1, 0.0, 0.0
20210323162207.99, 121.2, 0.0, 0.0
20210323162209.1, 121.2, 0.0, 0.0
20210323162210.22, 121.2, 0.0, 0.0
20210323162211.28, 121.2, 0.0, 0.0
20210323162212.4, 121.1, 0.0, 0.0
20210323162213.52, 121.1, 0.0, 0.0
20210323162214.62, 121.1, 0.0, 0.0
20210323162215.71, 121.1, 0.0, 0.0
20210323162216.82, 121.1, 0.0, 0.0
20210323162217.96, 121.1, 0.0, 0.0
20210323162219.1, 121.1, 0.0, 0.0
20210323162220.16, 121.1, 0.0, 0.0
20210323162221.24, 121.1, 0.0, 0.0
20210323162222.34, 121.1, 0.0, 0.0
20210323162223.43, 121.1, 0.0, 0.0
20210323162224.51, 121.0, 0.0, 0.0
20210323162225.6, 121.0, 0.0, 0.0
20210323162226.69, 121.0, 0.0, 0.0
20210323162227.79, 121.0, 0.0, 0.0
20210323162228.89, 121.1, 0.0, 0.0
20210323162230.14, 121.1, 0.0, 0.0
20210323162231.21, 121.1, 0.0, 0.0
20210323162232.35, 121.1, 0.0, 0.0
20210323162233.48, 121.1, 0.0, 0.0
20210323162234.61, 121.1, 0.0, 0.0
20210323162235.68, 121.1, 0.0, 0.0
20210323162236.81, 121.0, 0.0, 0.0
20210323162237.88, 121.0, 0.0, 0.0
20210323162238.98, 121.0, 0.0, 0.0
20210323162240.11, 121.0, 0.0, 0.0
20210323162241.22, 121.0, 0.0, 0.0
20210323162242.32, 121.0, 0.0, 0.0
20210323162243.42, 121.2, 0.0, 0.0
20210323162244.5, 121.2, 0.0, 0.0
20210323162245.59, 121.2, 0.0, 0.0
20210323162246.73, 121.2, 0.0, 0.0
20210323162247.83, 121.2, 0.0, 0.0
20210323162248.97, 121.2, 0.0, 0.0
20210323162250.03, 121.2, 0.0, 0.0
20210323162251.12, 121.2, 0.0, 0.0
20210323162252.27, 121.2, 0.0, 0.0
20210323162253.37, 121.2, 0.0, 0.0
20210323162254.5, 121.2, 0.0, 0.0
20210323162255.55, 121.2, 0.0, 0.0
20210323162256.64, 121.2, 0.0, 0.0
20210323162257.77, 121.2, 0.0, 0.0
20210323162258.91, 121.2, 0.0, 0.0
20210323162259.98, 121.2, 0.0, 0.0
20210323162301.08, 121.2, 0.0, 0.0
20210323162302.14, 121.2, 0.0, 0.0
20210323162303.25, 121.2, 0.0, 0.0
20210323162304.35, 121.2, 0.0, 0.0
20210323162305.48, 121.2, 0.0, 0.0
20210323162306.62, 121.2, 0.0, 0.0
20210323162307.7, 121.2, 0.0, 0.0
20210323162308.81, 121.2, 0.0, 0.0
20210323162309.95, 121.1, 0.0, 0.0
20210323162311.08, 121.1, 0.0, 0.0
20210323162312.22, 121.1, 0.0, 0.0
20210323162313.35, 121.1, 0.0, 0.0
20210323162314.44, 121.1, 0.0, 0.0
20210323162315.55, 121.1, 0.0, 0.0
20210323162316.7, 121.1, 0.0, 0.0
20210323162317.76, 121.1, 0.0, 0.0
20210323162318.91, 121.1, 0.0, 0.0
20210323162319.96, 121.1, 0.0, 0.0
20210323162321.04, 121.1, 0.0, 0.0
20210323162322.17, 121.1, 0.0, 0.0
20210323162323.3, 121.1, 0.0, 0.0
20210323162324.35, 121.0, 0.0, 0.0
20210323162325.49, 121.0, 0.0, 0.0
20210323162326.62, 121.1, 0.0, 0.0
20210323162327.71, 121.1, 0.0, 0.0
20210323162328.86, 121.1, 0.0, 0.0
20210323162330.0, 121.2, 0.0, 0.0
20210323162331.08, 121.2, 0.0, 0.0
20210323162332.15, 121.1, 0.0, 0.0
20210323162333.28, 121.1, 0.0, 0.0
20210323162334.39, 121.2, 0.0, 0.0
20210323162335.49, 121.2, 0.0, 0.0
20210323162336.63, 121.1, 0.0, 0.0
20210323162337.78, 121.1, 0.0, 0.0
20210323162338.9, 121.2, 0.0, 0.0
20210323162340.11, 121.2, 0.0, 0.0
20210323162341.18, 121.2, 0.0, 0.0
20210323162342.3, 121.2, 0.0, 0.0
20210323162343.42, 121.2, 0.0, 0.0
20210323162344.55, 121.1, 0.0, 0.0
20210323162345.67, 121.1, 0.0, 0.0
20210323162346.79, 121.1, 0.0, 0.0
20210323162347.94, 121.1, 0.0, 0.0
20210323162349.05, 121.1, 0.0, 0.0
20210323162350.12, 121.1, 0.0, 0.0
20210323162351.25, 121.1, 0.0, 0.0
20210323162352.36, 121.1, 0.0, 0.0
20210323162353.5, 121.0, 0.0, 0.0
20210323162354.63, 121.1, 0.0, 0.0
20210323162355.73, 121.1, 0.0, 0.0
20210323162356.86, 121.1, 0.0, 0.0
20210323162358.01, 121.1, 0.0, 0.0
20210323162359.09, 121.0, 0.0, 0.0
20210323162400.23, 121.0, 0.0, 0.0
20210323162401.34, 121.2, 0.0, 0.0
20210323162402.49, 121.2, 0.0, 0.0
20210323162403.61, 121.1, 0.0, 0.0
20210323162404.75, 121.2, 0.0, 0.0
20210323162405.85, 121.2, 0.0, 0.0
20210323162406.89, 121.1, 0.0, 0.0
20210323162408.0, 121.1, 0.0, 0.0
20210323162409.11, 121.1, 0.0, 0.0
20210323162410.26, 121.1, 0.0, 0.0
20210323162411.37, 121.1, 0.0, 0.0
20210323162412.48, 121.1, 0.0, 0.0
20210323162413.61, 121.1, 0.0, 0.0
20210323162414.76, 121.1, 0.0, 0.0
20210323162415.87, 121.1, 0.0, 0.0
20210323162417.02, 121.1, 0.0, 0.0
20210323162418.07, 121.2, 0.0, 0.0
20210323162419.22, 121.2, 0.0, 0.0
20210323162420.28, 121.2, 0.0, 0.0
20210323162421.42, 121.2, 0.0, 0.0
20210323162422.52, 121.2, 0.0, 0.0
20210323162423.64, 121.2, 0.0, 0.0
20210323162424.71, 121.2, 0.0, 0.0
20210323162425.84, 121.2, 0.0, 0.0
20210323162427.0, 121.2, 0.0, 0.0
20210323162428.11, 121.2, 0.0, 0.0
20210323162429.26, 121.2, 0.0, 0.0
20210323162430.37, 121.1, 0.0, 0.0
20210323162431.52, 121.2, 0.0, 0.0
20210323162432.61, 121.2, 0.0, 0.0
20210323162433.67, 121.2, 0.0, 0.0
20210323162434.77, 121.2, 0.0, 0.0
20210323162435.89, 121.2, 0.0, 0.0
20210323162437.04, 121.2, 0.0, 0.0
20210323162438.17, 121.2, 0.0, 0.0
20210323162439.25, 121.2, 0.0, 0.0
20210323162440.36, 121.1, 0.0, 0.0
20210323162441.47, 121.1, 0.0, 0.0
20210323162442.59, 121.1, 0.0, 0.0
20210323162443.67, 121.1, 0.0, 0.0
20210323162444.76, 121.2, 0.0, 0.0
20210323162445.87, 121.1, 0.0, 0.0
20210323162446.99, 121.1, 0.0, 0.0
20210323162448.1, 121.2, 0.0, 0.0
20210323162449.22, 121.2, 0.0, 0.0
20210323162450.36, 121.2, 0.0, 0.0
20210323162451.43, 121.2, 0.0, 0.0
20210323162452.48, 121.2, 0.0, 0.0
20210323162453.59, 121.2, 0.0, 0.0
20210323162454.73, 121.2, 0.0, 0.0
20210323162455.85, 121.2, 0.0, 0.0
20210323162456.97, 121.2, 0.0, 0.0
20210323162458.1, 121.2, 0.0, 0.0
20210323162459.23, 121.1, 0.0, 0.0
20210323162500.39, 121.2, 0.0, 0.0
20210323162501.5, 121.2, 0.0, 0.0
20210323162502.64, 121.2, 0.0, 0.0
20210323162503.71, 121.2, 0.0, 0.0
20210323162504.83, 121.2, 0.0, 0.0
20210323162505.96, 121.2, 0.0, 0.0
20210323162507.04, 121.2, 0.0, 0.0
20210323162508.11, 121.2, 0.0, 0.0
20210323162509.22, 121.2, 0.0, 0.0
20210323162510.32, 121.2, 0.0, 0.0
20210323162511.45, 121.3, 0.0, 0.0
20210323162512.58, 121.3, 0.0, 0.0
20210323162513.66, 121.2, 0.0, 0.0
20210323162514.82, 121.2, 0.0, 0.0
20210323162515.93, 121.2, 0.0, 0.0
20210323162517.0, 121.3, 0.0, 0.0
20210323162518.14, 121.3, 0.0, 0.0
20210323162519.27, 121.3, 0.0, 0.0
20210323162520.38, 121.3, 0.0, 0.0
20210323162521.48, 121.3, 0.0, 0.0
20210323162522.55, 121.3, 0.0, 0.0
20210323162523.64, 121.2, 0.0, 0.0
20210323162524.78, 121.2, 0.0, 0.0
20210323162525.9, 121.3, 0.0, 0.0
20210323162527.14, 121.3, 0.0, 0.0
20210323162528.23, 121.3, 0.0, 0.0
20210323162529.36, 121.3, 0.0, 0.0
20210323162530.51, 121.3, 0.0, 0.0
20210323162531.62, 121.3, 0.0, 0.0
20210323162532.79, 121.3, 0.0, 0.0
20210323162533.92, 121.2, 0.0, 0.0
20210323162534.98, 121.2, 0.0, 0.0
20210323162536.09, 121.3, 0.0, 0.0
20210323162537.19, 121.3, 0.0, 0.0
20210323162538.32, 121.2, 0.0, 0.0
20210323162539.47, 121.3, 0.0, 0.0
20210323162540.53, 121.3, 0.0, 0.0
20210323162541.62, 121.3, 0.0, 0.0
20210323162542.75, 121.3, 0.0, 0.0
20210323162543.89, 121.3, 0.0, 0.0
20210323162544.94, 121.3, 0.0, 0.0
20210323162546.07, 121.3, 0.0, 0.0
20210323162547.14, 121.3, 0.0, 0.0
20210323162548.27, 121.3, 0.0, 0.0
20210323162549.38, 121.3, 0.0, 0.0
20210323162550.49, 121.3, 0.0, 0.0
20210323162551.61, 121.3, 0.0, 0.0
20210323162552.68, 121.3, 0.0, 0.0
20210323162553.73, 121.3, 0.0, 0.0
20210323162554.86, 121.2, 0.0, 0.0
20210323162555.93, 121.2, 0.0, 0.0
20210323162557.05, 121.2, 0.0, 0.0
20210323162558.17, 121.2, 0.0, 0.0
20210323162559.29, 121.2, 0.0, 0.0
20210323162600.43, 121.2, 0.0, 0.0
20210323162601.5, 121.2, 0.0, 0.0
20210323162602.57, 121.2, 0.0, 0.0
20210323162603.68, 121.2, 0.0, 0.0
20210323162604.81, 121.2, 0.0, 0.0
20210323162605.87, 121.2, 0.0, 0.0
20210323162607.01, 121.2, 0.0, 0.0
20210323162608.1, 121.2, 0.0, 0.0
20210323162609.16, 121.2, 0.0, 0.0
20210323162610.35, 121.2, 0.0, 0.0
20210323162611.42, 121.2, 0.0, 0.0
20210323162612.54, 121.2, 0.0, 0.0
20210323162613.64, 121.2, 0.0, 0.0
20210323162614.74, 121.2, 0.0, 0.0
20210323162615.84, 121.2, 0.0, 0.0
20210323162616.99, 121.2, 0.0, 0.0
20210323162618.11, 121.2, 0.0, 0.0
20210323162619.25, 121.3, 0.0, 0.0
20210323162620.3, 121.3, 0.0, 0.0
20210323162621.43, 121.2, 0.0, 0.0
20210323162622.51, 121.2, 0.0, 0.0
20210323162623.64, 121.3, 0.0, 0.0
20210323162624.79, 121.2, 0.0, 0.0
20210323162625.93, 121.2, 0.0, 0.0
20210323162627.06, 121.2, 0.0, 0.0
20210323162628.12, 121.2, 0.0, 0.0
20210323162629.19, 121.2, 0.0, 0.0
20210323162630.32, 121.2, 0.0, 0.0
20210323162631.46, 121.2, 0.0, 0.0
20210323162632.56, 121.2, 0.0, 0.0
20210323162633.65, 121.2, 0.0, 0.0
20210323162634.81, 121.2, 0.0, 0.0
20210323162635.91, 121.2, 0.0, 0.0
20210323162637.04, 121.2, 0.0, 0.0
20210323162638.16, 121.2, 0.0, 0.0
20210323162639.25, 121.2, 0.0, 0.0
20210323162640.38, 121.2, 0.0, 0.0
20210323162641.42, 121.3, 0.0, 0.0
20210323162642.52, 121.3, 0.0, 0.0
20210323162643.59, 121.3, 0.0, 0.0
20210323162644.71, 121.3, 0.0, 0.0
20210323162645.82, 121.2, 0.0, 0.0
20210323162646.88, 121.2, 0.0, 0.0
20210323162647.94, 121.2, 0.0, 0.0
20210323162648.99, 121.2, 0.0, 0.0
20210323162650.09, 121.2, 0.0, 0.0
20210323162651.2, 121.2, 0.0, 0.0
20210323162652.32, 121.2, 0.0, 0.0
20210323162653.43, 121.2, 0.0, 0.0
20210323162654.58, 121.3, 0.0, 0.0
20210323162655.67, 121.3, 0.0, 0.0
20210323162656.77, 121.3, 0.0, 0.0
20210323162657.84, 121.4, 0.0, 0.0
20210323162658.96, 121.4, 0.0, 0.0
20210323162700.09, 121.3, 0.0, 0.0
20210323162701.15, 121.3, 0.0, 0.0
20210323162702.23, 121.2, 0.0, 0.0
20210323162703.36, 121.2, 0.0, 0.0
20210323162704.42, 121.1, 0.0, 0.0
20210323162705.53, 121.1, 0.0, 0.0
20210323162706.67, 121.2, 0.0, 0.0
20210323162707.76, 121.2, 0.0, 0.0
20210323162708.96, 121.2, 0.0, 0.0
20210323162710.08, 121.2, 0.0, 0.0
20210323162711.23, 121.2, 0.0, 0.0
20210323162712.32, 121.2, 0.0, 0.0
20210323162713.43, 121.2, 0.0, 0.0
20210323162714.51, 121.1, 0.0, 0.0
20210323162715.61, 121.1, 0.0, 0.0
20210323162716.67, 121.2, 0.0, 0.0
20210323162717.82, 121.2, 0.0, 0.0
20210323162718.94, 121.2, 0.0, 0.0
20210323162720.07, 121.2, 0.0, 0.0
20210323162721.18, 121.2, 0.0, 0.0
20210323162722.29, 121.2, 0.0, 0.0
20210323162723.41, 121.2, 0.0, 0.0
20210323162724.56, 121.2, 0.0, 0.0
20210323162725.65, 121.2, 0.0, 0.0
20210323162726.75, 121.2, 0.0, 0.0
20210323162727.88, 121.2, 0.0, 0.0
20210323162728.93, 121.2, 0.0, 0.0
20210323162730.03, 121.2, 0.0, 0.0
20210323162731.1, 121.3, 0.0, 0.0
20210323162732.21, 121.3, 0.0, 0.0
20210323162733.32, 121.2, 0.0, 0.0
20210323162734.45, 121.2, 0.0, 0.0
20210323162735.58, 121.2, 0.0, 0.0
20210323162736.71, 121.2, 0.0, 0.0
20210323162737.78, 121.2, 0.0, 0.0
20210323162738.87, 121.2, 0.0, 0.0
20210323162739.95, 121.2, 0.0, 0.0
20210323162741.05, 121.2, 0.0, 0.0
20210323162742.16, 121.2, 0.0, 0.0
20210323162743.28, 121.2, 0.0, 0.0
20210323162744.34, 121.2, 0.0, 0.0
20210323162745.39, 121.2, 0.0, 0.0
20210323162746.51, 121.2, 0.0, 0.0
20210323162747.58, 121.2, 0.0, 0.0
20210323162748.68, 121.2, 0.0, 0.0
20210323162749.77, 121.2, 0.0, 0.0
20210323162750.84, 121.2, 0.0, 0.0
20210323162751.89, 121.2, 0.0, 0.0
20210323162753.0, 121.2, 0.0, 0.0
20210323162754.05, 121.1, 0.0, 0.0
20210323162755.14, 121.2, 0.0, 0.0
20210323162756.27, 121.2, 0.0, 0.0
20210323162757.42, 121.2, 0.0, 0.0
20210323162758.54, 121.2, 0.0, 0.0
20210323162759.63, 121.3, 0.0, 0.0
20210323162800.69, 121.3, 0.0, 0.0
20210323162801.79, 121.3, 0.0, 0.0
20210323162802.85, 121.3, 0.0, 0.0
20210323162803.94, 121.3, 0.0, 0.0
20210323162805.07, 121.3, 0.0, 0.0
20210323162806.2, 121.2, 0.0, 0.0
20210323162807.34, 121.2, 0.0, 0.0
20210323162808.5, 121.3, 0.0, 0.0
20210323162809.61, 121.3, 0.0, 0.0
20210323162810.71, 121.3, 0.0, 0.0
20210323162811.77, 121.2, 0.0, 0.0
20210323162812.92, 121.2, 0.0, 0.0
20210323162814.02, 121.2, 0.0, 0.0
20210323162815.12, 121.2, 0.0, 0.0
20210323162816.22, 121.2, 0.0, 0.0
20210323162817.33, 121.2, 0.0, 0.0
20210323162818.41, 121.3, 0.0, 0.0
20210323162819.52, 121.3, 0.0, 0.0
20210323162820.57, 121.3, 0.0, 0.0
20210323162821.66, 121.3, 0.0, 0.0
20210323162822.71, 121.2, 0.0, 0.0
20210323162823.83, 121.2, 0.0, 0.0
20210323162824.88, 121.3, 0.0, 0.0
20210323162826.03, 121.2, 0.0, 0.0
20210323162827.12, 121.2, 0.0, 0.0
20210323162828.23, 121.2, 0.0, 0.0
20210323162829.33, 121.2, 0.0, 0.0
20210323162830.38, 121.2, 0.0, 0.0
20210323162831.5, 121.2, 0.0, 0.0
20210323162832.61, 121.2, 0.0, 0.0
20210323162833.68, 121.2, 0.0, 0.0
20210323162834.82, 121.2, 0.0, 0.0
20210323162835.98, 121.2, 0.0, 0.0
20210323162837.06, 121.2, 0.0, 0.0
20210323162838.2, 121.2, 0.0, 0.0
20210323162839.27, 121.2, 0.0, 0.0
20210323162840.41, 121.2, 0.0, 0.0
20210323162841.54, 121.2, 0.0, 0.0
20210323162842.65, 121.2, 0.0, 0.0
20210323162843.76, 121.2, 0.0, 0.0
20210323162844.81, 121.2, 0.0, 0.0
20210323162845.87, 121.2, 0.0, 0.0
20210323162847.0, 121.2, 0.0, 0.0
20210323162848.08, 121.2, 0.0, 0.0
20210323162849.16, 121.3, 0.0, 0.0
20210323162850.31, 121.3, 0.0, 0.0
20210323162851.43, 121.2, 0.0, 0.0
20210323162852.55, 121.2, 0.0, 0.0
20210323162853.6, 121.3, 0.0, 0.0
20210323162854.72, 121.3, 0.0, 0.0
20210323162855.9, 121.3, 0.0, 0.0
20210323162857.05, 121.3, 0.0, 0.0
20210323162858.2, 121.3, 0.0, 0.0
20210323162859.28, 121.3, 0.0, 0.0
20210323162900.43, 121.3, 0.0, 0.0
20210323162901.52, 121.3, 0.0, 0.0
20210323162902.63, 121.3, 0.0, 0.0
20210323162903.68, 121.2, 0.0, 0.0
20210323162904.79, 121.2, 0.0, 0.0
20210323162905.91, 121.2, 0.0, 0.0
20210323162907.05, 121.2, 0.0, 0.0
20210323162908.14, 121.2, 0.0, 0.0
20210323162909.23, 121.1, 0.0, 0.0
20210323162910.34, 121.1, 0.0, 0.0
20210323162911.49, 121.2, 0.0, 0.0
20210323162912.63, 121.2, 0.0, 0.0
20210323162913.75, 121.1, 0.0, 0.0
20210323162914.88, 121.1, 0.0, 0.0
20210323162916.02, 121.1, 0.0, 0.0
20210323162917.13, 121.1, 0.0, 0.0
20210323162918.2, 121.3, 0.0, 0.0
20210323162919.32, 121.3, 0.0, 0.0
20210323162920.47, 121.3, 0.0, 0.0
20210323162921.56, 121.2, 0.0, 0.0
20210323162922.65, 121.2, 0.0, 0.0
20210323162923.76, 121.3, 0.0, 0.0
20210323162924.9, 121.3, 0.0, 0.0
20210323162926.01, 121.3, 0.0, 0.0
20210323162927.14, 121.3, 0.0, 0.0
20210323162928.28, 121.4, 0.0, 0.0
20210323162929.39, 121.4, 0.0, 0.0
20210323162930.46, 121.4, 0.0, 0.0
20210323162931.58, 121.4, 0.0, 0.0
20210323162932.68, 121.4, 0.0, 0.0
20210323162933.93, 121.4, 0.0, 0.0
20210323162935.0, 121.4, 0.0, 0.0
20210323162936.11, 121.4, 0.0, 0.0
20210323162937.24, 121.4, 0.0, 0.0
20210323162938.38, 121.4, 0.0, 0.0
20210323162939.54, 121.4, 0.0, 0.0
20210323162940.67, 121.4, 0.0, 0.0
20210323162941.74, 121.4, 0.0, 0.0
20210323162942.85, 121.4, 0.0, 0.0
20210323162943.99, 121.4, 0.0, 0.0
20210323162945.06, 121.4, 0.0, 0.0
20210323162946.16, 121.4, 0.0, 0.0
20210323162947.23, 121.4, 0.0, 0.0
20210323162948.33, 121.3, 0.0, 0.0
20210323162949.41, 121.3, 0.0, 0.0
20210323162950.53, 121.4, 0.0, 0.0
20210323162951.64, 121.4, 0.0, 0.0
20210323162952.78, 121.4, 0.0, 0.0
20210323162953.93, 121.4, 0.0, 0.0
20210323162955.05, 121.4, 0.0, 0.0
20210323162956.21, 121.4, 0.0, 0.0
20210323162957.34, 121.4, 0.0, 0.0
20210323162958.47, 121.4, 0.0, 0.0
20210323162959.52, 121.4, 0.0, 0.0
20210323163000.65, 121.3, 0.0, 0.0
20210323163001.78, 121.3, 0.0, 0.0
20210323163002.92, 121.3, 0.0, 0.0
20210323163004.07, 121.3, 0.0, 0.0
20210323163005.21, 121.3, 0.0, 0.0
20210323163006.35, 121.3, 0.0, 0.0
20210323163007.46, 121.3, 0.0, 0.0
20210323163008.62, 121.3, 0.0, 0.0
20210323163009.69, 121.3, 0.0, 0.0
20210323163010.82, 121.3, 0.0, 0.0
20210323163011.94, 121.3, 0.0, 0.0
20210323163013.08, 121.3, 0.0, 0.0
20210323163014.14, 121.3, 0.0, 0.0
20210323163015.21, 121.3, 0.0, 0.0
20210323163016.31, 121.3, 0.0, 0.0
20210323163017.42, 121.3, 0.0, 0.0
20210323163018.53, 121.3, 0.0, 0.0
20210323163019.59, 121.4, 0.0, 0.0
20210323163020.7, 121.4, 0.0, 0.0
20210323163021.82, 121.4, 0.0, 0.0
20210323163022.89, 121.4, 0.0, 0.0
20210323163024.03, 121.4, 0.0, 0.0
20210323163025.17, 121.4, 0.0, 0.0
20210323163026.3, 121.4, 0.0, 0.0
20210323163027.43, 121.4, 0.0, 0.0
20210323163028.54, 121.4, 0.0, 0.0
20210323163029.64, 121.4, 0.0, 0.0
20210323163030.76, 121.4, 0.0, 0.0
20210323163031.86, 121.3, 0.0, 0.0
20210323163032.96, 121.3, 0.0, 0.0
20210323163034.07, 121.4, 0.0, 0.0
20210323163035.21, 121.4, 0.0, 0.0
20210323163036.36, 121.4, 0.0, 0.0
20210323163037.51, 121.4, 0.0, 0.0
20210323163038.63, 121.3, 0.0, 0.0
20210323163039.84, 121.3, 0.0, 0.0
20210323163040.92, 121.3, 0.0, 0.0
20210323163041.98, 121.3, 0.0, 0.0
20210323163043.12, 121.3, 0.0, 0.0
20210323163044.28, 121.4, 0.0, 0.0
20210323163045.42, 121.4, 0.0, 0.0
20210323163046.56, 121.3, 0.0, 0.0
20210323163047.65, 121.3, 0.0, 0.0
20210323163048.79, 121.3, 0.0, 0.0
20210323163049.94, 121.3, 0.0, 0.0
20210323163051.07, 121.3, 0.0, 0.0
20210323163052.18, 121.3, 0.0, 0.0
20210323163053.27, 121.3, 0.0, 0.0
20210323163054.4, 121.3, 0.0, 0.0
20210323163055.5, 121.3, 0.0, 0.0
20210323163056.61, 121.3, 0.0, 0.0
20210323163057.71, 121.3, 0.0, 0.0
20210323163058.85, 121.3, 0.0, 0.0
20210323163100.0, 121.3, 0.0, 0.0
20210323163101.09, 121.3, 0.0, 0.0
20210323163102.19, 121.3, 0.0, 0.0
20210323163103.29, 121.3, 0.0, 0.0
20210323163104.4, 121.3, 0.0, 0.0
20210323163105.45, 121.3, 0.0, 0.0
20210323163106.6, 121.3, 0.0, 0.0
20210323163107.68, 121.3, 0.0, 0.0
20210323163108.82, 121.4, 0.0, 0.0
20210323163109.98, 121.4, 0.0, 0.0
20210323163111.1, 121.4, 0.0, 0.0
20210323163112.25, 121.4, 0.0, 0.0
20210323163113.38, 121.4, 0.0, 0.0
20210323163114.49, 121.4, 0.0, 0.0
20210323163115.54, 121.4, 0.0, 0.0
20210323163116.68, 121.4, 0.0, 0.0
20210323163117.74, 121.4, 0.0, 0.0
20210323163118.89, 121.4, 0.0, 0.0
20210323163120.03, 121.4, 0.0, 0.0
20210323163121.13, 121.4, 0.0, 0.0
20210323163122.19, 121.4, 0.0, 0.0
20210323163123.27, 121.5, 0.0, 0.0
20210323163124.41, 121.5, 0.0, 0.0
20210323163125.55, 121.4, 0.0, 0.0
20210323163126.68, 121.4, 0.0, 0.0
20210323163127.81, 121.5, 0.0, 0.0
20210323163128.95, 121.5, 0.0, 0.0
20210323163130.09, 121.4, 0.0, 0.0
20210323163131.32, 121.5, 0.0, 0.0
20210323163132.41, 121.5, 0.0, 0.0
20210323163133.55, 121.4, 0.0, 0.0
20210323163134.71, 121.4, 0.0, 0.0
20210323163135.84, 121.4, 0.0, 0.0
20210323163136.98, 121.4, 0.0, 0.0
20210323163138.1, 121.4, 0.0, 0.0
20210323163139.2, 121.4, 0.0, 0.0
20210323163140.3, 121.4, 0.0, 0.0
20210323163141.38, 121.4, 0.0, 0.0
20210323163142.46, 121.4, 0.0, 0.0
20210323163143.6, 121.4, 0.0, 0.0
20210323163144.72, 121.4, 0.0, 0.0
20210323163145.86, 121.4, 0.0, 0.0
20210323163147.0, 121.4, 0.0, 0.0
20210323163148.12, 121.3, 0.0, 0.0
20210323163149.24, 121.3, 0.0, 0.0
20210323163150.34, 121.3, 0.0, 0.0
20210323163151.48, 121.3, 0.0, 0.0
20210323163152.58, 121.3, 0.0, 0.0
20210323163153.69, 121.3, 0.0, 0.0
20210323163154.79, 121.3, 0.0, 0.0
20210323163156.03, 121.4, 0.0, 0.0
20210323163157.13, 121.4, 0.0, 0.0
20210323163158.21, 121.4, 0.0, 0.0
20210323163159.36, 121.4, 0.0, 0.0
20210323163200.48, 121.4, 0.0, 0.0
20210323163201.62, 121.4, 0.0, 0.0
20210323163202.68, 121.4, 0.0, 0.0
20210323163203.73, 121.4, 0.0, 0.0
20210323163204.78, 121.4, 0.0, 0.0
20210323163205.91, 121.4, 0.0, 0.0
20210323163207.02, 121.4, 0.0, 0.0
20210323163208.12, 121.4, 0.0, 0.0
20210323163209.25, 121.4, 0.0, 0.0
20210323163210.32, 121.4, 0.0, 0.0
20210323163211.48, 121.4, 0.0, 0.0
20210323163212.61, 121.4, 0.0, 0.0
20210323163213.67, 121.4, 0.0, 0.0
20210323163214.8, 121.4, 0.0, 0.0
20210323163215.88, 121.4, 0.0, 0.0
20210323163216.97, 121.4, 0.0, 0.0
20210323163218.09, 121.4, 0.0, 0.0
20210323163219.23, 121.4, 0.0, 0.0
20210323163220.28, 121.4, 0.0, 0.0
20210323163221.37, 121.4, 0.0, 0.0
20210323163222.48, 121.4, 0.0, 0.0
20210323163223.59, 121.4, 0.0, 0.0
20210323163224.75, 121.4, 0.0, 0.0
20210323163225.89, 121.4, 0.0, 0.0
20210323163227.04, 121.4, 0.0, 0.0
20210323163228.09, 121.4, 0.0, 0.0
20210323163229.14, 121.5, 0.0, 0.0
20210323163230.2, 121.5, 0.0, 0.0
20210323163231.25, 121.5, 0.0, 0.0
20210323163232.38, 121.5, 0.0, 0.0
20210323163233.49, 121.5, 0.0, 0.0
20210323163234.62, 121.5, 0.0, 0.0
20210323163235.68, 121.4, 0.0, 0.0
20210323163236.79, 121.4, 0.0, 0.0
20210323163237.89, 121.4, 0.0, 0.0
20210323163239.04, 121.4, 0.0, 0.0
20210323163240.23, 121.4, 0.0, 0.0
20210323163241.37, 121.4, 0.0, 0.0
20210323163242.52, 121.4, 0.0, 0.0
20210323163243.57, 121.4, 0.0, 0.0
20210323163244.65, 121.4, 0.0, 0.0
20210323163245.78, 121.4, 0.0, 0.0
20210323163246.89, 121.4, 0.0, 0.0
20210323163248.03, 121.4, 0.0, 0.0
20210323163249.09, 121.4, 0.0, 0.0
20210323163250.22, 121.4, 0.0, 0.0
20210323163251.32, 121.4, 0.0, 0.0
20210323163252.38, 121.4, 0.0, 0.0
20210323163253.46, 121.4, 0.0, 0.0
20210323163254.63, 121.4, 0.0, 0.0
20210323163255.72, 121.5, 0.0, 0.0
20210323163256.82, 121.5, 0.0, 0.0
20210323163257.88, 121.4, 0.0, 0.0
20210323163258.99, 121.4, 0.0, 0.0
20210323163300.1, 121.4, 0.0, 0.0
20210323163301.23, 121.4, 0.0, 0.0
20210323163302.37, 121.4, 0.0, 0.0
20210323163303.46, 121.4, 0.0, 0.0
20210323163304.59, 121.5, 0.0, 0.0
20210323163305.65, 121.5, 0.0, 0.0
20210323163306.78, 121.5, 0.0, 0.0
20210323163307.91, 121.5, 0.0, 0.0
20210323163309.06, 121.5, 0.0, 0.0
20210323163310.2, 121.5, 0.0, 0.0
20210323163311.35, 121.5, 0.0, 0.0
20210323163312.42, 121.6, 0.0, 0.0
20210323163313.54, 121.6, 0.0, 0.0
20210323163314.69, 121.5, 0.0, 0.0
20210323163315.78, 121.5, 0.0, 0.0
20210323163316.87, 121.5, 0.0, 0.0
20210323163317.93, 121.5, 0.0, 0.0
20210323163319.06, 121.5, 0.0, 0.0
20210323163320.21, 121.5, 0.0, 0.0
20210323163321.37, 121.5, 0.0, 0.0
20210323163322.46, 121.5, 0.0, 0.0
20210323163323.58, 121.5, 0.0, 0.0
20210323163324.67, 121.4, 0.0, 0.0
20210323163325.77, 121.4, 0.0, 0.0
20210323163326.9, 121.5, 0.0, 0.0
20210323163328.04, 121.5, 0.0, 0.0
20210323163329.16, 121.5, 0.0, 0.0
20210323163330.31, 121.5, 0.0, 0.0
20210323163331.41, 121.4, 0.0, 0.0
20210323163332.48, 121.4, 0.0, 0.0
20210323163333.59, 121.5, 0.0, 0.0
20210323163334.72, 121.4, 0.0, 0.0
20210323163335.77, 121.4, 0.0, 0.0
20210323163336.88, 121.4, 0.0, 0.0
20210323163337.95, 121.4, 0.0, 0.0
20210323163339.08, 121.4, 0.0, 0.0
20210323163340.14, 121.4, 0.0, 0.0
20210323163341.25, 121.4, 0.0, 0.0
20210323163342.41, 121.4, 0.0, 0.0
20210323163343.52, 121.4, 0.0, 0.0
20210323163344.68, 121.4, 0.0, 0.0
20210323163345.78, 121.4, 0.0, 0.0
20210323163347.05, 121.5, 0.0, 0.0
20210323163348.12, 121.5, 0.0, 0.0
20210323163349.23, 121.4, 0.0, 0.0
20210323163350.38, 121.4, 0.0, 0.0
20210323163351.43, 121.5, 0.0, 0.0
20210323163352.55, 121.5, 0.0, 0.0
20210323163353.66, 121.5, 0.0, 0.0
20210323163354.81, 121.5, 0.0, 0.0
20210323163355.94, 121.4, 0.0, 0.0
20210323163357.03, 121.4, 0.0, 0.0
20210323163358.08, 121.5, 0.0, 0.0
20210323163359.22, 121.5, 0.0, 0.0
20210323163400.31, 121.4, 0.0, 0.0
20210323163401.37, 121.5, 0.0, 0.0
20210323163402.5, 121.5, 0.0, 0.0
20210323163403.61, 121.4, 0.0, 0.0
20210323163404.77, 121.4, 0.0, 0.0
20210323163405.89, 121.4, 0.0, 0.0
20210323163407.03, 121.4, 0.0, 0.0
20210323163408.17, 121.5, 0.0, 0.0
20210323163409.32, 121.5, 0.0, 0.0
20210323163410.4, 121.5, 0.0, 0.0
20210323163411.48, 121.5, 0.0, 0.0
20210323163412.58, 121.4, 0.0, 0.0
20210323163413.79, 121.5, 0.0, 0.0
20210323163414.93, 121.5, 0.0, 0.0
20210323163415.98, 121.5, 0.0, 0.0
20210323163417.1, 121.5, 0.0, 0.0
20210323163418.19, 121.5, 0.0, 0.0
20210323163419.3, 121.5, 0.0, 0.0
20210323163420.37, 121.5, 0.0, 0.0
20210323163421.5, 121.5, 0.0, 0.0
20210323163422.61, 121.5, 0.0, 0.0
20210323163423.69, 121.5, 0.0, 0.0
20210323163424.78, 121.5, 0.0, 0.0
20210323163425.85, 121.5, 0.0, 0.0
20210323163426.9, 121.4, 0.0, 0.0
20210323163427.96, 121.4, 0.0, 0.0
20210323163429.08, 121.4, 0.0, 0.0
20210323163430.23, 121.4, 0.0, 0.0
20210323163431.29, 121.4, 0.0, 0.0
20210323163432.37, 121.4, 0.0, 0.0
20210323163433.49, 121.4, 0.0, 0.0
20210323163434.62, 121.4, 0.0, 0.0
20210323163435.69, 121.4, 0.0, 0.0
20210323163436.82, 121.4, 0.0, 0.0
20210323163437.95, 121.4, 0.0, 0.0
20210323163439.03, 121.4, 0.0, 0.0
20210323163440.11, 121.4, 0.0, 0.0
20210323163441.19, 121.4, 0.0, 0.0
20210323163442.27, 121.4, 0.0, 0.0
20210323163443.32, 121.4, 0.0, 0.0
20210323163444.49, 121.4, 0.0, 0.0
20210323163445.62, 121.4, 0.0, 0.0
20210323163446.74, 121.5, 0.0, 0.0
20210323163447.81, 121.5, 0.0, 0.0
20210323163448.95, 121.5, 0.0, 0.0
20210323163450.07, 121.5, 0.0, 0.0
20210323163451.18, 121.5, 0.0, 0.0
20210323163452.3, 121.5, 0.0, 0.0
20210323163453.41, 121.5, 0.0, 0.0
20210323163454.57, 121.5, 0.0, 0.0
20210323163455.66, 121.5, 0.0, 0.0
20210323163456.76, 121.5, 0.0, 0.0
20210323163457.84, 121.5, 0.0, 0.0
20210323163459.07, 121.5, 0.0, 0.0
20210323163500.16, 121.5, 0.0, 0.0
20210323163501.21, 121.5, 0.0, 0.0
20210323163502.36, 121.5, 0.0, 0.0
20210323163503.46, 121.4, 0.0, 0.0
20210323163504.54, 121.4, 0.0, 0.0
20210323163505.64, 121.4, 0.0, 0.0
20210323163506.73, 121.4, 0.0, 0.0
20210323163507.8, 121.4, 0.0, 0.0
20210323163508.96, 121.4, 0.0, 0.0
20210323163510.05, 121.4, 0.0, 0.0
20210323163511.12, 121.4, 0.0, 0.0
20210323163512.27, 121.4, 0.0, 0.0
20210323163513.47, 121.3, 0.0, 0.0
20210323163514.52, 121.3, 0.0, 0.0
20210323163515.58, 121.3, 0.0, 0.0
20210323163516.66, 121.3, 0.0, 0.0
20210323163517.77, 121.3, 0.0, 0.0
20210323163518.84, 121.3, 0.0, 0.0
20210323163519.98, 121.4, 0.0, 0.0
20210323163521.11, 121.4, 0.0, 0.0
20210323163522.23, 121.3, 0.0, 0.0
20210323163523.35, 121.3, 0.0, 0.0
20210323163524.5, 121.4, 0.0, 0.0
20210323163525.63, 121.4, 0.0, 0.0
20210323163526.72, 121.3, 0.0, 0.0
20210323163527.78, 121.3, 0.0, 0.0
20210323163528.9, 121.3, 0.0, 0.0
20210323163530.0, 121.2, 0.0, 0.0
20210323163531.1, 121.2, 0.0, 0.0
20210323163532.24, 121.2, 0.0, 0.0
20210323163533.32, 121.2, 0.0, 0.0
20210323163534.46, 121.3, 0.0, 0.0
20210323163535.58, 121.3, 0.0, 0.0
20210323163536.68, 121.3, 0.0, 0.0
20210323163537.74, 121.3, 0.0, 0.0
20210323163538.83, 121.3, 0.0, 0.0
20210323163539.95, 121.3, 0.0, 0.0
20210323163541.09, 121.3, 0.0, 0.0
20210323163542.18, 121.3, 0.0, 0.0
20210323163543.34, 121.3, 0.0, 0.0
20210323163544.48, 121.3, 0.0, 0.0
20210323163545.61, 121.3, 0.0, 0.0
20210323163546.75, 121.4, 0.0, 0.0
20210323163547.81, 121.4, 0.0, 0.0
20210323163548.95, 121.3, 0.0, 0.0
20210323163550.03, 121.3, 0.0, 0.0
20210323163551.12, 121.4, 0.0, 0.0
20210323163552.26, 121.4, 0.0, 0.0
20210323163553.37, 121.3, 0.0, 0.0
20210323163554.59, 121.4, 0.0, 0.0
20210323163555.66, 121.4, 0.0, 0.0
20210323163556.71, 121.4, 0.0, 0.0
20210323163557.81, 121.4, 0.0, 0.0
20210323163558.88, 121.4, 0.0, 0.0
20210323163600.02, 121.4, 0.0, 0.0
20210323163601.09, 121.3, 0.0, 0.0
20210323163602.2, 121.3, 0.0, 0.0
20210323163603.31, 121.4, 0.0, 0.0
20210323163604.48, 121.4, 0.0, 0.0
20210323163605.61, 121.4, 0.0, 0.0
20210323163606.72, 121.4, 0.0, 0.0
20210323163607.86, 121.4, 0.0, 0.0
20210323163608.95, 121.4, 0.0, 0.0
20210323163610.02, 121.4, 0.0, 0.0
20210323163611.12, 121.4, 0.0, 0.0
20210323163612.19, 121.4, 0.0, 0.0
20210323163613.34, 121.3, 0.0, 0.0
20210323163614.44, 121.3, 0.0, 0.0
20210323163615.54, 121.2, 0.0, 0.0
20210323163616.69, 121.2, 0.0, 0.0
20210323163617.76, 121.3, 0.0, 0.0
20210323163618.88, 121.3, 0.0, 0.0
20210323163619.97, 121.3, 0.0, 0.0
20210323163621.11, 121.3, 0.0, 0.0
20210323163622.21, 121.4, 0.0, 0.0
20210323163623.27, 121.3, 0.0, 0.0
20210323163624.44, 121.3, 0.0, 0.0
20210323163625.58, 121.3, 0.0, 0.0
20210323163626.71, 121.3, 0.0, 0.0
20210323163627.77, 121.3, 0.0, 0.0
20210323163628.87, 121.3, 0.0, 0.0
20210323163629.98, 121.3, 0.0, 0.0
20210323163631.11, 121.3, 0.0, 0.0
20210323163632.21, 121.3, 0.0, 0.0
20210323163633.32, 121.3, 0.0, 0.0
20210323163634.43, 121.3, 0.0, 0.0
20210323163635.58, 121.3, 0.0, 0.0
20210323163636.76, 121.3, 0.0, 0.0
20210323163637.89, 121.4, 0.0, 0.0
20210323163638.95, 121.4, 0.0, 0.0
20210323163640.07, 121.3, 0.0, 0.0
20210323163641.18, 121.3, 0.0, 0.0
20210323163642.28, 121.3, 0.0, 0.0
20210323163643.37, 121.3, 0.0, 0.0
20210323163644.51, 121.4, 0.0, 0.0
20210323163645.61, 121.4, 0.0, 0.0
20210323163646.74, 121.4, 0.0, 0.0
20210323163647.85, 121.4, 0.0, 0.0
20210323163648.91, 121.4, 0.0, 0.0
20210323163650.05, 121.3, 0.0, 0.0
20210323163651.13, 121.3, 0.0, 0.0
20210323163652.23, 121.3, 0.0, 0.0
20210323163653.35, 121.3, 0.0, 0.0
20210323163654.46, 121.3, 0.0, 0.0
20210323163655.59, 121.3, 0.0, 0.0
20210323163656.71, 121.4, 0.0, 0.0
20210323163657.78, 121.4, 0.0, 0.0
20210323163658.91, 121.3, 0.0, 0.0
20210323163700.05, 121.3, 0.0, 0.0
20210323163701.12, 121.3, 0.0, 0.0
20210323163702.18, 121.3, 0.0, 0.0
20210323163703.31, 121.3, 0.0, 0.0
20210323163704.45, 121.2, 0.0, 0.0
20210323163705.54, 121.2, 0.0, 0.0
20210323163706.66, 121.2, 0.0, 0.0
20210323163707.79, 121.2, 0.0, 0.0
20210323163708.93, 121.2, 0.0, 0.0
20210323163710.04, 121.2, 0.0, 0.0
20210323163711.14, 121.2, 0.0, 0.0
20210323163712.22, 121.2, 0.0, 0.0
20210323163713.34, 121.2, 0.0, 0.0
20210323163714.51, 121.2, 0.0, 0.0
20210323163715.58, 121.2, 0.0, 0.0
20210323163716.82, 121.3, 0.0, 0.0
20210323163717.9, 121.3, 0.0, 0.0
20210323163718.95, 121.3, 0.0, 0.0
20210323163720.08, 121.3, 0.0, 0.0
20210323163721.18, 121.3, 0.0, 0.0
20210323163722.3, 121.3, 0.0, 0.0
20210323163723.4, 121.4, 0.0, 0.0
20210323163724.52, 121.4, 0.0, 0.0
20210323163725.61, 121.3, 0.0, 0.0
20210323163726.68, 121.3, 0.0, 0.0
20210323163727.74, 121.4, 0.0, 0.0
20210323163728.79, 121.4, 0.0, 0.0
20210323163729.93, 121.3, 0.0, 0.0
20210323163731.01, 121.3, 0.0, 0.0
20210323163732.13, 121.2, 0.0, 0.0
20210323163733.25, 121.3, 0.0, 0.0
20210323163734.35, 121.3, 0.0, 0.0
20210323163735.49, 121.4, 0.0, 0.0
20210323163736.63, 121.4, 0.0, 0.0
20210323163737.7, 121.4, 0.0, 0.0
20210323163738.76, 121.4, 0.0, 0.0
20210323163739.82, 121.3, 0.0, 0.0
20210323163740.91, 121.3, 0.0, 0.0
20210323163742.04, 121.3, 0.0, 0.0
20210323163743.18, 121.3, 0.0, 0.0
20210323163744.29, 121.3, 0.0, 0.0
20210323163745.57, 121.3, 0.0, 0.0
20210323163746.66, 121.3, 0.0, 0.0
20210323163747.73, 121.3, 0.0, 0.0
20210323163748.79, 121.3, 0.0, 0.0
20210323163749.88, 121.4, 0.0, 0.0
20210323163750.98, 121.4, 0.0, 0.0
20210323163752.05, 121.3, 0.0, 0.0
20210323163753.16, 121.3, 0.0, 0.0
20210323163754.27, 121.4, 0.0, 0.0
20210323163755.39, 121.4, 0.0, 0.0
20210323163756.44, 121.4, 0.0, 0.0
20210323163757.5, 121.4, 0.0, 0.0
20210323163758.63, 121.3, 0.0, 0.0
20210323163759.69, 121.3, 0.0, 0.0
20210323163800.81, 121.3, 0.0, 0.0
20210323163801.96, 121.3, 0.0, 0.0
20210323163803.11, 121.3, 0.0, 0.0
20210323163804.18, 121.2, 0.0, 0.0
20210323163805.29, 121.2, 0.0, 0.0
20210323163806.42, 121.3, 0.0, 0.0
20210323163807.53, 121.3, 0.0, 0.0
20210323163808.62, 121.3, 0.0, 0.0
20210323163809.74, 121.3, 0.0, 0.0
20210323163810.8, 121.3, 0.0, 0.0
20210323163811.86, 121.3, 0.0, 0.0
20210323163812.98, 121.3, 0.0, 0.0
20210323163814.11, 121.3, 0.0, 0.0
20210323163815.22, 121.3, 0.0, 0.0
20210323163816.34, 121.3, 0.0, 0.0
20210323163817.51, 121.3, 0.0, 0.0
20210323163818.62, 121.3, 0.0, 0.0
20210323163819.68, 121.3, 0.0, 0.0
20210323163820.77, 121.3, 0.0, 0.0
20210323163821.84, 121.3, 0.0, 0.0
20210323163822.96, 121.3, 0.0, 0.0
20210323163824.08, 121.3, 0.0, 0.0
20210323163825.21, 121.2, 0.0, 0.0
20210323163826.32, 121.2, 0.0, 0.0
20210323163827.4, 121.2, 0.0, 0.0
20210323163828.46, 121.2, 0.0, 0.0
20210323163829.6, 121.2, 0.0, 0.0
20210323163830.66, 121.2, 0.0, 0.0
20210323163831.77, 121.2, 0.0, 0.0
20210323163832.89, 121.1, 0.0, 0.0
20210323163833.99, 121.1, 0.0, 0.0
20210323163835.07, 121.3, 0.0, 0.0
20210323163836.16, 121.3, 0.0, 0.0
20210323163837.3, 121.2, 0.0, 0.0
20210323163838.42, 121.2, 0.0, 0.0
20210323163839.46, 121.2, 0.0, 0.0
20210323163840.55, 121.2, 0.0, 0.0
20210323163841.62, 121.2, 0.0, 0.0
20210323163842.68, 121.2, 0.0, 0.0
20210323163843.74, 121.2, 0.0, 0.0
20210323163844.79, 121.2, 0.0, 0.0
20210323163845.84, 121.2, 0.0, 0.0
20210323163846.89, 121.2, 0.0, 0.0
20210323163847.94, 121.2, 0.0, 0.0
20210323163848.99, 121.2, 0.0, 0.0
20210323163850.04, 121.3, 0.0, 0.0
20210323163851.14, 121.3, 0.0, 0.0
20210323163852.22, 121.4, 0.0, 0.0
20210323163853.42, 121.3, 0.0, 0.0
20210323163854.49, 121.3, 0.0, 0.0
20210323163855.6, 121.3, 0.0, 0.0
20210323163856.74, 121.3, 0.0, 0.0
20210323163857.8, 121.3, 0.0, 0.0
20210323163858.89, 121.3, 0.0, 0.0
20210323163900.03, 121.4, 0.0, 0.0
20210323163901.1, 121.4, 0.0, 0.0
20210323163902.18, 121.3, 0.0, 0.0
20210323163903.28, 121.3, 0.0, 0.0
20210323163904.38, 121.3, 0.0, 0.0
20210323163905.51, 121.3, 0.0, 0.0
20210323163906.63, 121.3, 0.0, 0.0
20210323163907.69, 121.3, 0.0, 0.0
20210323163908.79, 121.4, 0.0, 0.0
20210323163909.84, 121.4, 0.0, 0.0
20210323163910.94, 121.4, 0.0, 0.0
20210323163912.02, 121.4, 0.0, 0.0
20210323163913.11, 121.4, 0.0, 0.0
20210323163914.25, 121.4, 0.0, 0.0
20210323163915.41, 121.4, 0.0, 0.0
20210323163916.52, 121.4, 0.0, 0.0
20210323163917.62, 121.4, 0.0, 0.0
20210323163918.77, 121.3, 0.0, 0.0
20210323163919.81, 121.3, 0.0, 0.0
20210323163920.94, 121.3, 0.0, 0.0
20210323163922.21, 121.3, 0.0, 0.0
20210323163923.3, 121.3, 0.0, 0.0
20210323163924.43, 121.3, 0.0, 0.0
20210323163925.53, 121.3, 0.0, 0.0
20210323163926.65, 121.3, 0.0, 0.0
20210323163927.71, 121.3, 0.0, 0.0
20210323163928.77, 121.2, 0.0, 0.0
20210323163929.86, 121.2, 0.0, 0.0
20210323163930.98, 121.3, 0.0, 0.0
20210323163932.1, 121.3, 0.0, 0.0
20210323163933.19, 121.3, 0.0, 0.0
20210323163934.34, 121.3, 0.0, 0.0
20210323163935.47, 121.3, 0.0, 0.0
20210323163936.62, 121.3, 0.0, 0.0
20210323163937.7, 121.3, 0.0, 0.0
20210323163938.82, 121.4, 0.0, 0.0
20210323163939.89, 121.4, 0.0, 0.0
20210323163940.99, 121.4, 0.0, 0.0
20210323163942.07, 121.4, 0.0, 0.0
20210323163943.12, 121.4, 0.0, 0.0
20210323163944.19, 121.4, 0.0, 0.0
20210323163945.32, 121.4, 0.0, 0.0
20210323163946.46, 121.4, 0.0, 0.0
20210323163947.54, 121.4, 0.0, 0.0
20210323163948.67, 121.4, 0.0, 0.0
20210323163949.72, 121.4, 0.0, 0.0
20210323163950.84, 121.4, 0.0, 0.0
20210323163951.98, 121.3, 0.0, 0.0
20210323163953.12, 121.3, 0.0, 0.0
20210323163954.22, 121.3, 0.0, 0.0
20210323163955.34, 121.3, 0.0, 0.0
20210323163956.45, 121.3, 0.0, 0.0
20210323163957.51, 121.3, 0.0, 0.0
20210323163958.66, 121.3, 0.0, 0.0
20210323163959.74, 121.3, 0.0, 0.0
20210323164000.89, 121.3, 0.0, 0.0
20210323164002.01, 121.3, 0.0, 0.0
20210323164003.14, 121.3, 0.0, 0.0
20210323164004.26, 121.2, 0.0, 0.0
20210323164005.39, 121.2, 0.0, 0.0
20210323164006.46, 121.2, 0.0, 0.0
20210323164007.58, 121.3, 0.0, 0.0
20210323164008.71, 121.3, 0.0, 0.0
20210323164009.77, 121.3, 0.0, 0.0
20210323164010.9, 121.3, 0.0, 0.0
20210323164012.0, 121.2, 0.0, 0.0
20210323164013.06, 121.2, 0.0, 0.0
20210323164014.12, 121.3, 0.0, 0.0
20210323164015.22, 121.3, 0.0, 0.0
20210323164016.36, 121.2, 0.0, 0.0
20210323164017.5, 121.2, 0.0, 0.0
20210323164018.64, 121.3, 0.0, 0.0
20210323164019.73, 121.3, 0.0, 0.0
20210323164020.83, 121.3, 0.0, 0.0
20210323164021.95, 121.3, 0.0, 0.0
20210323164023.09, 121.3, 0.0, 0.0
20210323164024.2, 121.4, 0.0, 0.0
20210323164025.28, 121.4, 0.0, 0.0
20210323164026.41, 121.4, 0.0, 0.0
20210323164027.48, 121.4, 0.0, 0.0
20210323164028.59, 121.4, 0.0, 0.0
20210323164029.68, 121.4, 0.0, 0.0
20210323164030.79, 121.4, 0.0, 0.0
20210323164031.93, 121.4, 0.0, 0.0
20210323164033.06, 121.4, 0.0, 0.0
20210323164034.15, 121.4, 0.0, 0.0
20210323164035.25, 121.4, 0.0, 0.0
20210323164036.3, 121.4, 0.0, 0.0
20210323164037.45, 121.4, 0.0, 0.0
20210323164038.51, 121.3, 0.0, 0.0
20210323164039.64, 121.3, 0.0, 0.0
20210323164040.76, 121.3, 0.0, 0.0
20210323164041.87, 121.3, 0.0, 0.0
20210323164042.93, 121.3, 0.0, 0.0
20210323164044.05, 121.3, 0.0, 0.0
20210323164045.19, 121.3, 0.0, 0.0
20210323164046.31, 121.3, 0.0, 0.0
20210323164047.45, 121.2, 0.0, 0.0
20210323164048.51, 121.2, 0.0, 0.0
20210323164049.65, 121.2, 0.0, 0.0
20210323164050.79, 121.2, 0.0, 0.0
20210323164051.85, 121.2, 0.0, 0.0
20210323164052.91, 121.3, 0.0, 0.0
20210323164054.06, 121.3, 0.0, 0.0
20210323164055.11, 121.3, 0.0, 0.0
20210323164056.23, 121.3, 0.0, 0.0
20210323164057.36, 121.4, 0.0, 0.0
20210323164058.51, 121.4, 0.0, 0.0
20210323164059.57, 121.4, 0.0, 0.0
20210323164100.68, 121.4, 0.0, 0.0
20210323164101.79, 121.5, 0.0, 0.0
20210323164102.87, 121.4, 0.0, 0.0
20210323164104.04, 121.4, 0.0, 0.0
20210323164105.17, 121.4, 0.0, 0.0
20210323164106.27, 121.4, 0.0, 0.0
20210323164107.38, 121.4, 0.0, 0.0
20210323164108.52, 121.4, 0.0, 0.0
20210323164109.61, 121.5, 0.0, 0.0
20210323164110.71, 121.5, 0.0, 0.0
20210323164111.83, 121.4, 0.0, 0.0
20210323164112.92, 121.4, 0.0, 0.0
20210323164114.07, 121.4, 0.0, 0.0
20210323164115.33, 121.4, 0.0, 0.0
20210323164116.39, 121.4, 0.0, 0.0
20210323164117.54, 121.4, 0.0, 0.0
20210323164118.69, 121.4, 0.0, 0.0
20210323164119.79, 121.4, 0.0, 0.0
20210323164120.9, 121.4, 0.0, 0.0
20210323164122.01, 121.3, 0.0, 0.0
20210323164123.06, 121.3, 0.0, 0.0
20210323164124.14, 121.4, 0.0, 0.0
20210323164125.21, 121.4, 0.0, 0.0
20210323164126.29, 121.5, 0.0, 0.0
20210323164127.44, 121.5, 0.0, 0.0
20210323164128.57, 121.5, 0.0, 0.0
20210323164129.66, 121.4, 0.0, 0.0
20210323164130.8, 121.4, 0.0, 0.0
20210323164131.95, 121.4, 0.0, 0.0
20210323164133.02, 121.4, 0.0, 0.0
20210323164134.14, 121.4, 0.0, 0.0
20210323164135.26, 121.4, 0.0, 0.0
20210323164136.35, 121.4, 0.0, 0.0
20210323164137.46, 121.4, 0.0, 0.0
20210323164138.59, 121.4, 0.0, 0.0
20210323164139.67, 121.4, 0.0, 0.0
20210323164140.73, 121.4, 0.0, 0.0
20210323164141.8, 121.4, 0.0, 0.0
20210323164142.94, 121.5, 0.0, 0.0
20210323164143.99, 121.5, 0.0, 0.0
20210323164145.15, 121.5, 0.0, 0.0
20210323164146.27, 121.4, 0.0, 0.0
20210323164147.34, 121.4, 0.0, 0.0
20210323164148.44, 121.4, 0.0, 0.0
20210323164149.59, 121.4, 0.0, 0.0
20210323164150.69, 121.4, 0.0, 0.0
20210323164151.75, 121.4, 0.0, 0.0
20210323164152.85, 121.4, 0.0, 0.0
20210323164153.92, 121.4, 0.0, 0.0
20210323164155.04, 121.4, 0.0, 0.0
20210323164156.15, 121.4, 0.0, 0.0
20210323164157.27, 121.4, 0.0, 0.0
20210323164158.5, 121.4, 0.0, 0.0
20210323164159.57, 121.4, 0.0, 0.0
20210323164200.71, 121.3, 0.0, 0.0
20210323164201.81, 121.3, 0.0, 0.0
20210323164202.91, 121.3, 0.0, 0.0
20210323164204.07, 121.3, 0.0, 0.0
20210323164205.14, 121.4, 0.0, 0.0
20210323164206.26, 121.4, 0.0, 0.0
20210323164207.39, 121.4, 0.0, 0.0
20210323164208.55, 121.4, 0.0, 0.0
20210323164209.65, 121.5, 0.0, 0.0
20210323164210.8, 121.4, 0.0, 0.0
20210323164211.94, 121.4, 0.0, 0.0
20210323164213.05, 121.5, 0.0, 0.0
20210323164214.16, 121.5, 0.0, 0.0
20210323164215.23, 121.5, 0.0, 0.0
20210323164216.32, 121.5, 0.0, 0.0
20210323164217.38, 121.5, 0.0, 0.0
20210323164218.45, 121.5, 0.0, 0.0
20210323164219.6, 121.5, 0.0, 0.0
20210323164220.7, 121.5, 0.0, 0.0
20210323164221.82, 121.4, 0.0, 0.0
20210323164222.93, 121.4, 0.0, 0.0
20210323164224.04, 121.4, 0.0, 0.0
20210323164225.15, 121.4, 0.0, 0.0
20210323164226.33, 121.4, 0.0, 0.0
