20210325100000.25, 121.4, 0.0, 0.0
20210325100001.3, 121.4, 0.0, 0.0
20210325100002.39, 121.4, 0.0, 0.0
20210325100003.54, 121.4, 0.0, 0.0
20210325100004.59, 121.4, 0.0, 0.0
20210325100005.68, 121.4, 0.0, 0.0
20210325100006.78, 121.4, 0.0, 0.0
20210325100007.86, 121.4, 0.0, 0.0
20210325100008.96, 121.3, 0.0, 0.0
20210325100010.06, 121.3, 0.0, 0.0
20210325100011.2, 121.4, 0.0, 0.0
20210325100012.36, 121.5, 0.0, 0.0
20210325100013.5, 121.5, 0.0, 0.0
20210325100014.58, 121.5, 0.0, 0.0
20210325100015.64, 121.5, 0.0, 0.0
20210325100016.78, 121.4, 0.0, 0.0
20210325100017.87, 121.4, 0.0, 0.0
20210325100018.93, 121.4, 0.0, 0.0
20210325100020.0, 121.4, 0.0, 0.0
20210325100021.05, 121.4, 0.0, 0.0
20210325100022.12, 121.4, 0.0, 0.0
20210325100023.23, 121.5, 0.0, 0.0
20210325100024.3, 121.5, 0.0, 0.0
20210325100025.38, 121.6, 0.0, 0.0
20210325100026.54, 121.6, 0.0, 0.0
20210325100027.67, 121.5, 0.0, 0.0
20210325100028.79, 121.5, 0.0, 0.0
20210325100029.91, 121.5, 0.0, 0.0
20210325100030.98, 121.4, 0.0, 0.0
20210325100032.07, 121.4, 0.0, 0.0
20210325100033.16, 121.4, 0.0, 0.0
20210325100034.22, 121.4, 0.0, 0.0
20210325100035.31, 121.4, 0.0, 0.0
20210325100036.37, 121.4, 0.0, 0.0
20210325100037.41, 121.4, 0.0, 0.0
20210325100038.47, 121.4, 0.0, 0.0
20210325100039.54, 121.4, 0.0, 0.0
20210325100040.61, 121.4, 0.0, 0.0
20210325100041.66, 121.4, 0.0, 0.0
20210325100042.71, 121.4, 0.0, 0.0
20210325100043.8, 121.5, 0.0, 0.0
20210325100044.88, 121.5, 0.0, 0.0
20210325100045.93, 121.4, 0.0, 0.0
20210325100047.03, 121.4, 0.0, 0.0
20210325100048.17, 121.5, 0.0, 0.0
20210325100049.32, 121.5, 0.0, 0.0
20210325100050.43, 121.5, 0.0, 0.0
20210325100051.53, 121.5, 0.0, 0.0
20210325100052.61, 121.5, 0.0, 0.0
20210325100053.73, 121.6, 0.0, 0.0
20210325100054.82, 121.6, 0.0, 0.0
20210325100055.88, 121.6, 0.0, 0.0
20210325100056.97, 121.6, 0.0, 0.0
20210325100058.03, 121.5, 0.0, 0.0
20210325100059.12, 121.5, 0.0, 0.0
20210325100100.23, 121.5, 0.0, 0.0
20210325100101.28, 121.5, 0.0, 0.0
20210325100102.33, 121.4, 0.0, 0.0
20210325100103.4, 121.4, 0.0, 0.0
20210325100104.46, 121.4, 0.0, 0.0
20210325100105.55, 121.4, 0.0, 0.0
20210325100106.6, 121.4, 0.0, 0.0
20210325100107.65, 121.4, 0.0, 0.0
20210325100108.76, 121.4, 0.0, 0.0
20210325100109.81, 121.4, 0.0, 0.0
20210325100110.93, 121.4, 0.0, 0.0
20210325100112.05, 121.3, 0.0, 0.0
20210325100113.14, 121.3, 0.0, 0.0
20210325100114.2, 121.4, 0.0, 0.0
20210325100115.29, 121.4, 0.0, 0.0
20210325100116.35, 121.4, 0.0, 0.0
20210325100117.42, 121.4, 0.0, 0.0
20210325100118.52, 121.4, 0.0, 0.0
20210325100119.67, 121.4, 0.0, 0.0
20210325100120.78, 121.4, 0.0, 0.0
20210325100121.84, 121.4, 0.0, 0.0
20210325100122.93, 121.4, 0.0, 0.0
20210325100124.02, 121.4, 0.0, 0.0
20210325100125.09, 121.5, 0.0, 0.0
20210325100126.19, 121.5, 0.0, 0.0
20210325100127.3, 121.4, 0.0, 0.0
20210325100128.37, 121.5, 0.0, 0.0
20210325100129.5, 121.5, 0.0, 0.0
20210325100130.61, 121.5, 0.0, 0.0
20210325100131.73, 121.5, 0.0, 0.0
20210325100132.84, 121.5, 0.0, 0.0
20210325100133.98, 121.5, 0.0, 0.0
20210325100135.08, 121.5, 0.0, 0.0
20210325100136.18, 121.5, 0.0, 0.0
20210325100137.31, 121.5, 0.0, 0.0
20210325100138.43, 121.5, 0.0, 0.0
20210325100139.56, 121.5, 0.0, 0.0
20210325100140.64, 121.5, 0.0, 0.0
20210325100141.79, 121.5, 0.0, 0.0
20210325100142.89, 121.4, 0.0, 0.0
20210325100144.04, 121.4, 0.0, 0.0
20210325100145.09, 121.4, 0.0, 0.0
20210325100146.18, 121.4, 0.0, 0.0
20210325100147.29, 121.4, 0.0, 0.0
20210325100148.38, 121.4, 0.0, 0.0
20210325100149.45, 121.4, 0.0, 0.0
20210325100150.55, 121.4, 0.0, 0.0
20210325100151.64, 121.3, 0.0, 0.0
20210325100152.79, 121.3, 0.0, 0.0
20210325100153.84, 121.3, 0.0, 0.0
20210325100155.12, 121.3, 0.0, 0.0
20210325100156.17, 121.3, 0.0, 0.0
20210325100157.24, 121.3, 0.0, 0.0
20210325100158.39, 121.3, 0.0, 0.0
20210325100159.53, 121.3, 0.0, 0.0
20210325100200.61, 121.3, 0.0, 0.0
20210325100201.76, 121.4, 0.0, 0.0
20210325100202.85, 121.4, 0.0, 0.0
20210325100203.91, 121.4, 0.0, 0.0
20210325100205.06, 121.4, 0.0, 0.0
20210325100206.14, 121.4, 0.0, 0.0
20210325100207.29, 121.4, 0.0, 0.0
20210325100208.36, 121.4, 0.0, 0.0
20210325100209.46, 121.5, 0.0, 0.0
20210325100210.57, 121.5, 0.0, 0.0
20210325100211.73, 121.5, 0.0, 0.0
20210325100212.81, 121.5, 0.0, 0.0
20210325100213.86, 121.5, 0.0, 0.0
20210325100214.97, 121.5, 0.0, 0.0
20210325100216.04, 121.5, 0.0, 0.0
20210325100217.11, 121.5, 0.0, 0.0
20210325100218.23, 121.6, 0.0, 0.0
20210325100219.36, 121.6, 0.0, 0.0
20210325100220.45, 121.5, 0.0, 0.0
20210325100221.55, 121.5, 0.0, 0.0
20210325100222.69, 121.5, 0.0, 0.0
20210325100223.75, 121.5, 0.0, 0.0
20210325100224.81, 121.5, 0.0, 0.0
20210325100225.93, 121.5, 0.0, 0.0
20210325100227.07, 121.5, 0.0, 0.0
20210325100228.15, 121.6, 0.0, 0.0
20210325100229.3, 121.6, 0.0, 0.0
20210325100230.37, 121.5, 0.0, 0.0
20210325100231.44, 121.5, 0.0, 0.0
20210325100232.55, 121.6, 0.0, 0.0
20210325100233.65, 121.6, 0.0, 0.0
20210325100234.8, 121.5, 0.0, 0.0
20210325100235.86, 121.5, 0.0, 0.0
20210325100236.91, 121.5, 0.0, 0.0
20210325100238.01, 121.5, 0.0, 0.0
20210325100239.08, 121.5, 0.0, 0.0
20210325100240.18, 121.5, 0.0, 0.0
20210325100241.29, 121.5, 0.0, 0.0
20210325100242.38, 121.5, 0.0, 0.0
20210325100243.5, 121.5, 0.0, 0.0
20210325100244.63, 121.5, 0.0, 0.0
20210325100245.72, 121.5, 0.0, 0.0
20210325100246.82, 121.5, 0.0, 0.0
20210325100247.9, 121.5, 0.0, 0.0
20210325100248.98, 121.5, 0.0, 0.0
20210325100250.04, 121.5, 0.0, 0.0
20210325100251.16, 121.5, 0.0, 0.0
20210325100252.32, 121.5, 0.0, 0.0
20210325100253.38, 121.5, 0.0, 0.0
20210325100254.5, 121.5, 0.0, 0.0
20210325100255.6, 121.6, 0.0, 0.0
20210325100256.66, 121.6, 0.0, 0.0
20210325100257.78, 121.5, 0.0, 0.0
20210325100258.88, 121.6, 0.0, 0.0
20210325100259.98, 121.6, 0.0, 0.0
20210325100301.04, 121.6, 0.0, 0.0
20210325100302.15, 121.6, 0.0, 0.0
20210325100303.24, 121.5, 0.0, 0.0
20210325100304.33, 121.5, 0.0, 0.0
20210325100305.39, 121.5, 0.0, 0.0
20210325100306.47, 121.5, 0.0, 0.0
20210325100307.58, 121.6, 0.0, 0.0
20210325100308.71, 121.6, 0.0, 0.0
20210325100309.8, 121.6, 0.0, 0.0
20210325100310.88, 121.6, 0.0, 0.0
20210325100311.99, 121.6, 0.0, 0.0
20210325100313.09, 121.6, 0.0, 0.0
20210325100314.23, 121.6, 0.0, 0.0
20210325100315.34, 121.6, 0.0, 0.0
20210325100316.44, 121.6, 0.0, 0.0
20210325100317.54, 121.6, 0.0, 0.0
20210325100318.62, 121.6, 0.0, 0.0
20210325100319.77, 121.5, 0.0, 0.0
20210325100320.86, 121.5, 0.0, 0.0
20210325100321.91, 121.6, 0.0, 0.0
20210325100323.01, 121.6, 0.0, 0.0
20210325100324.11, 121.5, 0.0, 0.0
20210325100325.16, 121.5, 0.0, 0.0
20210325100326.3, 121.5, 0.0, 0.0
20210325100327.38, 121.5, 0.0, 0.0
20210325100328.5, 121.6, 0.0, 0.0
20210325100329.61, 121.6, 0.0, 0.0
20210325100330.71, 121.5, 0.0, 0.0
20210325100331.81, 121.5, 0.0, 0.0
20210325100332.91, 121.5, 0.0, 0.0
20210325100333.99, 121.5, 0.0, 0.0
20210325100335.14, 121.5, 0.0, 0.0
20210325100336.27, 121.6, 0.0, 0.0
20210325100337.34, 121.6, 0.0, 0.0
20210325100338.44, 121.6, 0.0, 0.0
20210325100339.54, 121.6, 0.0, 0.0
20210325100340.64, 121.6, 0.0, 0.0
20210325100341.73, 121.6, 0.0, 0.0
20210325100342.83, 121.6, 0.0, 0.0
20210325100343.88, 121.6, 0.0, 0.0
20210325100344.95, 121.6, 0.0, 0.0
20210325100346.09, 121.6, 0.0, 0.0
20210325100347.29, 121.6, 0.0, 0.0
20210325100348.38, 121.7, 0.0, 0.0
20210325100349.44, 121.7, 0.0, 0.0
20210325100350.5, 121.7, 0.0, 0.0
20210325100351.62, 121.7, 0.0, 0.0
20210325100352.76, 121.7, 0.0, 0.0
20210325100353.82, 121.7, 0.0, 0.0
20210325100354.89, 121.6, 0.0, 0.0
20210325100355.94, 121.6, 0.0, 0.0
20210325100357.02, 121.6, 0.0, 0.0
20210325100358.07, 121.6, 0.0, 0.0
20210325100359.14, 121.6, 0.0, 0.0
20210325100400.24, 121.6, 0.0, 0.0
20210325100401.35, 121.5, 0.0, 0.0
20210325100402.49, 121.5, 0.0, 0.0
20210325100403.55, 121.5, 0.0, 0.0
20210325100404.66, 121.5, 0.0, 0.0
20210325100405.79, 121.5, 0.0, 0.0
20210325100406.87, 121.6, 0.0, 0.0
20210325100407.93, 121.6, 0.0, 0.0
20210325100409.02, 121.6, 0.0, 0.0
20210325100410.07, 121.6, 0.0, 0.0
20210325100411.17, 121.6, 0.0, 0.0
20210325100412.27, 121.6, 0.0, 0.0
20210325100413.36, 121.6, 0.0, 0.0
20210325100414.43, 121.6, 0.0, 0.0
20210325100415.54, 121.6, 0.0, 0.0
20210325100416.67, 121.6, 0.0, 0.0
20210325100417.79, 121.6, 0.0, 0.0
20210325100418.87, 121.6, 0.0, 0.0
20210325100419.92, 121.6, 0.0, 0.0
20210325100421.07, 121.6, 0.0, 0.0
20210325100422.16, 121.6, 0.0, 0.0
20210325100423.22, 121.6, 0.0, 0.0
20210325100424.34, 121.6, 0.0, 0.0
20210325100425.39, 121.6, 0.0, 0.0
20210325100426.47, 121.6, 0.0, 0.0
20210325100427.58, 121.6, 0.0, 0.0
20210325100428.67, 121.6, 0.0, 0.0
20210325100429.74, 121.6, 0.0, 0.0
20210325100430.82, 121.6, 0.0, 0.0
20210325100431.86, 121.6, 0.0, 0.0
20210325100432.96, 121.6, 0.0, 0.0
20210325100434.02, 121.6, 0.0, 0.0
20210325100435.08, 121.6, 0.0, 0.0
20210325100436.13, 121.5, 0.0, 0.0
20210325100437.23, 121.5, 0.0, 0.0
20210325100438.3, 121.5, 0.0, 0.0
20210325100439.44, 121.5, 0.0, 0.0
20210325100440.55, 121.5, 0.0, 0.0
20210325100441.75, 121.5, 0.0, 0.0
20210325100442.82, 121.5, 0.0, 0.0
20210325100443.87, 121.5, 0.0, 0.0
20210325100444.98, 121.5, 0.0, 0.0
20210325100446.11, 121.5, 0.0, 0.0
20210325100447.16, 121.5, 0.0, 0.0
20210325100448.22, 121.6, 0.0, 0.0
20210325100449.27, 121.6, 0.0, 0.0
20210325100450.32, 121.5, 0.0, 0.0
20210325100451.39, 121.5, 0.0, 0.0
20210325100452.45, 121.6, 0.0, 0.0
20210325100453.55, 121.6, 0.0, 0.0
20210325100454.62, 121.6, 0.0, 0.0
20210325100455.68, 121.6, 0.0, 0.0
20210325100456.78, 121.6, 0.0, 0.0
20210325100457.84, 121.6, 0.0, 0.0
20210325100458.97, 121.5, 0.0, 0.0
20210325100500.09, 121.5, 0.0, 0.0
20210325100501.14, 121.4, 0.0, 0.0
20210325100502.26, 121.5, 0.0, 0.0
20210325100503.34, 121.5, 0.0, 0.0
20210325100504.43, 121.4, 0.0, 0.0
20210325100505.51, 121.4, 0.0, 0.0
20210325100506.65, 121.4, 0.0, 0.0
20210325100507.73, 121.4, 0.0, 0.0
20210325100508.84, 121.4, 0.0, 0.0
20210325100509.89, 121.4, 0.0, 0.0
20210325100511.0, 121.5, 0.0, 0.0
20210325100512.1, 121.5, 0.0, 0.0
20210325100513.17, 121.5, 0.0, 0.0
20210325100514.29, 121.5, 0.0, 0.0
20210325100515.39, 121.5, 0.0, 0.0
20210325100516.52, 121.5, 0.0, 0.0
20210325100517.61, 121.4, 0.0, 0.0
20210325100518.72, 121.4, 0.0, 0.0
20210325100519.79, 121.4, 0.0, 0.0
20210325100520.91, 121.4, 0.0, 0.0
20210325100521.98, 121.4, 0.0, 0.0
20210325100523.09, 121.5, 0.0, 0.0
20210325100524.2, 121.5, 0.0, 0.0
20210325100525.25, 121.5, 0.0, 0.0
20210325100526.38, 121.5, 0.0, 0.0
20210325100527.45, 121.5, 0.0, 0.0
20210325100528.6, 121.5, 0.0, 0.0
20210325100529.73, 121.5, 0.0, 0.0
20210325100530.81, 121.5, 0.0, 0.0
20210325100531.86, 121.5, 0.0, 0.0
20210325100532.96, 121.5, 0.0, 0.0
20210325100534.16, 121.5, 0.0, 0.0
20210325100535.24, 121.5, 0.0, 0.0
20210325100536.33, 121.5, 0.0, 0.0
20210325100537.46, 121.5, 0.0, 0.0
20210325100538.61, 121.5, 0.0, 0.0
20210325100539.68, 121.6, 0.0, 0.0
20210325100540.74, 121.6, 0.0, 0.0
20210325100541.82, 121.6, 0.0, 0.0
20210325100542.9, 121.6, 0.0, 0.0
20210325100544.04, 121.6, 0.0, 0.0
20210325100545.13, 121.6, 0.0, 0.0
20210325100546.22, 121.6, 0.0, 0.0
20210325100547.32, 121.6, 0.0, 0.0
20210325100548.47, 121.5, 0.0, 0.0
20210325100549.57, 121.5, 0.0, 0.0
20210325100550.66, 121.5, 0.0, 0.0
20210325100551.78, 121.5, 0.0, 0.0
20210325100552.87, 121.5, 0.0, 0.0
20210325100553.95, 121.5, 0.0, 0.0
20210325100555.08, 121.5, 0.0, 0.0
20210325100556.19, 121.6, 0.0, 0.0
20210325100557.34, 121.6, 0.0, 0.0
20210325100558.39, 121.5, 0.0, 0.0
20210325100559.5, 121.5, 0.0, 0.0
20210325100600.57, 121.5, 0.0, 0.0
20210325100601.66, 121.5, 0.0, 0.0
20210325100602.77, 121.5, 0.0, 0.0
20210325100603.85, 121.5, 0.0, 0.0
20210325100604.93, 121.5, 0.0, 0.0
20210325100606.07, 121.4, 0.0, 0.0
20210325100607.16, 121.4, 0.0, 0.0
20210325100608.24, 121.5, 0.0, 0.0
20210325100609.37, 121.5, 0.0, 0.0
20210325100610.51, 121.5, 0.0, 0.0
20210325100611.61, 121.5, 0.0, 0.0
20210325100612.71, 121.5, 0.0, 0.0
20210325100613.79, 121.5, 0.0, 0.0
20210325100614.91, 121.5, 0.0, 0.0
20210325100616.02, 121.5, 0.0, 0.0
20210325100617.09, 121.6, 0.0, 0.0
20210325100618.18, 121.6, 0.0, 0.0
20210325100619.29, 121.6, 0.0, 0.0
20210325100620.43, 121.6, 0.0, 0.0
20210325100621.59, 121.6, 0.0, 0.0
20210325100622.71, 121.7, 0.0, 0.0
20210325100623.82, 121.7, 0.0, 0.0
20210325100624.95, 121.6, 0.0, 0.0
20210325100626.08, 121.6, 0.0, 0.0
20210325100627.2, 121.6, 0.0, 0.0
20210325100628.36, 121.6, 0.0, 0.0
20210325100629.5, 121.6, 0.0, 0.0
20210325100630.63, 121.6, 0.0, 0.0
20210325100631.74, 121.6, 0.0, 0.0
20210325100632.86, 121.5, 0.0, 0.0
20210325100633.93, 121.5, 0.0, 0.0
20210325100635.07, 121.5, 0.0, 0.0
20210325100636.14, 121.5, 0.0, 0.0
20210325100637.23, 121.5, 0.0, 0.0
20210325100638.33, 121.5, 0.0, 0.0
20210325100639.44, 121.4, 0.0, 0.0
20210325100640.58, 121.4, 0.0, 0.0
20210325100641.71, 121.4, 0.0, 0.0
20210325100642.81, 121.4, 0.0, 0.0
20210325100643.94, 121.4, 0.0, 0.0
20210325100645.2, 121.4, 0.0, 0.0
20210325100646.26, 121.4, 0.0, 0.0
20210325100647.4, 121.4, 0.0, 0.0
20210325100648.48, 121.4, 0.0, 0.0
20210325100649.62, 121.5, 0.0, 0.0
20210325100650.76, 121.5, 0.0, 0.0
20210325100651.84, 121.5, 0.0, 0.0
20210325100652.96, 121.5, 0.0, 0.0
20210325100654.07, 121.5, 0.0, 0.0
20210325100655.17, 121.5, 0.0, 0.0
20210325100656.23, 121.5, 0.0, 0.0
20210325100657.3, 121.5, 0.0, 0.0
20210325100658.41, 121.6, 0.0, 0.0
20210325100659.54, 121.6, 0.0, 0.0
20210325100700.67, 121.6, 0.0, 0.0
20210325100701.79, 121.6, 0.0, 0.0
20210325100702.93, 121.6, 0.0, 0.0
20210325100704.01, 121.5, 0.0, 0.0
20210325100705.1, 121.5, 0.0, 0.0
20210325100706.21, 121.5, 0.0, 0.0
20210325100707.31, 121.5, 0.0, 0.0
20210325100708.41, 121.5, 0.0, 0.0
20210325100709.52, 121.5, 0.0, 0.0
20210325100710.58, 121.5, 0.0, 0.0
20210325100711.68, 121.5, 0.0, 0.0
20210325100712.82, 121.5, 0.0, 0.0
20210325100713.88, 121.5, 0.0, 0.0
20210325100715.0, 121.5, 0.0, 0.0
20210325100716.12, 121.5, 0.0, 0.0
20210325100717.21, 121.5, 0.0, 0.0
20210325100718.3, 121.6, 0.0, 0.0
20210325100719.45, 121.6, 0.0, 0.0
20210325100720.55, 121.6, 0.0, 0.0
20210325100721.64, 121.6, 0.0, 0.0
20210325100722.77, 121.6, 0.0, 0.0
20210325100723.86, 121.6, 0.0, 0.0
20210325100724.99, 121.5, 0.0, 0.0
20210325100726.09, 121.5, 0.0, 0.0
20210325100727.21, 121.5, 0.0, 0.0
20210325100728.33, 121.5, 0.0, 0.0
20210325100729.51, 121.5, 0.0, 0.0
20210325100730.63, 121.4, 0.0, 0.0
20210325100731.73, 121.4, 0.0, 0.0
20210325100732.86, 121.5, 0.0, 0.0
20210325100733.96, 121.5, 0.0, 0.0
20210325100735.1, 121.4, 0.0, 0.0
20210325100736.16, 121.4, 0.0, 0.0
20210325100737.27, 121.4, 0.0, 0.0
20210325100738.38, 121.4, 0.0, 0.0
20210325100739.52, 121.5, 0.0, 0.0
20210325100740.59, 121.5, 0.0, 0.0
20210325100741.72, 121.5, 0.0, 0.0
20210325100742.84, 121.4, 0.0, 0.0
20210325100743.93, 121.4, 0.0, 0.0
20210325100745.05, 121.4, 0.0, 0.0
20210325100746.16, 121.4, 0.0, 0.0
20210325100747.26, 121.5, 0.0, 0.0
20210325100748.39, 121.5, 0.0, 0.0
20210325100749.51, 121.5, 0.0, 0.0
20210325100750.64, 121.5, 0.0, 0.0
20210325100751.77, 121.5, 0.0, 0.0
20210325100752.94, 121.5, 0.0, 0.0
20210325100754.0, 121.5, 0.0, 0.0
20210325100755.14, 121.5, 0.0, 0.0
20210325100756.28, 121.5, 0.0, 0.0
20210325100757.38, 121.5, 0.0, 0.0
20210325100758.48, 121.5, 0.0, 0.0
20210325100759.58, 121.5, 0.0, 0.0
20210325100800.67, 121.5, 0.0, 0.0
20210325100801.77, 121.4, 0.0, 0.0
20210325100802.91, 121.4, 0.0, 0.0
20210325100804.04, 121.4, 0.0, 0.0
20210325100805.16, 121.4, 0.0, 0.0
20210325100806.29, 121.4, 0.0, 0.0
20210325100807.4, 121.4, 0.0, 0.0
20210325100808.53, 121.4, 0.0, 0.0
20210325100809.68, 121.4, 0.0, 0.0
20210325100810.77, 121.4, 0.0, 0.0
20210325100811.86, 121.4, 0.0, 0.0
20210325100813.01, 121.4, 0.0, 0.0
20210325100814.06, 121.4, 0.0, 0.0
20210325100815.23, 121.4, 0.0, 0.0
20210325100816.3, 121.5, 0.0, 0.0
20210325100817.43, 121.5, 0.0, 0.0
20210325100818.55, 121.4, 0.0, 0.0
20210325100819.65, 121.4, 0.0, 0.0
20210325100820.73, 121.5, 0.0, 0.0
20210325100821.8, 121.5, 0.0, 0.0
20210325100823.01, 121.4, 0.0, 0.0
20210325100824.08, 121.5, 0.0, 0.0
20210325100825.13, 121.5, 0.0, 0.0
20210325100826.21, 121.4, 0.0, 0.0
20210325100827.33, 121.4, 0.0, 0.0
20210325100828.46, 121.4, 0.0, 0.0
20210325100829.57, 121.4, 0.0, 0.0
20210325100830.66, 121.5, 0.0, 0.0
20210325100831.74, 121.5, 0.0, 0.0
20210325100832.88, 121.5, 0.0, 0.0
20210325100833.97, 121.5, 0.0, 0.0
20210325100835.1, 121.4, 0.0, 0.0
20210325100836.17, 121.4, 0.0, 0.0
20210325100837.23, 121.5, 0.0, 0.0
20210325100838.45, 121.5, 0.0, 0.0
20210325100839.54, 121.5, 0.0, 0.0
20210325100840.65, 121.5, 0.0, 0.0
20210325100841.74, 121.5, 0.0, 0.0
20210325100842.84, 121.4, 0.0, 0.0
20210325100843.95, 121.4, 0.0, 0.0
20210325100845.09, 121.5, 0.0, 0.0
20210325100846.2, 121.5, 0.0, 0.0
20210325100847.34, 121.5, 0.0, 0.0
20210325100848.45, 121.5, 0.0, 0.0
20210325100849.6, 121.5, 0.0, 0.0
20210325100850.77, 121.5, 0.0, 0.0
20210325100851.82, 121.5, 0.0, 0.0
20210325100852.96, 121.5, 0.0, 0.0
20210325100854.09, 121.5, 0.0, 0.0
20210325100855.23, 121.5, 0.0, 0.0
20210325100856.35, 121.5, 0.0, 0.0
20210325100857.45, 121.5, 0.0, 0.0
20210325100858.57, 121.5, 0.0, 0.0
20210325100859.66, 121.5, 0.0, 0.0
20210325100900.79, 121.5, 0.0, 0.0
20210325100901.85, 121.5, 0.0, 0.0
20210325100903.01, 121.5, 0.0, 0.0
20210325100904.17, 121.5, 0.0, 0.0
20210325100905.26, 121.4, 0.0, 0.0
20210325100906.38, 121.4, 0.0, 0.0
20210325100907.5, 121.5, 0.0, 0.0
20210325100908.63, 121.5, 0.0, 0.0
20210325100909.76, 121.5, 0.0, 0.0
20210325100910.82, 121.5, 0.0, 0.0
20210325100911.87, 121.5, 0.0, 0.0
20210325100913.02, 121.5, 0.0, 0.0
20210325100914.09, 121.5, 0.0, 0.0
20210325100915.25, 121.5, 0.0, 0.0
20210325100916.39, 121.5, 0.0, 0.0
20210325100917.5, 121.5, 0.0, 0.0
20210325100918.58, 121.5, 0.0, 0.0
20210325100919.72, 121.5, 0.0, 0.0
20210325100920.83, 121.5, 0.0, 0.0
20210325100921.92, 121.6, 0.0, 0.0
20210325100923.04, 121.6, 0.0, 0.0
20210325100924.18, 121.6, 0.0, 0.0
20210325100925.24, 121.6, 0.0, 0.0
20210325100926.33, 121.6, 0.0, 0.0
20210325100927.46, 121.6, 0.0, 0.0
20210325100928.61, 121.6, 0.0, 0.0
20210325100929.72, 121.6, 0.0, 0.0
20210325100930.85, 121.6, 0.0, 0.0
20210325100931.95, 121.6, 0.0, 0.0
20210325100933.06, 121.6, 0.0, 0.0
20210325100934.12, 121.6, 0.0, 0.0
20210325100935.27, 121.6, 0.0, 0.0
20210325100936.38, 121.5, 0.0, 0.0
20210325100937.52, 121.5, 0.0, 0.0
20210325100938.62, 121.5, 0.0, 0.0
20210325100939.73, 121.5, 0.0, 0.0
20210325100940.82, 121.5, 0.0, 0.0
20210325100941.88, 121.5, 0.0, 0.0
20210325100943.01, 121.4, 0.0, 0.0
20210325100944.11, 121.4, 0.0, 0.0
20210325100945.2, 121.4, 0.0, 0.0
20210325100946.25, 121.4, 0.0, 0.0
20210325100947.37, 121.4, 0.0, 0.0
20210325100948.47, 121.5, 0.0, 0.0
20210325100949.59, 121.5, 0.0, 0.0
20210325100950.68, 121.5, 0.0, 0.0
20210325100951.76, 121.5, 0.0, 0.0
20210325100952.82, 121.5, 0.0, 0.0
20210325100953.89, 121.5, 0.0, 0.0
20210325100955.01, 121.5, 0.0, 0.0
20210325100956.09, 121.5, 0.0, 0.0
20210325100957.22, 121.5, 0.0, 0.0
20210325100958.33, 121.5, 0.0, 0.0
20210325100959.42, 121.5, 0.0, 0.0
20210325101000.49, 121.5, 0.0, 0.0
20210325101001.54, 121.5, 0.0, 0.0
20210325101002.77, 121.5, 0.0, 0.0
20210325101003.82, 121.5, 0.0, 0.0
20210325101004.89, 121.6, 0.0, 0.0
20210325101005.96, 121.6, 0.0, 0.0
20210325101007.02, 121.5, 0.0, 0.0
20210325101008.17, 121.5, 0.0, 0.0
20210325101009.27, 121.6, 0.0, 0.0
20210325101010.42, 121.6, 0.0, 0.0
20210325101011.54, 121.6, 0.0, 0.0
20210325101012.66, 121.6, 0.0, 0.0
20210325101013.77, 121.6, 0.0, 0.0
20210325101014.88, 121.6, 0.0, 0.0
20210325101015.99, 121.6, 0.0, 0.0
20210325101017.16, 121.6, 0.0, 0.0
20210325101018.25, 121.6, 0.0, 0.0
20210325101019.39, 121.5, 0.0, 0.0
20210325101020.52, 121.5, 0.0, 0.0
20210325101021.67, 121.5, 0.0, 0.0
20210325101022.8, 121.5, 0.0, 0.0
20210325101023.9, 121.5, 0.0, 0.0
20210325101025.01, 121.5, 0.0, 0.0
20210325101026.08, 121.5, 0.0, 0.0
20210325101027.16, 121.5, 0.0, 0.0
20210325101028.25, 121.5, 0.0, 0.0
20210325101029.32, 121.5, 0.0, 0.0
20210325101030.42, 121.5, 0.0, 0.0
20210325101031.54, 121.5, 0.0, 0.0
20210325101032.65, 121.5, 0.0, 0.0
20210325101033.78, 121.5, 0.0, 0.0
20210325101034.93, 121.5, 0.0, 0.0
20210325101036.0, 121.5, 0.0, 0.0
20210325101037.16, 121.5, 0.0, 0.0
20210325101038.3, 121.5, 0.0, 0.0
20210325101039.41, 121.5, 0.0, 0.0
20210325101040.5, 121.5, 0.0, 0.0
20210325101041.61, 121.5, 0.0, 0.0
20210325101042.74, 121.5, 0.0, 0.0
20210325101043.95, 121.5, 0.0, 0.0
20210325101045.02, 121.5, 0.0, 0.0
20210325101046.11, 121.5, 0.0, 0.0
20210325101047.22, 121.5, 0.0, 0.0
20210325101048.34, 121.6, 0.0, 0.0
20210325101049.43, 121.6, 0.0, 0.0
20210325101050.57, 121.6, 0.0, 0.0
20210325101051.7, 121.6, 0.0, 0.0
20210325101052.82, 121.7, 0.0, 0.0
20210325101053.95, 121.7, 0.0, 0.0
20210325101055.09, 121.7, 0.0, 0.0
20210325101056.16, 121.7, 0.0, 0.0
20210325101057.31, 121.7, 0.0, 0.0
20210325101058.42, 121.7, 0.0, 0.0
20210325101059.52, 121.7, 0.0, 0.0
20210325101100.62, 121.6, 0.0, 0.0
20210325101101.78, 121.6, 0.0, 0.0
20210325101102.87, 121.7, 0.0, 0.0
20210325101103.98, 121.7, 0.0, 0.0
20210325101105.06, 121.6, 0.0, 0.0
20210325101106.16, 121.6, 0.0, 0.0
20210325101107.26, 121.6, 0.0, 0.0
20210325101108.38, 121.6, 0.0, 0.0
20210325101109.47, 121.6, 0.0, 0.0
20210325101110.58, 121.6, 0.0, 0.0
20210325101111.71, 121.6, 0.0, 0.0
20210325101112.84, 121.5, 0.0, 0.0
20210325101113.94, 121.5, 0.0, 0.0
20210325101115.0, 121.5, 0.0, 0.0
20210325101116.14, 121.5, 0.0, 0.0
20210325101117.22, 121.6, 0.0, 0.0
20210325101118.32, 121.6, 0.0, 0.0
20210325101119.41, 121.5, 0.0, 0.0
20210325101120.57, 121.5, 0.0, 0.0
20210325101121.69, 121.5, 0.0, 0.0
20210325101122.79, 121.5, 0.0, 0.0
20210325101123.86, 121.5, 0.0, 0.0
20210325101125.07, 121.5, 0.0, 0.0
20210325101126.14, 121.5, 0.0, 0.0
20210325101127.23, 121.5, 0.0, 0.0
20210325101128.33, 121.5, 0.0, 0.0
20210325101129.46, 121.5, 0.0, 0.0
20210325101130.6, 121.5, 0.0, 0.0
20210325101131.71, 121.4, 0.0, 0.0
20210325101132.8, 121.4, 0.0, 0.0
20210325101133.9, 121.5, 0.0, 0.0
20210325101135.06, 121.5, 0.0, 0.0
20210325101136.12, 121.5, 0.0, 0.0
20210325101137.18, 121.5, 0.0, 0.0
20210325101138.34, 121.5, 0.0, 0.0
20210325101139.45, 121.5, 0.0, 0.0
20210325101140.6, 121.5, 0.0, 0.0
20210325101141.71, 121.5, 0.0, 0.0
20210325101142.79, 121.5, 0.0, 0.0
20210325101143.87, 121.5, 0.0, 0.0
20210325101145.0, 121.5, 0.0, 0.0
20210325101146.15, 121.6, 0.0, 0.0
20210325101147.25, 121.6, 0.0, 0.0
20210325101148.31, 121.6, 0.1, 0.0
20210325101149.46, 121.6, 0.1, 0.0
20210325101150.55, 121.6, 0.1, 0.0
20210325101151.62, 121.6, 0.1, 0.0
20210325101152.74, 121.6, 0.1, 0.0
20210325101153.82, 121.6, 0.1, 0.0
20210325101155.0, 121.6, 0.1, 0.0
20210325101156.06, 121.6, 0.1, 0.0
20210325101157.14, 121.6, 0.1, 0.0
20210325101158.19, 121.6, 0.1, 0.0
20210325101159.32, 121.6, 0.1, 0.0
20210325101200.45, 121.6, 0.1, 0.0
20210325101201.59, 121.6, 0.1, 0.0
20210325101202.65, 121.6, 0.0, 0.0
20210325101203.73, 121.6, 0.0, 0.0
20210325101204.82, 121.6, 0.0, 0.0
20210325101205.97, 121.6, 0.0, 0.0
20210325101207.06, 121.6, 0.0, 0.0
20210325101208.12, 121.6, 0.0, 0.0
20210325101209.24, 121.6, 0.0, 0.0
20210325101210.38, 121.6, 0.0, 0.0
20210325101211.45, 121.6, 0.0, 0.0
20210325101212.59, 121.6, 0.0, 0.0
20210325101213.7, 121.6, 0.0, 0.0
20210325101214.79, 121.6, 0.0, 0.0
20210325101215.92, 121.6, 0.0, 0.0
20210325101217.05, 121.6, 0.0, 0.0
20210325101218.15, 121.6, 0.0, 0.0
20210325101219.26, 121.6, 0.0, 0.0
20210325101220.42, 121.6, 0.0, 0.0
20210325101221.47, 121.7, 0.0, 0.0
20210325101222.71, 121.6, 0.0, 0.0
20210325101223.79, 121.6, 0.0, 0.0
20210325101224.91, 121.5, 0.0, 0.0
20210325101225.96, 121.5, 0.0, 0.0
20210325101227.11, 121.5, 0.0, 0.0
20210325101228.22, 121.5, 0.0, 0.0
20210325101229.37, 121.5, 0.0, 0.0
20210325101230.49, 121.5, 0.0, 0.0
20210325101231.64, 121.5, 0.0, 0.0
20210325101232.71, 121.5, 0.0, 0.0
20210325101233.82, 121.5, 0.0, 0.0
20210325101235.04, 121.5, 0.0, 0.0
20210325101236.11, 121.5, 0.0, 0.0
20210325101237.24, 121.5, 0.0, 0.0
20210325101238.38, 121.5, 0.0, 0.0
20210325101239.46, 121.5, 0.0, 0.0
20210325101240.55, 121.5, 0.0, 0.0
20210325101241.7, 121.5, 0.0, 0.0
20210325101242.84, 121.5, 0.0, 0.0
20210325101243.9, 121.6, 0.0, 0.0
20210325101245.03, 121.6, 0.0, 0.0
20210325101246.13, 121.5, 0.0, 0.0
20210325101247.21, 121.5, 0.0, 0.0
20210325101248.29, 121.6, 0.0, 0.0
20210325101249.36, 121.7, 0.0, 0.0
20210325101250.48, 121.7, 0.0, 0.0
20210325101251.57, 121.6, 0.0, 0.0
20210325101252.73, 121.6, 0.0, 0.0
20210325101253.79, 121.7, 0.0, 0.0
20210325101254.89, 121.7, 0.0, 0.0
20210325101255.99, 121.7, 0.0, 0.0
20210325101257.07, 121.7, 0.0, 0.0
20210325101258.17, 121.7, 0.0, 0.0
20210325101259.3, 121.7, 0.0, 0.0
20210325101300.45, 121.7, 0.0, 0.0
20210325101301.61, 121.7, 0.0, 0.0
20210325101302.78, 121.7, 0.0, 0.0
20210325101303.86, 121.6, 0.0, 0.0
20210325101304.95, 121.6, 0.0, 0.0
20210325101306.08, 121.7, 0.0, 0.0
20210325101307.2, 121.7, 0.0, 0.0
20210325101308.26, 121.6, 0.0, 0.0
20210325101309.39, 121.6, 0.0, 0.0
20210325101310.52, 121.7, 0.0, 0.0
20210325101311.63, 121.7, 0.0, 0.0
20210325101312.68, 121.7, 0.0, 0.0
20210325101313.76, 121.7, 0.0, 0.0
20210325101314.82, 121.7, 0.0, 0.0
20210325101315.95, 121.7, 0.0, 0.0
20210325101317.1, 121.7, 0.0, 0.0
20210325101318.21, 121.6, 0.0, 0.0
20210325101319.26, 121.6, 0.0, 0.0
20210325101320.32, 121.7, 0.0, 0.0
20210325101321.38, 121.7, 0.0, 0.0
20210325101322.5, 121.6, 0.0, 0.0
20210325101323.59, 121.6, 0.0, 0.0
20210325101324.66, 121.6, 0.0, 0.0
20210325101325.77, 121.6, 0.0, 0.0
20210325101326.9, 121.6, 0.0, 0.0
20210325101328.0, 121.6, 0.0, 0.0
20210325101329.12, 121.6, 0.0, 0.0
20210325101330.25, 121.6, 0.0, 0.0
20210325101331.35, 121.6, 0.0, 0.0
20210325101332.42, 121.6, 0.0, 0.0
20210325101333.51, 121.7, 0.0, 0.0
20210325101334.62, 121.7, 0.0, 0.0
20210325101335.74, 121.7, 0.0, 0.0
20210325101336.82, 121.7, 0.0, 0.0
20210325101337.88, 121.7, 0.0, 0.0
20210325101339.02, 121.7, 0.0, 0.0
20210325101340.17, 121.7, 0.0, 0.0
20210325101341.29, 121.7, 0.0, 0.0
20210325101342.45, 121.7, 0.0, 0.0
20210325101343.59, 121.7, 0.0, 0.0
20210325101344.74, 121.7, 0.0, 0.0
20210325101345.84, 121.8, 0.0, 0.0
20210325101347.0, 121.8, 0.0, 0.0
20210325101348.11, 121.8, 0.0, 0.0
20210325101349.16, 121.8, 0.0, 0.0
20210325101350.28, 121.8, 0.0, 0.0
20210325101351.39, 121.8, 0.0, 0.0
20210325101352.46, 121.8, 0.0, 0.0
20210325101353.55, 121.7, 0.0, 0.0
20210325101354.7, 121.7, 0.0, 0.0
20210325101355.81, 121.7, 0.0, 0.0
20210325101356.94, 121.7, 0.0, 0.0
20210325101358.0, 121.6, 0.0, 0.0
20210325101359.08, 121.6, 0.0, 0.0
20210325101400.18, 121.7, 0.0, 0.0
20210325101401.3, 121.6, 0.0, 0.0
20210325101402.41, 121.6, 0.0, 0.0
20210325101403.51, 121.7, 0.0, 0.0
20210325101404.64, 121.7, 0.0, 0.0
20210325101405.77, 121.6, 0.0, 0.0
20210325101406.93, 121.6, 0.0, 0.0
20210325101407.99, 121.7, 0.0, 0.0
20210325101409.11, 121.7, 0.0, 0.0
20210325101410.25, 121.6, 0.0, 0.0
20210325101411.41, 121.6, 0.0, 0.0
20210325101412.54, 121.6, 0.0, 0.0
20210325101413.64, 121.6, 0.0, 0.0
20210325101414.77, 121.6, 0.0, 0.0
20210325101415.89, 121.6, 0.0, 0.0
20210325101417.0, 121.6, 0.0, 0.0
20210325101418.09, 121.7, 0.0, 0.0
20210325101419.14, 121.7, 0.0, 0.0
20210325101420.21, 121.6, 0.0, 0.0
20210325101421.33, 121.6, 0.0, 0.0
20210325101422.48, 121.7, 0.0, 0.0
20210325101423.59, 121.7, 0.0, 0.0
20210325101424.7, 121.7, 0.0, 0.0
20210325101425.82, 121.7, 0.0, 0.0
20210325101426.93, 121.7, 0.0, 0.0
20210325101427.98, 121.7, 0.0, 0.0
20210325101429.04, 121.7, 0.0, 0.0
20210325101430.12, 121.6, 0.0, 0.0
20210325101431.27, 121.6, 0.0, 0.0
20210325101432.36, 121.7, 0.0, 0.0
20210325101433.42, 121.7, 0.0, 0.0
20210325101434.55, 121.7, 0.0, 0.0
20210325101435.64, 121.7, 0.0, 0.0
20210325101436.73, 121.7, 0.0, 0.0
20210325101437.82, 121.7, 0.0, 0.0
20210325101438.86, 121.6, 0.0, 0.0
20210325101439.93, 121.6, 0.0, 0.0
20210325101440.98, 121.6, 0.0, 0.0
20210325101442.08, 121.6, 0.0, 0.0
20210325101443.14, 121.6, 0.0, 0.0
20210325101444.26, 121.6, 0.0, 0.0
20210325101445.39, 121.6, 0.0, 0.0
20210325101446.6, 121.6, 0.0, 0.0
20210325101447.69, 121.6, 0.0, 0.0
20210325101448.77, 121.6, 0.0, 0.0
20210325101449.91, 121.6, 0.0, 0.0
20210325101450.99, 121.7, 0.0, 0.0
20210325101452.09, 121.7, 0.0, 0.0
20210325101453.21, 121.6, 0.0, 0.0
20210325101454.3, 121.6, 0.0, 0.0
20210325101455.42, 121.7, 0.0, 0.0
20210325101456.54, 121.7, 0.0, 0.0
20210325101457.6, 121.6, 0.0, 0.0
20210325101458.71, 121.6, 0.0, 0.0
20210325101459.81, 121.6, 0.0, 0.0
20210325101500.95, 121.7, 0.0, 0.0
20210325101502.04, 121.7, 0.0, 0.0
20210325101503.15, 121.6, 0.0, 0.0
20210325101504.26, 121.6, 0.0, 0.0
20210325101505.4, 121.6, 0.0, 0.0
20210325101506.47, 121.6, 0.0, 0.0
20210325101507.56, 121.6, 0.0, 0.0
20210325101508.62, 121.6, 0.0, 0.0
20210325101509.77, 121.7, 0.0, 0.0
20210325101510.85, 121.7, 0.0, 0.0
20210325101511.91, 121.7, 0.0, 0.0
20210325101512.97, 121.7, 0.0, 0.0
20210325101514.09, 121.7, 0.0, 0.0
20210325101515.18, 121.7, 0.0, 0.0
20210325101516.32, 121.7, 0.0, 0.0
20210325101517.43, 121.7, 0.0, 0.0
20210325101518.52, 121.7, 0.0, 0.0
20210325101519.62, 121.7, 0.0, 0.0
20210325101520.72, 121.7, 0.0, 0.0
20210325101521.86, 121.6, 0.0, 0.0
20210325101522.94, 121.6, 0.0, 0.0
20210325101524.04, 121.7, 0.0, 0.0
20210325101525.12, 121.7, 0.0, 0.0
20210325101526.21, 121.7, 0.0, 0.0
20210325101527.36, 121.7, 0.0, 0.0
20210325101528.41, 121.7, 0.0, 0.0
20210325101529.57, 121.7, 0.0, 0.0
20210325101530.64, 121.7, 0.0, 0.0
20210325101531.76, 121.6, 0.0, 0.0
20210325101532.89, 121.6, 0.0, 0.0
20210325101533.95, 121.6, 0.0, 0.0
20210325101535.08, 121.6, 0.0, 0.0
20210325101536.18, 121.6, 0.0, 0.0
20210325101537.24, 121.6, 0.0, 0.0
20210325101538.31, 121.6, 0.0, 0.0
20210325101539.43, 121.6, 0.0, 0.0
20210325101540.54, 121.6, 0.0, 0.0
20210325101541.69, 121.6, 0.0, 0.0
20210325101542.78, 121.5, 0.0, 0.0
20210325101543.89, 121.5, 0.0, 0.0
20210325101545.03, 121.6, 0.0, 0.0
20210325101546.14, 121.6, 0.0, 0.0
20210325101547.26, 121.6, 0.0, 0.0
20210325101548.36, 121.6, 0.0, 0.0
20210325101549.5, 121.6, 0.0, 0.0
20210325101550.59, 121.6, 0.0, 0.0
20210325101551.68, 121.6, 0.0, 0.0
20210325101552.82, 121.6, 0.0, 0.0
20210325101553.91, 121.6, 0.0, 0.0
20210325101555.05, 121.6, 0.0, 0.0
20210325101556.16, 121.6, 0.0, 0.0
20210325101557.23, 121.6, 0.0, 0.0
20210325101558.53, 121.7, 0.0, 0.0
20210325101559.6, 121.7, 0.0, 0.0
20210325101600.7, 121.6, 0.0, 0.0
20210325101601.81, 121.6, 0.0, 0.0
20210325101602.9, 121.7, 0.0, 0.0
20210325101604.0, 121.7, 0.0, 0.0
20210325101605.15, 121.7, 0.0, 0.0
20210325101606.23, 121.7, 0.0, 0.0
20210325101607.29, 121.7, 0.0, 0.0
20210325101608.36, 121.7, 0.0, 0.0
20210325101609.47, 121.7, 0.0, 0.0
20210325101610.59, 121.7, 0.0, 0.0
20210325101611.67, 121.8, 0.0, 0.0
20210325101612.92, 121.7, 0.0, 0.0
20210325101613.98, 121.7, 0.0, 0.0
20210325101615.08, 121.6, 0.0, 0.0
20210325101616.19, 121.6, 0.0, 0.0
20210325101617.29, 121.6, 0.0, 0.0
20210325101618.36, 121.6, 0.0, 0.0
20210325101619.5, 121.6, 0.0, 0.0
20210325101620.6, 121.6, 0.0, 0.0
20210325101621.71, 121.6, 0.0, 0.0
20210325101622.77, 121.6, 0.0, 0.0
20210325101623.82, 121.6, 0.0, 0.0
20210325101624.93, 121.6, 0.0, 0.0
20210325101626.02, 121.6, 0.0, 0.0
20210325101627.11, 121.6, 0.0, 0.0
20210325101628.17, 121.5, 0.0, 0.0
20210325101629.32, 121.6, 0.0, 0.0
20210325101630.43, 121.6, 0.0, 0.0
20210325101631.56, 121.6, 0.0, 0.0
20210325101632.68, 121.6, 0.0, 0.0
20210325101633.81, 121.6, 0.0, 0.0
20210325101634.88, 121.6, 0.0, 0.0
20210325101635.94, 121.6, 0.0, 0.0
20210325101637.07, 121.6, 0.0, 0.0
20210325101638.12, 121.6, 0.0, 0.0
20210325101639.18, 121.6, 0.0, 0.0
20210325101640.24, 121.6, 0.0, 0.0
20210325101641.36, 121.6, 0.0, 0.0
20210325101642.5, 121.6, 0.0, 0.0
20210325101643.55, 121.6, 0.0, 0.0
20210325101644.6, 121.6, 0.0, 0.0
20210325101645.66, 121.6, 0.0, 0.0
20210325101646.74, 121.6, 0.0, 0.0
20210325101647.86, 121.6, 0.0, 0.0
20210325101648.96, 121.6, 0.0, 0.0
20210325101650.05, 121.6, 0.0, 0.0
20210325101651.17, 121.6, 0.0, 0.0
20210325101652.24, 121.6, 0.0, 0.0
20210325101653.39, 121.6, 0.0, 0.0
20210325101654.49, 121.6, 0.0, 0.0
20210325101655.59, 121.6, 0.0, 0.0
20210325101656.74, 121.7, 0.0, 0.0
20210325101657.87, 121.7, 0.0, 0.0
20210325101658.99, 121.7, 0.0, 0.0
20210325101700.07, 121.7, 0.0, 0.0
20210325101701.12, 121.7, 0.0, 0.0
20210325101702.24, 121.6, 0.0, 0.0
20210325101703.34, 121.6, 0.0, 0.0
20210325101704.43, 121.6, 0.0, 0.0
20210325101705.56, 121.6, 0.0, 0.0
20210325101706.71, 121.5, 0.0, 0.0
20210325101707.82, 121.5, 0.0, 0.0
20210325101708.95, 121.6, 0.0, 0.0
20210325101710.04, 121.6, 0.0, 0.0
20210325101711.16, 121.6, 0.0, 0.0
20210325101712.24, 121.6, 0.0, 0.0
20210325101713.32, 121.6, 0.0, 0.0
20210325101714.47, 121.6, 0.0, 0.0
20210325101715.67, 121.6, 0.0, 0.0
20210325101716.8, 121.6, 0.0, 0.0
20210325101717.89, 121.6, 0.0, 0.0
20210325101718.97, 121.6, 0.0, 0.0
20210325101720.03, 121.6, 0.0, 0.0
20210325101721.18, 121.5, 0.0, 0.0
20210325101722.27, 121.5, 0.0, 0.0
20210325101723.36, 121.5, 0.0, 0.0
20210325101724.46, 121.5, 0.0, 0.0
20210325101725.56, 121.6, 0.0, 0.0
20210325101726.67, 121.6, 0.0, 0.0
20210325101727.8, 121.6, 0.0, 0.0
20210325101728.86, 121.6, 0.0, 0.0
20210325101729.94, 121.6, 0.0, 0.0
20210325101731.06, 121.6, 0.0, 0.0
20210325101732.14, 121.6, 0.0, 0.0
20210325101733.25, 121.6, 0.0, 0.0
20210325101734.32, 121.6, 0.0, 0.0
20210325101735.46, 121.5, 0.0, 0.0
20210325101736.58, 121.5, 0.0, 0.0
20210325101737.65, 121.6, 0.0, 0.0
20210325101738.78, 121.6, 0.0, 0.0
20210325101739.84, 121.5, 0.0, 0.0
20210325101740.94, 121.5, 0.0, 0.0
20210325101742.05, 121.6, 0.0, 0.0
20210325101743.15, 121.6, 0.0, 0.0
20210325101744.24, 121.6, 0.0, 0.0
20210325101745.45, 121.5, 0.0, 0.0
20210325101746.55, 121.5, 0.0, 0.0
20210325101747.64, 121.5, 0.0, 0.0
20210325101748.78, 121.5, 0.0, 0.0
20210325101749.82, 121.5, 0.0, 0.0
20210325101750.93, 121.5, 0.0, 0.0
20210325101752.0, 121.5, 0.0, 0.0
20210325101753.1, 121.5, 0.0, 0.0
20210325101754.23, 121.5, 0.0, 0.0
20210325101755.38, 121.5, 0.0, 0.0
20210325101756.46, 121.5, 0.0, 0.0
20210325101757.54, 121.5, 0.0, 0.0
20210325101758.67, 121.4, 0.0, 0.0
20210325101759.78, 121.5, 0.0, 0.0
20210325101800.87, 121.5, 0.0, 0.0
20210325101801.92, 121.4, 0.0, 0.0
20210325101803.02, 121.4, 0.0, 0.0
20210325101804.1, 121.4, 0.0, 0.0
20210325101805.25, 121.4, 0.0, 0.0
20210325101806.39, 121.4, 0.0, 0.0
20210325101807.49, 121.4, 0.0, 0.0
20210325101808.59, 121.5, 0.0, 0.0
20210325101809.67, 121.5, 0.0, 0.0
20210325101810.75, 121.4, 0.0, 0.0
20210325101811.81, 121.4, 0.0, 0.0
20210325101812.9, 121.5, 0.0, 0.0
20210325101813.97, 121.5, 0.0, 0.0
20210325101815.08, 121.5, 0.0, 0.0
20210325101816.27, 121.5, 0.0, 0.0
20210325101817.34, 121.5, 0.0, 0.0
20210325101818.41, 121.6, 0.0, 0.0
20210325101819.56, 121.6, 0.0, 0.0
20210325101820.63, 121.6, 0.0, 0.0
20210325101821.77, 121.6, 0.0, 0.0
20210325101822.9, 121.6, 0.0, 0.0
20210325101824.0, 121.6, 0.0, 0.0
20210325101825.1, 121.6, 0.0, 0.0
20210325101826.16, 121.6, 0.0, 0.0
20210325101827.29, 121.6, 0.0, 0.0
20210325101828.43, 121.6, 0.0, 0.0
20210325101829.52, 121.6, 0.0, 0.0
20210325101830.61, 121.6, 0.0, 0.0
20210325101831.73, 121.6, 0.0, 0.0
20210325101832.79, 121.6, 0.0, 0.0
20210325101833.89, 121.6, 0.0, 0.0
20210325101835.01, 121.6, 0.0, 0.0
20210325101836.16, 121.6, 0.0, 0.0
20210325101837.27, 121.6, 0.0, 0.0
20210325101838.37, 121.6, 0.0, 0.0
20210325101839.48, 121.6, 0.0, 0.0
20210325101840.57, 121.6, 0.0, 0.0
20210325101841.71, 121.6, 0.0, 0.0
20210325101842.8, 121.6, 0.0, 0.0
20210325101843.88, 121.6, 0.0, 0.0
20210325101845.04, 121.6, 0.0, 0.0
20210325101846.14, 121.6, 0.0, 0.0
20210325101847.24, 121.6, 0.0, 0.0
20210325101848.39, 121.6, 0.0, 0.0
20210325101849.45, 121.6, 0.0, 0.0
20210325101850.58, 121.6, 0.0, 0.0
20210325101851.7, 121.6, 0.0, 0.0
20210325101852.77, 121.6, 0.0, 0.0
20210325101853.88, 121.6, 0.0, 0.0
20210325101855.01, 121.6, 0.0, 0.0
20210325101856.11, 121.6, 0.0, 0.0
20210325101857.36, 121.6, 0.0, 0.0
20210325101858.43, 121.6, 0.0, 0.0
20210325101859.56, 121.6, 0.0, 0.0
20210325101900.69, 121.6, 0.0, 0.0
20210325101901.8, 121.6, 0.0, 0.0
20210325101902.96, 121.6, 0.0, 0.0
20210325101904.05, 121.6, 0.0, 0.0
20210325101905.14, 121.6, 0.0, 0.0
20210325101906.24, 121.6, 0.0, 0.0
20210325101907.37, 121.6, 0.0, 0.0
20210325101908.5, 121.6, 0.0, 0.0
20210325101909.64, 121.6, 0.0, 0.0
20210325101910.78, 121.6, 0.0, 0.0
20210325101911.86, 121.7, 0.0, 0.0
20210325101913.01, 121.7, 0.0, 0.0
20210325101914.1, 121.7, 0.0, 0.0
20210325101915.22, 121.7, 0.0, 0.0
20210325101916.3, 121.6, 0.0, 0.0
20210325101917.41, 121.6, 0.0, 0.0
20210325101918.54, 121.7, 0.0, 0.0
20210325101919.66, 121.7, 0.0, 0.0
20210325101920.75, 121.6, 0.0, 0.0
20210325101921.85, 121.6, 0.0, 0.0
20210325101922.91, 121.6, 0.0, 0.0
20210325101924.03, 121.6, 0.0, 0.0
20210325101925.13, 121.6, 0.0, 0.0
20210325101926.19, 121.6, 0.0, 0.0
20210325101927.27, 121.6, 0.0, 0.0
20210325101928.32, 121.6, 0.0, 0.0
20210325101929.38, 121.6, 0.0, 0.0
20210325101930.47, 121.5, 0.0, 0.0
20210325101931.64, 121.5, 0.0, 0.0
20210325101932.78, 121.6, 0.0, 0.0
20210325101933.85, 121.6, 0.0, 0.0
20210325101934.92, 121.6, 0.0, 0.0
20210325101935.98, 121.6, 0.0, 0.0
20210325101937.09, 121.6, 0.0, 0.0
20210325101938.2, 121.6, 0.0, 0.0
20210325101939.3, 121.6, 0.0, 0.0
20210325101940.57, 121.6, 0.0, 0.0
20210325101941.66, 121.6, 0.0, 0.0
20210325101942.74, 121.6, 0.0, 0.0
20210325101943.84, 121.6, 0.0, 0.0
20210325101944.97, 121.6, 0.0, 0.0
20210325101946.1, 121.6, 0.0, 0.0
20210325101947.19, 121.6, 0.0, 0.0
20210325101948.31, 121.6, 0.0, 0.0
20210325101949.41, 121.6, 0.0, 0.0
20210325101950.51, 121.6, 0.0, 0.0
20210325101951.67, 121.6, 0.0, 0.0
20210325101952.76, 121.6, 0.0, 0.0
20210325101953.83, 121.6, 0.0, 0.0
20210325101954.99, 121.6, 0.0, 0.0
20210325101956.1, 121.6, 0.0, 0.0
20210325101957.18, 121.7, 0.0, 0.0
20210325101958.3, 121.7, 0.0, 0.0
20210325101959.44, 121.6, 0.0, 0.0
20210325102000.58, 121.6, 0.0, 0.0
20210325102001.7, 121.5, 0.0, 0.0
20210325102002.81, 121.5, 0.0, 0.0
20210325102003.92, 121.5, 0.0, 0.0
20210325102005.02, 121.5, 0.0, 0.0
20210325102006.08, 121.5, 0.0, 0.0
20210325102007.3, 121.5, 0.0, 0.0
20210325102008.36, 121.5, 0.0, 0.0
20210325102009.48, 121.5, 0.0, 0.0
20210325102010.59, 121.5, 0.0, 0.0
20210325102011.64, 121.6, 0.0, 0.0
20210325102012.75, 121.6, 0.0, 0.0
20210325102013.84, 121.6, 0.0, 0.0
20210325102014.92, 121.6, 0.0, 0.0
20210325102016.02, 121.6, 0.0, 0.0
20210325102017.11, 121.6, 0.0, 0.0
20210325102018.25, 121.6, 0.0, 0.0
20210325102019.34, 121.6, 0.0, 0.0
20210325102020.49, 121.6, 0.0, 0.0
20210325102021.7, 121.6, 0.0, 0.0
20210325102022.77, 121.6, 0.0, 0.0
20210325102023.88, 121.6, 0.0, 0.0
20210325102025.03, 121.6, 0.0, 0.0
20210325102026.14, 121.6, 0.0, 0.0
20210325102027.25, 121.6, 0.0, 0.0
20210325102028.35, 121.6, 0.0, 0.0
20210325102029.46, 121.6, 0.0, 0.0
20210325102030.54, 121.6, 0.0, 0.0
20210325102031.6, 121.6, 0.0, 0.0
20210325102032.71, 121.6, 0.0, 0.0
20210325102033.84, 121.6, 0.0, 0.0
20210325102034.96, 121.6, 0.0, 0.0
20210325102036.03, 121.7, 0.0, 0.0
20210325102037.12, 121.7, 0.0, 0.0
20210325102038.18, 121.6, 0.0, 0.0
20210325102039.26, 121.6, 0.0, 0.0
20210325102040.39, 121.7, 0.0, 0.0
20210325102041.52, 121.7, 0.0, 0.0
20210325102042.64, 121.6, 0.0, 0.0
20210325102043.77, 121.6, 0.0, 0.0
20210325102044.91, 121.5, 0.0, 0.0
20210325102045.97, 121.5, 0.0, 0.0
20210325102047.07, 121.6, 0.0, 0.0
20210325102048.14, 121.6, 0.0, 0.0
20210325102049.22, 121.6, 0.0, 0.0
20210325102050.32, 121.6, 0.0, 0.0
20210325102051.42, 121.6, 0.0, 0.0
20210325102052.57, 121.5, 0.0, 0.0
20210325102053.66, 121.5, 0.0, 0.0
20210325102054.78, 121.5, 0.0, 0.0
20210325102055.9, 121.5, 0.0, 0.0
20210325102057.02, 121.5, 0.0, 0.0
20210325102058.11, 121.5, 0.0, 0.0
20210325102059.22, 121.6, 0.0, 0.0
20210325102100.28, 121.6, 0.0, 0.0
20210325102101.41, 121.6, 0.0, 0.0
20210325102102.56, 121.6, 0.0, 0.0
20210325102103.66, 121.6, 0.0, 0.0
20210325102104.89, 121.6, 0.0, 0.0
20210325102105.95, 121.6, 0.0, 0.0
20210325102107.08, 121.5, 0.0, 0.0
20210325102108.24, 121.5, 0.0, 0.0
20210325102109.33, 121.6, 0.0, 0.0
20210325102110.43, 121.6, 0.0, 0.0
20210325102111.51, 121.6, 0.0, 0.0
20210325102112.62, 121.6, 0.0, 0.0
20210325102113.76, 121.5, 0.0, 0.0
20210325102114.87, 121.5, 0.0, 0.0
20210325102115.94, 121.5, 0.0, 0.0
20210325102117.25, 121.5, 0.0, 0.0
20210325102118.36, 121.5, 0.0, 0.0
20210325102119.44, 121.5, 0.0, 0.0
20210325102120.52, 121.5, 0.0, 0.0
20210325102121.64, 121.5, 0.0, 0.0
20210325102122.78, 121.5, 0.0, 0.0
20210325102123.91, 121.6, 0.0, 0.0
20210325102125.03, 121.6, 0.0, 0.0
20210325102126.17, 121.5, 0.0, 0.0
20210325102127.3, 121.5, 0.0, 0.0
20210325102128.43, 121.5, 0.0, 0.0
20210325102129.54, 121.5, 0.0, 0.0
20210325102130.66, 121.5, 0.0, 0.0
20210325102131.78, 121.5, 0.0, 0.0
20210325102132.86, 121.5, 0.0, 0.0
20210325102133.95, 121.6, 0.0, 0.0
20210325102135.06, 121.6, 0.0, 0.0
20210325102136.11, 121.6, 0.0, 0.0
20210325102137.25, 121.6, 0.0, 0.0
20210325102138.31, 121.6, 0.0, 0.0
20210325102139.36, 121.6, 0.0, 0.0
20210325102140.48, 121.6, 0.0, 0.0
20210325102141.64, 121.6, 0.0, 0.0
20210325102142.71, 121.5, 0.0, 0.0
20210325102143.97, 121.5, 0.0, 0.0
20210325102145.06, 121.5, 0.0, 0.0
20210325102146.11, 121.6, 0.0, 0.0
20210325102147.23, 121.6, 0.0, 0.0
20210325102148.33, 121.6, 0.0, 0.0
20210325102149.45, 121.6, 0.0, 0.0
20210325102150.55, 121.5, 0.0, 0.0
20210325102151.68, 121.5, 0.0, 0.0
20210325102152.8, 121.5, 0.0, 0.0
20210325102153.86, 121.5, 0.0, 0.0
20210325102155.0, 121.5, 0.0, 0.0
20210325102156.11, 121.5, 0.0, 0.0
20210325102157.23, 121.6, 0.0, 0.0
20210325102158.37, 121.6, 0.0, 0.0
20210325102159.43, 121.6, 0.0, 0.0
20210325102200.57, 121.6, 0.0, 0.0
20210325102201.67, 121.6, 0.0, 0.0
20210325102202.75, 121.5, 0.0, 0.0
20210325102203.89, 121.5, 0.0, 0.0
20210325102204.99, 121.5, 0.0, 0.0
20210325102206.08, 121.5, 0.0, 0.0
20210325102207.22, 121.5, 0.0, 0.0
20210325102208.35, 121.5, 0.0, 0.0
20210325102209.44, 121.5, 0.0, 0.0
20210325102210.55, 121.5, 0.0, 0.0
20210325102211.61, 121.5, 0.0, 0.0
20210325102212.71, 121.4, 0.0, 0.0
20210325102213.82, 121.4, 0.0, 0.0
20210325102214.92, 121.5, 0.0, 0.0
20210325102215.98, 121.5, 0.0, 0.0
20210325102217.11, 121.4, 0.0, 0.0
20210325102218.19, 121.4, 0.0, 0.0
20210325102219.27, 121.5, 0.0, 0.0
20210325102220.37, 121.5, 0.0, 0.0
20210325102221.46, 121.5, 0.0, 0.0
20210325102222.6, 121.5, 0.0, 0.0
20210325102223.66, 121.6, 0.0, 0.0
20210325102224.79, 121.6, 0.0, 0.0
20210325102225.9, 121.5, 0.0, 0.0
20210325102227.12, 121.5, 0.0, 0.0
20210325102228.2, 121.5, 0.0, 0.0
20210325102229.33, 121.5, 0.0, 0.0
20210325102230.4, 121.5, 0.0, 0.0
20210325102231.45, 121.5, 0.0, 0.0
20210325102232.54, 121.5, 0.0, 0.0
20210325102233.68, 121.4, 0.0, 0.0
20210325102234.83, 121.4, 0.0, 0.0
20210325102235.94, 121.5, 0.0, 0.0
20210325102237.0, 121.5, 0.0, 0.0
20210325102238.09, 121.5, 0.0, 0.0
20210325102239.22, 121.5, 0.0, 0.0
20210325102240.36, 121.5, 0.0, 0.0
20210325102241.45, 121.5, 0.0, 0.0
20210325102242.58, 121.5, 0.0, 0.0
20210325102243.71, 121.5, 0.0, 0.0
20210325102244.78, 121.5, 0.0, 0.0
20210325102245.91, 121.5, 0.0, 0.0
20210325102247.01, 121.5, 0.0, 0.0
20210325102248.06, 121.6, 0.0, 0.0
20210325102249.16, 121.6, 0.0, 0.0
20210325102250.22, 121.5, 0.0, 0.0
20210325102251.36, 121.5, 0.0, 0.0
20210325102252.46, 121.5, 0.0, 0.0
20210325102253.53, 121.5, 0.0, 0.0
20210325102254.63, 121.6, 0.0, 0.0
20210325102255.75, 121.6, 0.0, 0.0
20210325102256.81, 121.6, 0.0, 0.0
20210325102257.92, 121.6, 0.0, 0.0
20210325102259.01, 121.6, 0.0, 0.0
20210325102300.1, 121.6, 0.0, 0.0
20210325102301.2, 121.6, 0.0, 0.0
20210325102302.34, 121.5, 0.0, 0.0
20210325102303.5, 121.5, 0.0, 0.0
20210325102304.55, 121.5, 0.0, 0.0
20210325102305.63, 121.5, 0.0, 0.0
20210325102306.77, 121.6, 0.0, 0.0
20210325102307.91, 121.6, 0.0, 0.0
20210325102309.02, 121.5, 0.0, 0.0
20210325102310.12, 121.5, 0.0, 0.0
20210325102311.29, 121.4, 0.0, 0.0
20210325102312.36, 121.5, 0.0, 0.0
20210325102313.49, 121.5, 0.0, 0.0
20210325102314.59, 121.5, 0.0, 0.0
20210325102315.7, 121.5, 0.0, 0.0
20210325102316.75, 121.6, 0.0, 0.0
20210325102317.9, 121.6, 0.0, 0.0
20210325102319.02, 121.5, 0.0, 0.0
20210325102320.11, 121.5, 0.0, 0.0
20210325102321.16, 121.6, 0.0, 0.0
20210325102322.25, 121.6, 0.0, 0.0
20210325102323.31, 121.6, 0.0, 0.0
20210325102324.38, 121.6, 0.0, 0.0
20210325102325.43, 121.6, 0.0, 0.0
20210325102326.51, 121.6, 0.0, 0.0
20210325102327.57, 121.7, 0.0, 0.0
20210325102328.63, 121.7, 0.0, 0.0
20210325102329.74, 121.6, 0.0, 0.0
20210325102330.79, 121.5, 0.0, 0.0
20210325102331.85, 121.5, 0.0, 0.0
20210325102332.91, 121.6, 0.0, 0.0
20210325102333.97, 121.6, 0.0, 0.0
20210325102335.02, 121.6, 0.0, 0.0
20210325102336.08, 121.6, 0.0, 0.0
20210325102337.13, 121.6, 0.0, 0.0
20210325102338.18, 121.6, 0.0, 0.0
20210325102339.23, 121.6, 0.0, 0.0
20210325102340.29, 121.6, 0.0, 0.0
20210325102341.33, 121.5, 0.0, 0.0
20210325102342.41, 121.5, 0.0, 0.0
20210325102343.46, 121.6, 0.0, 0.0
20210325102344.52, 121.6, 0.0, 0.0
20210325102345.58, 121.6, 0.0, 0.0
20210325102346.64, 121.6, 0.0, 0.0
20210325102347.7, 121.6, 0.0, 0.0
20210325102348.76, 121.6, 0.0, 0.0
20210325102349.81, 121.5, 0.0, 0.0
20210325102350.86, 121.5, 0.0, 0.0
20210325102351.93, 121.5, 0.0, 0.0
20210325102352.98, 121.5, 0.0, 0.0
20210325102354.04, 121.6, 0.0, 0.0
20210325102355.09, 121.6, 0.0, 0.0
20210325102356.14, 121.5, 0.0, 0.0
20210325102357.2, 121.5, 0.0, 0.0
20210325102358.28, 121.5, 0.0, 0.0
20210325102359.32, 121.5, 0.0, 0.0
20210325102400.37, 121.5, 0.0, 0.0
20210325102401.45, 121.6, 0.0, 0.0
20210325102402.58, 121.6, 0.0, 0.0
20210325102403.72, 121.5, 0.0, 0.0
20210325102404.79, 121.5, 0.0, 0.0
20210325102405.86, 121.6, 0.0, 0.0
20210325102406.95, 121.6, 0.0, 0.0
20210325102408.04, 121.6, 0.0, 0.0
20210325102409.18, 121.6, 0.0, 0.0
20210325102410.29, 121.6, 0.0, 0.0
20210325102411.35, 121.6, 0.0, 0.0
20210325102412.48, 121.6, 0.0, 0.0
20210325102413.53, 121.6, 0.0, 0.0
20210325102414.58, 121.6, 0.0, 0.0
20210325102415.63, 121.6, 0.0, 0.0
20210325102416.68, 121.5, 0.0, 0.0
20210325102417.73, 121.5, 0.0, 0.0
20210325102418.79, 121.6, 0.0, 0.0
20210325102419.84, 121.6, 0.0, 0.0
20210325102420.88, 121.5, 0.0, 0.0
20210325102422.0, 121.5, 0.0, 0.0
20210325102423.05, 121.5, 0.0, 0.0
20210325102424.1, 121.6, 0.0, 0.0
20210325102425.17, 121.6, 0.0, 0.0
20210325102426.21, 121.6, 0.0, 0.0
20210325102427.27, 121.6, 0.0, 0.0
20210325102428.32, 121.6, 0.0, 0.0
20210325102429.38, 121.6, 0.0, 0.0
20210325102430.43, 121.6, 0.0, 0.0
20210325102431.49, 121.6, 0.0, 0.0
20210325102432.54, 121.6, 0.0, 0.0
20210325102433.59, 121.6, 0.0, 0.0
20210325102434.64, 121.7, 0.0, 0.0
20210325102435.7, 121.7, 0.0, 0.0
20210325102436.74, 121.6, 0.0, 0.0
20210325102437.8, 121.6, 0.0, 0.0
20210325102438.85, 121.6, 0.0, 0.0
20210325102439.9, 121.6, 0.0, 0.0
20210325102440.96, 121.6, 0.0, 0.0
20210325102442.02, 121.6, 0.0, 0.0
20210325102443.07, 121.6, 0.0, 0.0
20210325102444.12, 121.6, 0.0, 0.0
20210325102445.18, 121.6, 0.0, 0.0
20210325102446.23, 121.6, 0.0, 0.0
20210325102447.29, 121.6, 0.0, 0.0
20210325102448.34, 121.6, 0.0, 0.0
20210325102449.39, 121.5, 0.0, 0.0
20210325102450.47, 121.5, 0.0, 0.0
20210325102451.52, 121.6, 0.0, 0.0
20210325102452.58, 121.6, 0.0, 0.0
20210325102453.63, 121.5, 0.0, 0.0
20210325102454.69, 121.5, 0.0, 0.0
20210325102455.73, 121.5, 0.0, 0.0
20210325102456.86, 121.5, 0.0, 0.0
20210325102457.93, 121.5, 0.0, 0.0
20210325102458.98, 121.5, 0.0, 0.0
20210325102500.05, 121.5, 0.0, 0.0
20210325102501.11, 121.5, 0.0, 0.0
20210325102502.17, 121.5, 0.0, 0.0
20210325102503.23, 121.5, 0.0, 0.0
20210325102504.29, 121.5, 0.0, 0.0
20210325102505.34, 121.5, 0.0, 0.0
20210325102506.4, 121.5, 0.0, 0.0
20210325102507.45, 121.6, 0.0, 0.0
20210325102508.52, 121.6, 0.0, 0.0
20210325102509.57, 121.6, 0.0, 0.0
20210325102510.63, 121.6, 0.0, 0.0
20210325102511.69, 121.6, 0.0, 0.0
20210325102512.75, 121.6, 0.0, 0.0
20210325102513.8, 121.6, 0.0, 0.0
20210325102514.86, 121.6, 0.0, 0.0
20210325102515.92, 121.6, 0.0, 0.0
20210325102516.97, 121.6, 0.0, 0.0
20210325102518.02, 121.6, 0.0, 0.0
20210325102519.07, 121.6, 0.0, 0.0
20210325102520.12, 121.6, 0.0, 0.0
20210325102521.18, 121.6, 0.0, 0.0
20210325102522.24, 121.6, 0.0, 0.0
20210325102523.3, 121.6, 0.0, 0.0
20210325102524.36, 121.5, 0.0, 0.0
20210325102525.41, 121.5, 0.0, 0.0
20210325102526.54, 121.5, 0.0, 0.0
20210325102527.6, 121.5, 0.0, 0.0
20210325102528.74, 121.5, 0.0, 0.0
20210325102529.83, 121.5, 0.0, 0.0
20210325102530.95, 121.5, 0.0, 0.0
20210325102532.02, 121.5, 0.0, 0.0
20210325102533.14, 121.5, 0.0, 0.0
20210325102534.27, 121.5, 0.0, 0.0
20210325102535.43, 121.5, 0.0, 0.0
20210325102536.55, 121.4, 0.0, 0.0
20210325102537.7, 121.4, 0.0, 0.0
20210325102538.8, 121.5, 0.0, 0.0
20210325102539.85, 121.5, 0.0, 0.0
20210325102540.94, 121.5, 0.0, 0.0
20210325102542.07, 121.5, 0.0, 0.0
20210325102543.18, 121.5, 0.0, 0.0
20210325102544.32, 121.6, 0.0, 0.0
20210325102545.38, 121.6, 0.0, 0.0
20210325102546.44, 121.5, 0.0, 0.0
20210325102547.54, 121.5, 0.0, 0.0
20210325102548.64, 121.6, 0.0, 0.0
20210325102549.71, 121.6, 0.0, 0.0
20210325102550.77, 121.5, 0.0, 0.0
20210325102551.84, 121.5, 0.0, 0.0
20210325102552.91, 121.5, 0.0, 0.0
20210325102553.98, 121.5, 0.0, 0.0
20210325102555.05, 121.6, 0.0, 0.0
20210325102556.19, 121.6, 0.0, 0.0
20210325102557.24, 121.6, 0.0, 0.0
20210325102558.29, 121.6, 0.0, 0.0
20210325102559.38, 121.7, 0.0, 0.0
20210325102600.51, 121.6, 0.0, 0.0
20210325102601.61, 121.6, 0.0, 0.0
20210325102602.7, 121.5, 0.0, 0.0
20210325102603.76, 121.5, 0.0, 0.0
20210325102604.8, 121.6, 0.0, 0.0
20210325102605.86, 121.6, 0.0, 0.0
20210325102606.94, 121.5, 0.0, 0.0
20210325102608.01, 121.5, 0.0, 0.0
20210325102609.07, 121.6, 0.0, 0.0
20210325102610.14, 121.6, 0.0, 0.0
20210325102611.21, 121.6, 0.0, 0.0
20210325102612.34, 121.6, 0.0, 0.0
20210325102613.48, 121.6, 0.0, 0.0
20210325102614.6, 121.6, 0.0, 0.0
20210325102615.7, 121.6, 0.0, 0.0
20210325102616.75, 121.6, 0.0, 0.0
20210325102617.81, 121.5, 0.0, 0.0
20210325102619.0, 121.6, 0.0, 0.0
20210325102620.16, 121.6, 0.0, 0.0
20210325102621.2, 121.6, 0.0, 0.0
20210325102622.35, 121.6, 0.0, 0.0
20210325102623.41, 121.6, 0.0, 0.0
20210325102624.48, 121.6, 0.0, 0.0
20210325102625.62, 121.6, 0.0, 0.0
20210325102626.68, 121.6, 0.0, 0.0
20210325102627.75, 121.5, 0.0, 0.0
20210325102628.82, 121.5, 0.0, 0.0
20210325102629.92, 121.5, 0.0, 0.0
20210325102631.07, 121.5, 0.0, 0.0
20210325102632.21, 121.6, 0.0, 0.0
20210325102633.27, 121.6, 0.0, 0.0
20210325102634.44, 121.6, 0.0, 0.0
20210325102635.51, 121.6, 0.0, 0.0
20210325102636.6, 121.6, 0.0, 0.0
20210325102637.68, 121.5, 0.0, 0.0
20210325102638.82, 121.5, 0.0, 0.0
20210325102639.91, 121.6, 0.0, 0.0
20210325102641.03, 121.6, 0.0, 0.0
20210325102642.11, 121.6, 0.0, 0.0
20210325102643.21, 121.6, 0.0, 0.0
20210325102644.3, 121.6, 0.0, 0.0
20210325102645.38, 121.6, 0.0, 0.0
20210325102646.47, 121.6, 0.0, 0.0
20210325102647.56, 121.6, 0.0, 0.0
20210325102648.67, 121.5, 0.0, 0.0
20210325102649.81, 121.5, 0.0, 0.0
20210325102650.91, 121.5, 0.0, 0.0
20210325102652.0, 121.5, 0.0, 0.0
20210325102653.1, 121.5, 0.0, 0.0
20210325102654.19, 121.6, 0.0, 0.0
20210325102655.26, 121.6, 0.0, 0.0
20210325102656.38, 121.5, 0.0, 0.0
20210325102657.47, 121.5, 0.0, 0.0
20210325102658.52, 121.5, 0.0, 0.0
20210325102659.62, 121.5, 0.0, 0.0
20210325102700.75, 121.5, 0.0, 0.0
20210325102701.86, 121.5, 0.0, 0.0
20210325102702.91, 121.6, 0.0, 0.0
20210325102703.99, 121.6, 0.0, 0.0
20210325102705.08, 121.5, 0.0, 0.0
20210325102706.16, 121.5, 0.0, 0.0
20210325102707.21, 121.5, 0.0, 0.0
20210325102708.27, 121.5, 0.0, 0.0
20210325102709.37, 121.5, 0.0, 0.0
20210325102710.45, 121.6, 0.0, 0.0
20210325102711.5, 121.6, 0.0, 0.0
20210325102712.55, 121.7, 0.0, 0.0
20210325102713.6, 121.7, 0.0, 0.0
20210325102714.71, 121.6, 0.0, 0.0
20210325102715.82, 121.6, 0.0, 0.0
20210325102716.92, 121.6, 0.0, 0.0
20210325102717.98, 121.6, 0.0, 0.0
20210325102719.11, 121.5, 0.0, 0.0
20210325102720.18, 121.5, 0.0, 0.0
20210325102721.32, 121.5, 0.0, 0.0
20210325102722.45, 121.5, 0.0, 0.0
20210325102723.56, 121.4, 0.0, 0.0
20210325102724.75, 121.5, 0.0, 0.0
20210325102725.81, 121.5, 0.0, 0.0
20210325102726.91, 121.5, 0.0, 0.0
20210325102727.97, 121.5, 0.0, 0.0
20210325102729.1, 121.6, 0.0, 0.0
20210325102730.19, 121.6, 0.0, 0.0
20210325102731.3, 121.7, 0.0, 0.0
20210325102732.38, 121.7, 0.0, 0.0
20210325102733.43, 121.6, 0.0, 0.0
20210325102734.55, 121.6, 0.0, 0.0
20210325102735.65, 121.6, 0.0, 0.0
20210325102736.8, 121.6, 0.0, 0.0
20210325102737.87, 121.6, 0.0, 0.0
20210325102738.94, 121.6, 0.0, 0.0
20210325102740.0, 121.6, 0.0, 0.0
20210325102741.06, 121.6, 0.0, 0.0
20210325102742.11, 121.6, 0.0, 0.0
20210325102743.18, 121.6, 0.0, 0.0
20210325102744.28, 121.7, 0.0, 0.0
20210325102745.39, 121.7, 0.0, 0.0
20210325102746.46, 121.7, 0.0, 0.0
20210325102747.55, 121.6, 0.0, 0.0
20210325102748.61, 121.6, 0.0, 0.0
20210325102749.74, 121.6, 0.0, 0.0
20210325102750.86, 121.6, 0.0, 0.0
20210325102751.92, 121.6, 0.0, 0.0
20210325102752.97, 121.6, 0.0, 0.0
20210325102754.05, 121.6, 0.0, 0.0
20210325102755.21, 121.6, 0.0, 0.0
20210325102756.3, 121.6, 0.0, 0.0
20210325102757.42, 121.6, 0.0, 0.0
20210325102758.49, 121.5, 0.0, 0.0
20210325102759.55, 121.5, 0.0, 0.0
20210325102800.68, 121.6, 0.0, 0.0
20210325102801.8, 121.6, 0.0, 0.0
20210325102802.86, 121.6, 0.0, 0.0
20210325102803.9, 121.6, 0.0, 0.0
20210325102804.96, 121.6, 0.0, 0.0
20210325102806.01, 121.6, 0.0, 0.0
20210325102807.13, 121.6, 0.0, 0.0
20210325102808.19, 121.6, 0.0, 0.0
20210325102809.29, 121.6, 0.0, 0.0
20210325102810.38, 121.7, 0.0, 0.0
20210325102811.44, 121.7, 0.0, 0.0
20210325102812.51, 121.6, 0.0, 0.0
20210325102813.68, 121.6, 0.0, 0.0
20210325102814.78, 121.6, 0.0, 0.0
20210325102815.87, 121.6, 0.0, 0.0
20210325102816.95, 121.6, 0.0, 0.0
20210325102818.12, 121.6, 0.0, 0.0
20210325102819.18, 121.6, 0.0, 0.0
20210325102820.28, 121.6, 0.0, 0.0
20210325102821.41, 121.6, 0.0, 0.0
20210325102822.48, 121.6, 0.0, 0.0
20210325102823.54, 121.6, 0.0, 0.0
20210325102824.6, 121.6, 0.0, 0.0
20210325102825.67, 121.6, 0.0, 0.0
20210325102826.73, 121.6, 0.0, 0.0
20210325102827.8, 121.6, 0.0, 0.0
20210325102828.91, 121.6, 0.0, 0.0
20210325102830.02, 121.6, 0.0, 0.0
20210325102831.07, 121.7, 0.0, 0.0
20210325102832.12, 121.7, 0.0, 0.0
20210325102833.18, 121.7, 0.0, 0.0
20210325102834.25, 121.7, 0.0, 0.0
20210325102835.37, 121.7, 0.0, 0.0
20210325102836.52, 121.6, 0.0, 0.0
20210325102837.63, 121.6, 0.0, 0.0
20210325102838.74, 121.7, 0.0, 0.0
20210325102839.8, 121.7, 0.0, 0.0
20210325102840.88, 121.6, 0.0, 0.0
20210325102841.95, 121.6, 0.0, 0.0
20210325102843.01, 121.6, 0.0, 0.0
20210325102844.1, 121.6, 0.0, 0.0
20210325102845.23, 121.5, 0.0, 0.0
20210325102846.34, 121.5, 0.0, 0.0
20210325102847.4, 121.5, 0.0, 0.0
20210325102848.52, 121.5, 0.0, 0.0
20210325102849.62, 121.5, 0.0, 0.0
20210325102850.68, 121.5, 0.0, 0.0
20210325102851.78, 121.6, 0.0, 0.0
20210325102852.88, 121.6, 0.0, 0.0
20210325102853.93, 121.5, 0.0, 0.0
20210325102854.98, 121.4, 0.0, 0.0
20210325102856.14, 121.4, 0.0, 0.0
20210325102857.27, 121.5, 0.0, 0.0
20210325102858.32, 121.5, 0.0, 0.0
20210325102859.41, 121.5, 0.0, 0.0
20210325102900.48, 121.5, 0.0, 0.0
20210325102901.54, 121.5, 0.0, 0.0
20210325102902.68, 121.5, 0.0, 0.0
20210325102903.77, 121.6, 0.0, 0.0
20210325102904.82, 121.6, 0.0, 0.0
20210325102905.93, 121.7, 0.0, 0.0
20210325102907.0, 121.7, 0.0, 0.0
20210325102908.09, 121.6, 0.0, 0.0
20210325102909.16, 121.6, 0.0, 0.0
20210325102910.32, 121.6, 0.0, 0.0
20210325102911.37, 121.6, 0.0, 0.0
20210325102912.45, 121.7, 0.0, 0.0
20210325102913.5, 121.7, 0.0, 0.0
20210325102914.66, 121.7, 0.0, 0.0
20210325102915.71, 121.7, 0.0, 0.0
20210325102916.77, 121.7, 0.0, 0.0
20210325102917.89, 121.7, 0.0, 0.0
20210325102918.95, 121.7, 0.0, 0.0
20210325102920.05, 121.6, 0.0, 0.0
20210325102921.11, 121.6, 0.0, 0.0
20210325102922.17, 121.6, 0.0, 0.0
20210325102923.3, 121.6, 0.0, 0.0
20210325102924.39, 121.7, 0.0, 0.0
20210325102925.45, 121.7, 0.0, 0.0
20210325102926.5, 121.6, 0.0, 0.0
20210325102927.59, 121.6, 0.0, 0.0
20210325102928.66, 121.6, 0.0, 0.0
20210325102929.74, 121.6, 0.0, 0.0
20210325102930.8, 121.5, 0.0, 0.0
20210325102931.9, 121.5, 0.0, 0.0
20210325102933.04, 121.6, 0.0, 0.0
20210325102934.16, 121.6, 0.0, 0.0
20210325102935.22, 121.6, 0.0, 0.0
20210325102936.28, 121.6, 0.0, 0.0
20210325102937.38, 121.6, 0.0, 0.0
20210325102938.53, 121.6, 0.0, 0.0
20210325102939.59, 121.6, 0.0, 0.0
20210325102940.64, 121.6, 0.0, 0.0
20210325102941.7, 121.6, 0.0, 0.0
20210325102942.77, 121.5, 0.0, 0.0
20210325102943.86, 121.5, 0.0, 0.0
20210325102945.0, 121.5, 0.0, 0.0
20210325102946.05, 121.5, 0.0, 0.0
20210325102947.1, 121.6, 0.0, 0.0
20210325102948.2, 121.6, 0.0, 0.0
20210325102949.33, 121.6, 0.0, 0.0
20210325102950.61, 121.6, 0.0, 0.0
20210325102951.69, 121.6, 0.0, 0.0
20210325102952.8, 121.6, 0.0, 0.0
20210325102953.88, 121.6, 0.0, 0.0
20210325102954.94, 121.6, 0.0, 0.0
20210325102956.04, 121.6, 0.0, 0.0
20210325102957.18, 121.6, 0.0, 0.0
20210325102958.31, 121.6, 0.0, 0.0
20210325102959.43, 121.6, 0.0, 0.0
20210325103000.55, 121.6, 0.0, 0.0
20210325103001.62, 121.6, 0.0, 0.0
20210325103002.69, 121.6, 0.0, 0.0
20210325103003.81, 121.6, 0.0, 0.0
20210325103004.97, 121.6, 0.0, 0.0
20210325103006.06, 121.6, 0.0, 0.0
20210325103007.2, 121.5, 0.0, 0.0
20210325103008.29, 121.5, 0.0, 0.0
20210325103009.38, 121.5, 0.0, 0.0
20210325103010.46, 121.5, 0.0, 0.0
20210325103011.52, 121.6, 0.0, 0.0
20210325103012.58, 121.6, 0.0, 0.0
20210325103013.66, 121.5, 0.0, 0.0
20210325103014.73, 121.5, 0.0, 0.0
20210325103015.79, 121.5, 0.0, 0.0
20210325103016.84, 121.5, 0.0, 0.0
20210325103017.89, 121.5, 0.0, 0.0
20210325103018.94, 121.5, 0.0, 0.0
20210325103020.06, 121.6, 0.0, 0.0
20210325103021.12, 121.6, 0.0, 0.0
20210325103022.18, 121.6, 0.0, 0.0
20210325103023.27, 121.6, 0.0, 0.0
20210325103024.34, 121.5, 0.0, 0.0
20210325103025.39, 121.5, 0.0, 0.0
20210325103026.45, 121.6, 0.0, 0.0
20210325103027.58, 121.7, 0.0, 0.0
20210325103028.71, 121.7, 0.0, 0.0
20210325103029.8, 121.7, 0.0, 0.0
