time,voltage,current,power
20210408140000.82, 121.5, 2.6, 237.0
20210408140002.0, 121.4, 2.6, 238.0
20210408140003.07, 121.5, 2.6, 233.0
20210408140005.89, 121.5, 2.6, 233.0
20210408140006.95, 121.5, 2.6, 237.0
20210408140008.03, 121.5, 2.6, 237.0
20210408140009.1, 121.5, 2.6, 236.0
20210408140010.17, 121.5, 2.6, 236.0
20210408140011.23, 121.5, 2.6, 238.0
20210408140012.32, 121.5, 2.6, 238.0
20210408140013.38, 121.6, 2.6, 239.0
20210408140014.45, 121.6, 2.6, 239.0
20210408140015.52, 121.5, 2.6, 239.0
20210408140016.58, 121.5, 2.6, 239.0
20210408140017.64, 121.5, 2.6, 240.0
20210408140018.7, 121.5, 2.6, 240.0
20210408140019.77, 121.5, 2.6, 239.0
20210408140020.85, 121.5, 2.6, 239.0
20210408140021.9, 121.5, 2.5, 238.0
20210408140022.96, 121.5, 2.5, 238.0
20210408140024.02, 121.5, 2.5, 241.0
20210408140025.09, 121.5, 2.5, 241.0
20210408140026.16, 121.4, 2.5, 237.0
20210408140027.23, 121.4, 2.5, 237.0
20210408140028.29, 121.5, 2.5, 239.0
20210408140029.34, 121.5, 2.5, 239.0
20210408140030.39, 121.5, 2.5, 239.0
20210408140031.46, 121.5, 2.5, 239.0
20210408140032.54, 121.5, 2.5, 240.0
20210408140033.61, 121.5, 2.5, 240.0
20210408140034.67, 121.5, 2.5, 239.0
20210408140035.73, 121.5, 2.5, 239.0
20210408140036.81, 121.5, 2.6, 234.0
20210408140037.89, 121.5, 2.6, 234.0
20210408140038.95, 121.4, 2.6, 236.0
20210408140040.01, 121.4, 2.6, 236.0
20210408140041.07, 121.4, 2.6, 234.0
20210408140042.14, 121.4, 2.6, 234.0
20210408140043.2, 121.4, 2.6, 237.0
20210408140044.26, 121.4, 2.6, 237.0
20210408140045.32, 121.4, 2.6, 240.0
20210408140046.39, 121.4, 2.6, 240.0
20210408140047.46, 121.4, 2.6, 238.0
20210408140048.54, 121.4, 2.6, 238.0
20210408140049.6, 121.4, 2.6, 239.0
20210408140050.66, 121.4, 2.6, 239.0
20210408140051.73, 121.4, 2.6, 236.0
20210408140052.8, 121.4, 2.6, 236.0
20210408140053.86, 121.4, 2.6, 234.0
20210408140054.93, 121.4, 2.6, 234.0
20210408140055.98, 121.4, 2.6, 236.0
20210408140057.06, 121.4, 2.6, 236.0
20210408140058.12, 121.4, 2.6, 237.0
20210408140059.19, 121.4, 2.6, 237.0
20210408140100.24, 121.4, 2.6, 236.0
20210408140101.29, 121.4, 2.6, 236.0
20210408140102.34, 121.4, 2.6, 241.0
20210408140103.41, 121.4, 2.6, 241.0
20210408140104.47, 121.4, 2.6, 238.0
20210408140105.54, 121.4, 2.6, 239.0
20210408140106.7, 121.4, 2.6, 239.0
20210408140107.76, 121.4, 2.6, 236.0
20210408140108.84, 121.4, 2.6, 236.0
20210408140109.91, 121.4, 2.6, 236.0
20210408140110.97, 121.4, 2.6, 236.0
20210408140112.04, 121.4, 2.6, 240.0
20210408140113.1, 121.4, 2.6, 240.0
20210408140114.16, 121.4, 2.6, 238.0
20210408140115.21, 121.4, 2.6, 238.0
20210408140116.27, 121.4, 2.6, 237.0
20210408140117.34, 121.4, 2.6, 237.0
20210408140118.41, 121.4, 2.6, 235.0
20210408140119.48, 121.4, 2.6, 235.0
20210408140120.55, 121.4, 2.6, 240.0
20210408140121.62, 121.4, 2.6, 240.0
20210408140122.68, 121.4, 2.5, 239.0
20210408140123.75, 121.4, 2.5, 239.0
20210408140124.82, 121.3, 2.5, 239.0
20210408140125.88, 121.3, 2.5, 239.0
20210408140126.93, 121.4, 2.5, 234.0
20210408140128.0, 121.4, 2.5, 234.0
20210408140129.07, 121.4, 2.5, 238.0
20210408140130.13, 121.4, 2.5, 238.0
20210408140131.2, 121.4, 2.5, 237.0
20210408140132.27, 121.4, 2.5, 237.0
20210408140133.34, 121.4, 2.5, 239.0
20210408140134.41, 121.4, 2.5, 239.0
20210408140135.48, 121.4, 2.5, 237.0
20210408140136.55, 121.4, 2.5, 237.0
20210408140137.61, 121.4, 2.5, 239.0
20210408140138.68, 121.4, 2.5, 239.0
20210408140139.74, 121.4, 2.5, 237.0
20210408140140.81, 121.4, 2.5, 237.0
20210408140141.87, 121.4, 2.5, 238.0
20210408140142.93, 121.4, 2.5, 238.0
20210408140144.0, 121.4, 2.5, 237.0
20210408140145.06, 121.4, 2.5, 237.0
20210408140146.12, 121.5, 2.5, 238.0
20210408140147.19, 121.5, 2.5, 238.0
20210408140148.27, 121.5, 2.5, 238.0
20210408140149.35, 121.5, 2.5, 238.0
20210408140150.42, 121.5, 2.5, 237.0
20210408140151.49, 121.5, 2.5, 237.0
20210408140152.55, 121.4, 2.5, 237.0
20210408140153.62, 121.4, 2.5, 237.0
20210408140154.67, 121.4, 2.5, 239.0
20210408140155.75, 121.4, 2.5, 239.0
20210408140156.83, 121.4, 2.5, 239.0
20210408140157.9, 121.4, 2.5, 239.0
20210408140158.96, 121.4, 2.5, 237.0
20210408140200.03, 121.4, 2.5, 237.0
20210408140201.09, 121.4, 2.5, 239.0
20210408140202.17, 121.4, 2.5, 239.0
20210408140203.34, 121.4, 2.5, 239.0
20210408140204.41, 121.4, 2.5, 237.0
20210408140205.48, 121.4, 2.5, 237.0
20210408140206.53, 121.4, 2.5, 238.0
20210408140207.6, 121.4, 2.5, 238.0
20210408140208.67, 121.4, 2.5, 239.0
20210408140209.73, 121.4, 2.5, 239.0
20210408140210.8, 121.4, 2.5, 242.0
20210408140211.86, 121.4, 2.5, 242.0
20210408140212.93, 121.4, 2.5, 237.0
20210408140214.0, 121.4, 2.5, 237.0
20210408140215.05, 121.4, 2.5, 239.0
20210408140216.12, 121.4, 2.5, 239.0
20210408140217.19, 121.4, 2.5, 239.0
20210408140218.27, 121.4, 2.5, 239.0
20210408140219.33, 121.3, 2.5, 232.0
20210408140220.41, 121.3, 2.5, 232.0
20210408140221.46, 121.4, 2.5, 236.0
20210408140222.55, 121.4, 2.5, 236.0
20210408140223.62, 121.4, 2.5, 241.0
20210408140224.67, 121.4, 2.5, 241.0
20210408140225.74, 121.4, 2.5, 238.0
20210408140226.81, 121.4, 2.5, 238.0
20210408140227.87, 121.4, 2.5, 239.0
20210408140228.94, 121.4, 2.5, 239.0
20210408140230.0, 121.4, 2.5, 239.0
20210408140231.07, 121.4, 2.5, 239.0
20210408140232.13, 121.4, 2.5, 235.0
20210408140233.2, 121.4, 2.5, 235.0
20210408140234.26, 121.4, 2.5, 234.0
20210408140235.31, 121.4, 2.5, 234.0
20210408140236.38, 121.3, 2.5, 240.0
20210408140237.45, 121.3, 2.5, 240.0
20210408140238.52, 121.4, 2.5, 235.0
20210408140239.59, 121.4, 2.5, 235.0
20210408140240.64, 121.4, 2.5, 237.0
20210408140241.71, 121.4, 2.5, 237.0
20210408140242.79, 121.4, 2.5, 238.0
20210408140243.85, 121.4, 2.5, 238.0
20210408140244.91, 121.4, 2.5, 238.0
20210408140245.97, 121.4, 2.5, 238.0
20210408140247.04, 121.4, 2.5, 237.0
20210408140248.11, 121.4, 2.5, 237.0
20210408140249.16, 121.5, 2.5, 239.0
20210408140250.22, 121.5, 2.5, 239.0
20210408140251.28, 121.4, 2.5, 237.0
20210408140252.36, 121.4, 2.5, 237.0
20210408140253.42, 121.5, 2.5, 236.0
20210408140254.49, 121.5, 2.5, 236.0
20210408140255.55, 121.4, 2.5, 239.0
20210408140256.62, 121.4, 2.5, 239.0
20210408140257.68, 121.4, 2.5, 237.0
20210408140258.73, 121.4, 2.5, 237.0
20210408140259.8, 121.4, 2.5, 240.0
20210408140300.88, 121.4, 2.5, 235.0
20210408140302.04, 121.4, 2.5, 235.0
20210408140303.1, 121.4, 2.5, 242.0
20210408140304.16, 121.4, 2.5, 242.0
20210408140305.24, 121.4, 2.5, 233.0
20210408140306.31, 121.4, 2.5, 233.0
20210408140307.37, 121.4, 2.5, 238.0
20210408140308.44, 121.4, 2.5, 238.0
20210408140309.5, 121.4, 2.5, 234.0
20210408140310.57, 121.4, 2.5, 234.0
20210408140311.64, 121.4, 2.5, 242.0
20210408140312.69, 121.4, 2.5, 242.0
20210408140313.75, 121.5, 2.5, 236.0
20210408140314.82, 121.5, 2.5, 236.0
20210408140315.88, 121.5, 2.5, 237.0
20210408140316.94, 121.5, 2.5, 237.0
20210408140318.0, 121.5, 2.5, 237.0
20210408140319.08, 121.5, 2.5, 237.0
20210408140320.15, 121.5, 2.5, 234.0
20210408140321.22, 121.5, 2.5, 234.0
20210408140322.29, 121.5, 2.5, 239.0
20210408140323.35, 121.5, 2.5, 239.0
20210408140324.41, 121.5, 2.5, 236.0
20210408140325.47, 121.5, 2.5, 236.0
20210408140326.53, 121.5, 2.5, 239.0
20210408140327.61, 121.5, 2.5, 239.0
20210408140328.67, 121.5, 2.5, 240.0
20210408140329.75, 121.5, 2.5, 240.0
20210408140330.82, 121.5, 2.5, 237.0
20210408140331.88, 121.5, 2.5, 237.0
20210408140332.95, 121.4, 2.5, 239.0
20210408140334.02, 121.4, 2.5, 239.0
20210408140335.09, 121.4, 2.5, 241.0
20210408140336.17, 121.4, 2.5, 241.0
20210408140337.24, 121.3, 2.5, 236.0
20210408140338.31, 121.3, 2.5, 236.0
20210408140339.39, 121.4, 2.5, 239.0
20210408140340.45, 121.4, 2.5, 239.0
20210408140341.52, 121.4, 2.5, 236.0
20210408140342.59, 121.4, 2.5, 236.0
20210408140343.65, 121.4, 2.5, 239.0
20210408140344.72, 121.4, 2.5, 239.0
20210408140345.78, 121.4, 2.5, 239.0
20210408140346.95, 121.4, 2.5, 237.0
20210408140348.02, 121.4, 2.5, 237.0
20210408140349.09, 121.3, 2.5, 236.0
20210408140350.16, 121.3, 2.5, 236.0
20210408140351.23, 121.3, 2.5, 239.0
20210408140352.31, 121.3, 2.5, 239.0
20210408140353.39, 121.3, 2.5, 239.0
20210408140354.45, 121.3, 2.5, 239.0
20210408140355.5, 121.4, 2.6, 236.0
20210408140356.57, 121.4, 2.6, 236.0
20210408140357.64, 121.4, 2.6, 236.0
20210408140358.71, 121.4, 2.6, 236.0
20210408140359.78, 121.4, 2.6, 237.0
20210408140400.86, 121.4, 2.6, 237.0
20210408140401.93, 121.4, 2.6, 234.0
20210408140403.0, 121.4, 2.6, 234.0
20210408140404.07, 121.4, 2.6, 236.0
20210408140405.13, 121.4, 2.6, 236.0
20210408140406.2, 121.4, 2.6, 236.0
20210408140407.28, 121.4, 2.6, 236.0
20210408140408.34, 121.4, 2.6, 238.0
20210408140409.41, 121.4, 2.6, 238.0
20210408140410.47, 121.4, 2.6, 239.0
20210408140411.54, 121.4, 2.6, 239.0
20210408140412.59, 121.4, 2.6, 237.0
20210408140413.65, 121.4, 2.6, 237.0
20210408140414.71, 121.4, 2.6, 237.0
20210408140415.77, 121.4, 2.6, 237.0
20210408140416.84, 121.4, 2.6, 239.0
20210408140417.89, 121.4, 2.6, 239.0
20210408140418.96, 121.4, 2.6, 239.0
20210408140420.03, 121.4, 2.6, 239.0
20210408140421.1, 121.4, 2.6, 236.0
20210408140422.17, 121.4, 2.6, 236.0
20210408140423.23, 121.4, 2.6, 234.0
20210408140424.31, 121.4, 2.6, 234.0
20210408140425.39, 121.5, 2.6, 239.0
20210408140426.47, 121.5, 2.6, 239.0
20210408140427.55, 121.5, 2.5, 236.0
20210408140428.61, 121.5, 2.5, 236.0
20210408140429.69, 121.5, 2.5, 238.0
20210408140430.77, 121.5, 2.5, 238.0
20210408140431.84, 121.5, 2.5, 241.0
20210408140433.04, 121.5, 2.5, 239.0
20210408140434.1, 121.5, 2.5, 239.0
20210408140435.17, 121.4, 2.5, 239.0
20210408140436.24, 121.4, 2.5, 239.0
20210408140437.32, 121.4, 2.5, 240.0
20210408140438.38, 121.4, 2.5, 240.0
20210408140439.43, 121.4, 2.5, 239.0
20210408140440.5, 121.4, 2.5, 239.0
20210408140441.57, 121.4, 2.7, 240.0
20210408140442.64, 121.4, 2.7, 240.0
20210408140443.69, 121.5, 2.7, 234.0
20210408140444.77, 121.5, 2.7, 234.0
20210408140445.82, 121.5, 2.7, 236.0
20210408140446.88, 121.5, 2.7, 236.0
20210408140447.94, 121.4, 2.7, 239.0
20210408140449.0, 121.4, 2.7, 239.0
20210408140450.05, 121.5, 2.7, 242.0
20210408140451.11, 121.5, 2.7, 242.0
20210408140452.17, 121.5, 2.7, 239.0
20210408140453.23, 121.5, 2.7, 239.0
20210408140454.3, 121.5, 2.7, 237.0
20210408140455.38, 121.5, 2.7, 237.0
20210408140456.46, 121.5, 2.6, 236.0
20210408140457.54, 121.5, 2.6, 236.0
20210408140458.61, 121.5, 2.6, 238.0
20210408140459.68, 121.5, 2.6, 238.0
20210408140500.75, 121.4, 2.6, 238.0
20210408140501.83, 121.4, 2.6, 238.0
20210408140502.88, 121.4, 2.6, 236.0
20210408140503.96, 121.4, 2.6, 236.0
20210408140505.03, 121.4, 2.6, 242.0
20210408140506.09, 121.4, 2.6, 242.0
20210408140507.16, 121.4, 2.6, 237.0
20210408140508.22, 121.4, 2.6, 237.0
20210408140509.29, 121.4, 2.6, 239.0
20210408140510.38, 121.4, 2.6, 239.0
20210408140511.45, 121.4, 2.6, 240.0
20210408140512.52, 121.4, 2.6, 240.0
20210408140513.59, 121.4, 2.6, 236.0
20210408140514.66, 121.4, 2.6, 236.0
20210408140515.74, 121.4, 2.6, 241.0
20210408140516.81, 121.4, 2.6, 241.0
20210408140517.88, 121.4, 2.6, 240.0
20210408140518.94, 121.4, 2.6, 240.0
20210408140520.02, 121.4, 2.6, 236.0
20210408140521.19, 121.4, 2.6, 236.0
20210408140522.25, 121.4, 2.6, 236.0
20210408140523.31, 121.4, 2.6, 238.0
20210408140524.38, 121.4, 2.6, 238.0
20210408140525.45, 121.4, 2.6, 239.0
20210408140526.52, 121.4, 2.6, 239.0
20210408140527.58, 121.4, 2.5, 237.0
20210408140528.65, 121.4, 2.5, 237.0
20210408140529.72, 121.4, 2.5, 236.0
20210408140530.79, 121.4, 2.5, 236.0
20210408140531.85, 121.4, 2.5, 235.0
20210408140532.93, 121.4, 2.5, 235.0
20210408140533.99, 121.4, 2.5, 238.0
20210408140535.07, 121.4, 2.5, 238.0
20210408140536.14, 121.5, 2.5, 236.0
20210408140537.21, 121.5, 2.5, 236.0
20210408140538.27, 121.5, 2.5, 236.0
20210408140539.34, 121.5, 2.5, 236.0
20210408140540.42, 121.5, 2.5, 238.0
20210408140541.49, 121.5, 2.5, 238.0
20210408140542.54, 121.4, 2.5, 237.0
20210408140543.6, 121.4, 2.5, 237.0
20210408140544.67, 121.4, 2.5, 234.0
20210408140545.75, 121.4, 2.5, 234.0
20210408140546.82, 121.4, 2.5, 241.0
20210408140547.89, 121.4, 2.5, 241.0
20210408140548.94, 121.4, 2.5, 239.0
20210408140550.01, 121.4, 2.5, 239.0
20210408140551.07, 121.5, 2.5, 238.0
20210408140552.14, 121.5, 2.5, 238.0
20210408140553.19, 121.5, 2.5, 237.0
20210408140554.26, 121.5, 2.5, 237.0
20210408140555.33, 121.5, 2.5, 236.0
20210408140556.4, 121.5, 2.5, 236.0
20210408140557.47, 121.4, 2.5, 240.0
20210408140558.54, 121.4, 2.5, 240.0
20210408140559.61, 121.4, 2.5, 236.0
20210408140600.69, 121.4, 2.5, 236.0
20210408140601.75, 121.4, 2.5, 238.0
20210408140602.82, 121.4, 2.5, 238.0
20210408140603.9, 121.5, 2.5, 239.0
20210408140604.97, 121.6, 2.5, 237.0
20210408140606.13, 121.6, 2.5, 237.0
20210408140607.19, 121.6, 2.5, 239.0
20210408140608.24, 121.6, 2.5, 239.0
20210408140609.31, 121.6, 2.5, 239.0
20210408140610.38, 121.6, 2.5, 239.0
20210408140611.45, 121.6, 2.5, 242.0
20210408140612.52, 121.6, 2.5, 242.0
20210408140613.59, 121.6, 2.6, 237.0
20210408140614.65, 121.6, 2.6, 237.0
20210408140615.71, 121.6, 2.6, 238.0
20210408140616.79, 121.6, 2.6, 238.0
20210408140617.84, 121.6, 2.6, 239.0
20210408140618.92, 121.6, 2.6, 239.0
20210408140619.99, 121.6, 2.6, 234.0
20210408140621.07, 121.6, 2.6, 234.0
20210408140622.15, 121.6, 2.6, 235.0
20210408140623.21, 121.6, 2.6, 235.0
20210408140624.28, 121.6, 2.6, 236.0
20210408140625.35, 121.6, 2.6, 236.0
20210408140626.41, 121.6, 2.6, 239.0
20210408140627.48, 121.6, 2.6, 239.0
20210408140628.54, 121.6, 2.5, 240.0
20210408140629.6, 121.6, 2.5, 240.0
20210408140630.67, 121.6, 2.5, 237.0
20210408140631.74, 121.6, 2.5, 237.0
20210408140632.8, 121.6, 2.5, 239.0
20210408140633.88, 121.6, 2.5, 239.0
20210408140634.95, 121.6, 2.5, 238.0
20210408140636.02, 121.6, 2.5, 238.0
20210408140637.09, 121.5, 2.5, 238.0
20210408140638.14, 121.5, 2.5, 238.0
20210408140639.2, 121.5, 2.5, 236.0
20210408140640.27, 121.5, 2.5, 236.0
20210408140641.33, 121.5, 2.5, 239.0
20210408140642.39, 121.5, 2.5, 239.0
20210408140643.46, 121.5, 2.6, 238.0
20210408140644.53, 121.5, 2.6, 238.0
20210408140645.58, 121.6, 2.6, 239.0
20210408140646.65, 121.6, 2.6, 239.0
20210408140647.7, 121.6, 2.6, 240.0
20210408140648.78, 121.6, 2.6, 240.0
20210408140649.86, 121.6, 2.6, 241.0
20210408140650.93, 121.6, 2.6, 241.0
20210408140651.99, 121.5, 2.6, 238.0
20210408140653.17, 121.6, 2.6, 237.0
20210408140654.23, 121.6, 2.6, 237.0
20210408140655.29, 121.5, 2.6, 236.0
20210408140656.37, 121.5, 2.6, 236.0
20210408140657.44, 121.6, 2.6, 239.0
20210408140658.51, 121.6, 2.6, 239.0
20210408140659.58, 121.5, 2.6, 237.0
20210408140700.64, 121.5, 2.6, 237.0
20210408140701.71, 121.5, 2.6, 237.0
20210408140702.77, 121.5, 2.6, 237.0
20210408140703.84, 121.5, 2.6, 238.0
20210408140704.92, 121.5, 2.6, 238.0
20210408140705.99, 121.5, 2.6, 234.0
20210408140707.06, 121.5, 2.6, 234.0
20210408140708.11, 121.5, 2.6, 237.0
20210408140709.19, 121.5, 2.6, 237.0
20210408140710.24, 121.5, 2.6, 240.0
20210408140711.31, 121.5, 2.6, 240.0
20210408140712.37, 121.4, 2.6, 236.0
20210408140713.45, 121.4, 2.6, 236.0
20210408140714.49, 121.4, 2.5, 236.0
20210408140715.56, 121.4, 2.5, 236.0
20210408140716.63, 121.4, 2.5, 239.0
20210408140717.7, 121.4, 2.5, 239.0
20210408140718.77, 121.5, 2.5, 238.0
20210408140719.83, 121.5, 2.5, 238.0
20210408140720.89, 121.5, 2.5, 238.0
20210408140721.94, 121.5, 2.5, 238.0
20210408140723.01, 121.5, 2.5, 237.0
20210408140724.07, 121.5, 2.5, 237.0
20210408140725.12, 121.5, 2.5, 241.0
20210408140726.19, 121.5, 2.5, 241.0
20210408140727.25, 121.5, 2.5, 239.0
20210408140728.31, 121.5, 2.5, 239.0
20210408140729.38, 121.5, 2.6, 238.0
20210408140730.45, 121.5, 2.6, 238.0
20210408140731.52, 121.5, 2.6, 239.0
20210408140732.59, 121.5, 2.6, 239.0
20210408140733.66, 121.5, 2.6, 236.0
20210408140734.72, 121.5, 2.6, 236.0
20210408140735.77, 121.6, 2.6, 240.0
20210408140736.82, 121.6, 2.6, 240.0
20210408140737.88, 121.6, 2.6, 237.0
20210408140738.94, 121.6, 2.6, 237.0
20210408140739.99, 121.5, 2.6, 237.0
20210408140741.06, 121.5, 2.6, 237.0
20210408140742.12, 121.5, 2.6, 236.0
20210408140743.18, 121.5, 2.6, 236.0
20210408140744.25, 121.6, 2.6, 237.0
20210408140745.33, 121.6, 2.6, 237.0
20210408140746.38, 121.5, 2.6, 235.0
20210408140747.45, 121.5, 2.6, 235.0
20210408140748.52, 121.6, 2.6, 236.0
20210408140749.59, 121.5, 2.6, 237.0
20210408140750.73, 121.5, 2.6, 237.0
20210408140751.79, 121.4, 2.6, 238.0
20210408140752.86, 121.4, 2.6, 238.0
20210408140753.92, 121.4, 2.6, 236.0
20210408140754.99, 121.4, 2.6, 236.0
20210408140756.06, 121.4, 2.6, 238.0
20210408140757.13, 121.4, 2.6, 238.0
20210408140758.2, 121.4, 2.6, 237.0
20210408140759.26, 121.4, 2.6, 237.0
20210408140800.33, 121.3, 2.5, 236.0
20210408140801.38, 121.3, 2.5, 236.0
20210408140802.45, 121.3, 2.5, 236.0
20210408140803.53, 121.3, 2.5, 236.0
20210408140804.6, 121.3, 2.5, 237.0
20210408140805.67, 121.3, 2.5, 237.0
20210408140806.73, 121.3, 2.5, 236.0
20210408140807.8, 121.3, 2.5, 236.0
20210408140808.87, 121.3, 2.5, 239.0
20210408140809.93, 121.3, 2.5, 239.0
20210408140811.0, 121.3, 2.5, 238.0
20210408140812.09, 121.3, 2.5, 238.0
20210408140813.16, 121.3, 2.5, 234.0
20210408140814.22, 121.3, 2.5, 234.0
20210408140815.29, 121.4, 2.5, 239.0
20210408140816.36, 121.4, 2.5, 239.0
20210408140817.42, 121.4, 2.5, 240.0
20210408140818.5, 121.4, 2.5, 240.0
20210408140819.57, 121.4, 2.5, 240.0
20210408140820.64, 121.4, 2.5, 240.0
20210408140821.7, 121.3, 2.5, 237.0
20210408140822.78, 121.3, 2.5, 237.0
20210408140823.85, 121.3, 2.5, 237.0
20210408140824.92, 121.3, 2.5, 237.0
20210408140825.97, 121.3, 2.5, 235.0
20210408140827.04, 121.3, 2.5, 235.0
20210408140828.11, 121.3, 2.5, 236.0
20210408140829.18, 121.3, 2.5, 236.0
20210408140830.24, 121.3, 2.5, 238.0
20210408140831.31, 121.3, 2.5, 238.0
20210408140832.37, 121.4, 2.5, 234.0
20210408140833.44, 121.4, 2.5, 234.0
20210408140834.5, 121.4, 2.5, 239.0
20210408140835.7, 121.4, 2.5, 235.0
20210408140836.77, 121.4, 2.5, 235.0
20210408140837.84, 121.4, 2.5, 236.0
20210408140838.91, 121.4, 2.5, 236.0
20210408140839.98, 121.4, 2.5, 239.0
20210408140841.05, 121.4, 2.5, 239.0
20210408140842.13, 121.4, 2.5, 236.0
20210408140843.21, 121.4, 2.5, 236.0
20210408140844.28, 121.4, 2.6, 237.0
20210408140845.36, 121.4, 2.6, 237.0
20210408140846.42, 121.4, 2.6, 237.0
20210408140847.49, 121.4, 2.6, 237.0
20210408140848.55, 121.4, 2.6, 237.0
20210408140849.63, 121.4, 2.6, 237.0
20210408140850.7, 121.4, 2.6, 236.0
20210408140851.77, 121.4, 2.6, 236.0
20210408140852.82, 121.4, 2.6, 237.0
20210408140853.89, 121.4, 2.6, 237.0
20210408140854.96, 121.4, 2.6, 235.0
20210408140856.02, 121.4, 2.6, 235.0
20210408140857.08, 121.4, 2.6, 234.0
20210408140858.16, 121.4, 2.6, 234.0
20210408140859.21, 121.4, 2.6, 237.0
20210408140900.3, 121.4, 2.6, 237.0
20210408140901.36, 121.5, 2.5, 238.0
20210408140902.43, 121.5, 2.5, 238.0
20210408140903.51, 121.4, 2.5, 239.0
20210408140904.59, 121.4, 2.5, 239.0
20210408140905.65, 121.4, 2.5, 237.0
20210408140906.72, 121.4, 2.5, 237.0
20210408140907.78, 121.4, 2.5, 240.0
20210408140908.86, 121.4, 2.5, 240.0
20210408140909.93, 121.4, 2.5, 236.0
20210408140911.01, 121.4, 2.5, 236.0
20210408140912.08, 121.4, 2.5, 238.0
20210408140913.15, 121.4, 2.5, 238.0
20210408140914.22, 121.4, 2.5, 236.0
20210408140915.28, 121.4, 2.5, 236.0
20210408140916.34, 121.4, 2.5, 236.0
20210408140917.41, 121.4, 2.5, 236.0
20210408140918.47, 121.4, 2.5, 241.0
20210408140919.55, 121.4, 2.5, 241.0
20210408140920.61, 121.4, 2.5, 235.0
20210408140921.68, 121.4, 2.5, 239.0
20210408140922.86, 121.4, 2.5, 239.0
20210408140923.92, 121.4, 2.5, 235.0
20210408140924.99, 121.4, 2.5, 235.0
20210408140926.05, 121.4, 2.5, 238.0
20210408140927.12, 121.4, 2.5, 238.0
20210408140928.2, 121.4, 2.5, 237.0
20210408140929.27, 121.4, 2.5, 237.0
20210408140930.32, 121.4, 2.6, 236.0
20210408140931.38, 121.4, 2.6, 236.0
20210408140932.45, 121.4, 2.6, 239.0
20210408140933.51, 121.4, 2.6, 239.0
20210408140934.58, 121.4, 2.6, 236.0
20210408140935.66, 121.4, 2.6, 236.0
20210408140936.71, 121.4, 2.6, 239.0
20210408140937.77, 121.4, 2.6, 239.0
20210408140938.83, 121.4, 2.6, 235.0
20210408140939.89, 121.4, 2.6, 235.0
20210408140940.95, 121.3, 2.6, 254.0
20210408140942.02, 121.3, 2.6, 254.0
20210408140943.09, 121.4, 2.6, 238.0
20210408140944.16, 121.4, 2.6, 238.0
20210408140945.22, 121.4, 2.6, 239.0
20210408140946.28, 121.4, 2.6, 239.0
20210408140947.34, 121.3, 2.6, 234.0
20210408140948.41, 121.3, 2.6, 234.0
20210408140949.47, 121.3, 2.6, 236.0
20210408140950.53, 121.3, 2.6, 236.0
20210408140951.59, 121.4, 2.6, 237.0
20210408140952.66, 121.4, 2.6, 237.0
20210408140953.72, 121.3, 2.6, 236.0
20210408140954.77, 121.3, 2.6, 236.0
20210408140955.83, 121.4, 2.6, 239.0
20210408140956.89, 121.4, 2.6, 239.0
20210408140957.95, 121.4, 2.6, 236.0
20210408140959.02, 121.4, 2.6, 236.0
20210408141000.08, 121.4, 2.6, 240.0
20210408141001.15, 121.4, 2.6, 240.0
20210408141002.22, 121.4, 2.5, 237.0
20210408141003.29, 121.4, 2.5, 237.0
20210408141004.34, 121.3, 2.5, 236.0
20210408141005.41, 121.3, 2.5, 236.0
20210408141006.48, 121.3, 2.5, 238.0
20210408141007.55, 121.3, 2.5, 238.0
20210408141008.61, 121.3, 2.5, 233.0
20210408141009.66, 121.3, 2.5, 233.0
20210408141010.72, 121.3, 2.5, 236.0
20210408141011.77, 121.3, 2.5, 236.0
20210408141012.84, 121.4, 2.5, 239.0
20210408141014.01, 121.4, 2.5, 241.0
20210408141015.07, 121.4, 2.5, 241.0
20210408141016.13, 121.4, 2.5, 236.0
20210408141017.2, 121.4, 2.5, 236.0
20210408141018.27, 121.3, 2.5, 238.0
20210408141019.34, 121.3, 2.5, 238.0
20210408141020.39, 121.3, 2.5, 233.0
20210408141021.45, 121.3, 2.5, 233.0
20210408141022.52, 121.3, 2.5, 236.0
20210408141023.59, 121.3, 2.5, 236.0
20210408141024.66, 121.4, 2.5, 237.0
20210408141025.73, 121.4, 2.5, 237.0
20210408141026.8, 121.4, 2.5, 239.0
20210408141027.87, 121.4, 2.5, 239.0
20210408141028.94, 121.4, 2.5, 236.0
20210408141030.01, 121.4, 2.5, 236.0
20210408141031.08, 121.4, 2.5, 235.0
20210408141032.15, 121.4, 2.5, 235.0
20210408141033.21, 121.4, 2.5, 235.0
20210408141034.29, 121.4, 2.5, 235.0
20210408141035.34, 121.4, 2.5, 238.0
20210408141036.41, 121.4, 2.5, 238.0
20210408141037.48, 121.4, 2.5, 235.0
20210408141038.54, 121.4, 2.5, 235.0
20210408141039.6, 121.5, 2.5, 236.0
20210408141040.66, 121.5, 2.5, 236.0
20210408141041.72, 121.5, 2.5, 235.0
20210408141042.79, 121.5, 2.5, 235.0
20210408141043.86, 121.4, 2.5, 240.0
20210408141044.92, 121.4, 2.5, 240.0
20210408141045.99, 121.4, 2.5, 236.0
20210408141047.06, 121.4, 2.5, 236.0
20210408141048.12, 121.4, 2.6, 240.0
20210408141049.19, 121.4, 2.6, 240.0
20210408141050.25, 121.4, 2.6, 241.0
20210408141051.32, 121.4, 2.6, 241.0
20210408141052.38, 121.5, 2.6, 238.0
20210408141053.45, 121.5, 2.6, 238.0
20210408141054.5, 121.5, 2.6, 238.0
20210408141055.56, 121.5, 2.6, 238.0
20210408141056.61, 121.4, 2.6, 234.0
20210408141057.68, 121.4, 2.6, 234.0
20210408141058.75, 121.5, 2.6, 239.0
20210408141059.83, 121.5, 2.6, 239.0
20210408141100.89, 121.4, 2.6, 239.0
20210408141101.96, 121.4, 2.6, 239.0
20210408141103.03, 121.4, 2.4000000000000004, 240.0
20210408141104.1, 121.4, 2.4000000000000004, 238.0
20210408141105.27, 121.4, 2.4000000000000004, 238.0
20210408141106.34, 121.5, 2.4000000000000004, 239.0
20210408141107.42, 121.5, 2.4000000000000004, 239.0
20210408141108.5, 121.4, 2.4000000000000004, 238.0
20210408141109.56, 121.4, 2.4000000000000004, 238.0
20210408141110.63, 121.4, 2.4000000000000004, 234.0
20210408141111.7, 121.4, 2.4000000000000004, 234.0
20210408141112.76, 121.4, 2.4000000000000004, 237.0
20210408141113.84, 121.4, 2.4000000000000004, 237.0
20210408141114.91, 121.4, 2.4000000000000004, 239.0
20210408141115.98, 121.4, 2.4000000000000004, 239.0
20210408141117.05, 121.4, 2.4000000000000004, 239.0
20210408141118.12, 121.4, 2.4000000000000004, 239.0
20210408141119.2, 121.4, 2.6, 236.0
20210408141120.27, 121.4, 2.6, 236.0
20210408141121.33, 121.4, 2.6, 236.0
20210408141122.4, 121.4, 2.6, 236.0
20210408141123.47, 121.4, 2.6, 236.0
20210408141124.54, 121.4, 2.6, 236.0
20210408141125.61, 121.5, 2.6, 239.0
20210408141126.68, 121.5, 2.6, 239.0
20210408141127.75, 121.4, 2.6, 239.0
20210408141128.84, 121.4, 2.6, 239.0
20210408141129.9, 121.4, 2.6, 237.0
20210408141130.98, 121.4, 2.6, 237.0
20210408141132.05, 121.4, 2.6, 239.0
20210408141133.12, 121.4, 2.6, 239.0
20210408141134.2, 121.4, 2.6, 237.0
20210408141135.27, 121.4, 2.6, 237.0
20210408141136.33, 121.4, 2.6, 236.0
20210408141137.4, 121.4, 2.6, 236.0
20210408141138.47, 121.4, 2.6, 236.0
20210408141139.54, 121.4, 2.6, 236.0
20210408141140.6, 121.4, 2.6, 236.0
20210408141141.68, 121.4, 2.6, 236.0
20210408141142.74, 121.4, 2.6, 234.0
20210408141143.81, 121.4, 2.6, 234.0
20210408141144.88, 121.3, 2.6, 239.0
20210408141145.95, 121.3, 2.6, 239.0
20210408141147.01, 121.3, 2.6, 239.0
20210408141148.18, 121.3, 2.5, 239.0
20210408141149.25, 121.3, 2.5, 239.0
20210408141150.31, 121.3, 2.5, 235.0
20210408141151.38, 121.3, 2.5, 235.0
20210408141152.43, 121.3, 2.5, 237.0
20210408141153.5, 121.3, 2.5, 237.0
20210408141154.57, 121.3, 2.5, 239.0
20210408141155.64, 121.3, 2.5, 239.0
20210408141156.71, 121.3, 2.5, 237.0
20210408141157.79, 121.3, 2.5, 237.0
20210408141158.85, 121.4, 2.5, 236.0
20210408141159.91, 121.4, 2.5, 236.0
20210408141200.98, 121.4, 2.5, 242.0
20210408141202.05, 121.4, 2.5, 242.0
20210408141203.11, 121.5, 2.5, 237.0
20210408141204.19, 121.5, 2.5, 237.0
20210408141205.27, 121.4, 2.6, 239.0
20210408141206.34, 121.4, 2.6, 239.0
20210408141207.4, 121.4, 2.6, 235.0
20210408141208.47, 121.4, 2.6, 235.0
20210408141209.54, 121.4, 2.6, 238.0
20210408141210.61, 121.4, 2.6, 238.0
20210408141211.66, 121.4, 2.6, 236.0
20210408141212.73, 121.4, 2.6, 236.0
20210408141213.8, 121.4, 2.6, 237.0
20210408141214.87, 121.4, 2.6, 237.0
20210408141215.93, 121.4, 2.6, 239.0
20210408141217.01, 121.4, 2.6, 239.0
20210408141218.08, 121.5, 2.6, 234.0
20210408141219.15, 121.5, 2.6, 234.0
20210408141220.22, 121.5, 2.6, 234.0
20210408141221.29, 121.5, 2.6, 234.0
20210408141222.36, 121.5, 2.6, 238.0
20210408141223.43, 121.5, 2.6, 238.0
20210408141224.48, 121.4, 2.6, 237.0
20210408141225.55, 121.4, 2.6, 237.0
20210408141226.61, 121.5, 2.6, 242.0
20210408141227.68, 121.5, 2.6, 242.0
20210408141228.76, 121.5, 2.6, 234.0
20210408141229.83, 121.5, 2.6, 234.0
20210408141230.9, 121.4, 2.6, 238.0
20210408141231.99, 121.4, 2.6, 240.0
20210408141233.16, 121.4, 2.6, 240.0
20210408141234.23, 121.5, 2.5, 237.0
20210408141235.3, 121.5, 2.5, 237.0
20210408141236.36, 121.4, 2.5, 242.0
20210408141237.45, 121.4, 2.5, 242.0
20210408141238.52, 121.4, 2.5, 236.0
20210408141239.59, 121.4, 2.5, 236.0
20210408141240.66, 121.4, 2.5, 236.0
20210408141241.72, 121.4, 2.5, 236.0
20210408141242.79, 121.5, 2.5, 239.0
20210408141243.87, 121.5, 2.5, 239.0
20210408141244.93, 121.5, 2.5, 237.0
20210408141246.0, 121.5, 2.5, 237.0
20210408141247.07, 121.5, 2.5, 239.0
20210408141248.14, 121.5, 2.5, 239.0
20210408141249.21, 121.5, 2.5, 238.0
20210408141250.28, 121.5, 2.5, 238.0
20210408141251.35, 121.5, 2.5, 239.0
20210408141252.43, 121.5, 2.5, 239.0
20210408141253.5, 121.4, 2.5, 235.0
20210408141254.57, 121.4, 2.5, 235.0
20210408141255.64, 121.5, 2.5, 238.0
20210408141256.71, 121.5, 2.5, 238.0
20210408141257.78, 121.4, 2.5, 237.0
20210408141258.85, 121.4, 2.5, 237.0
20210408141259.91, 121.5, 2.5, 234.0
20210408141300.97, 121.5, 2.5, 234.0
20210408141302.03, 121.4, 2.5, 235.0
20210408141303.09, 121.4, 2.5, 235.0
20210408141304.16, 121.4, 2.5, 234.0
20210408141305.23, 121.4, 2.5, 234.0
20210408141306.27, 121.4, 2.5, 237.0
20210408141307.35, 121.4, 2.5, 237.0
20210408141308.42, 121.4, 2.5, 234.0
20210408141309.48, 121.4, 2.5, 234.0
20210408141310.55, 121.4, 2.5, 232.0
20210408141311.64, 121.4, 2.5, 232.0
20210408141312.7, 121.4, 2.5, 237.0
20210408141313.87, 121.4, 2.5, 240.0
20210408141314.94, 121.4, 2.5, 240.0
20210408141316.02, 121.4, 2.5, 237.0
20210408141317.07, 121.4, 2.5, 237.0
20210408141318.13, 121.4, 2.5, 236.0
20210408141319.2, 121.4, 2.5, 236.0
20210408141320.25, 121.4, 2.5, 241.0
20210408141321.32, 121.4, 2.5, 241.0
20210408141322.38, 121.4, 2.5, 238.0
20210408141323.45, 121.4, 2.5, 238.0
20210408141324.51, 121.4, 2.5, 240.0
20210408141325.59, 121.4, 2.5, 240.0
20210408141326.65, 121.4, 2.5, 240.0
20210408141327.72, 121.4, 2.5, 240.0
20210408141328.79, 121.4, 2.5, 236.0
20210408141329.84, 121.4, 2.5, 236.0
20210408141330.9, 121.4, 2.5, 237.0
20210408141331.96, 121.4, 2.5, 237.0
20210408141333.02, 121.4, 2.5, 237.0
20210408141334.07, 121.4, 2.5, 237.0
20210408141335.13, 121.4, 2.5, 238.0
20210408141336.2, 121.4, 2.5, 238.0
20210408141337.26, 121.4, 2.5, 237.0
20210408141338.33, 121.4, 2.5, 237.0
20210408141339.39, 121.4, 2.5, 242.0
20210408141340.46, 121.4, 2.5, 242.0
20210408141341.53, 121.4, 2.5, 234.0
20210408141342.59, 121.4, 2.5, 234.0
20210408141343.66, 121.4, 2.5, 236.0
20210408141344.72, 121.4, 2.5, 236.0
20210408141345.8, 121.4, 2.5, 239.0
20210408141346.87, 121.4, 2.5, 239.0
20210408141347.94, 121.4, 2.5, 239.0
20210408141348.99, 121.4, 2.5, 239.0
20210408141350.05, 121.4, 2.5, 237.0
20210408141351.12, 121.4, 2.5, 237.0
20210408141352.18, 121.4, 2.6, 239.0
20210408141353.25, 121.4, 2.6, 239.0
20210408141354.31, 121.4, 2.6, 239.0
20210408141355.38, 121.4, 2.6, 239.0
20210408141356.43, 121.4, 2.6, 239.0
20210408141357.49, 121.4, 2.6, 239.0
20210408141358.55, 121.4, 2.6, 236.0
20210408141359.61, 121.4, 2.6, 236.0
20210408141400.68, 121.4, 2.6, 236.0
20210408141401.74, 121.4, 2.6, 236.0
20210408141402.81, 121.4, 2.6, 238.0
20210408141403.88, 121.4, 2.6, 238.0
20210408141404.93, 121.4, 2.6, 236.0
20210408141406.0, 121.4, 2.6, 236.0
20210408141407.07, 121.4, 2.6, 234.0
20210408141408.25, 121.4, 2.6, 237.0
20210408141409.32, 121.4, 2.6, 237.0
20210408141410.39, 121.5, 2.6, 237.0
20210408141411.45, 121.5, 2.6, 237.0
20210408141412.5, 121.4, 2.6, 236.0
20210408141413.55, 121.4, 2.6, 236.0
20210408141414.62, 121.5, 2.6, 239.0
20210408141415.7, 121.5, 2.6, 239.0
20210408141416.77, 121.5, 2.6, 239.0
20210408141417.84, 121.5, 2.6, 239.0
20210408141418.9, 121.5, 2.6, 236.0
20210408141419.96, 121.5, 2.6, 236.0
20210408141421.04, 121.5, 2.6, 238.0
20210408141422.11, 121.5, 2.6, 238.0
20210408141423.17, 121.5, 2.6, 236.0
20210408141424.24, 121.5, 2.6, 236.0
20210408141425.3, 121.5, 2.6, 239.0
20210408141426.36, 121.5, 2.6, 239.0
20210408141427.43, 121.5, 2.6, 239.0
20210408141428.49, 121.5, 2.6, 239.0
20210408141429.56, 121.5, 2.6, 234.0
20210408141430.63, 121.5, 2.6, 234.0
20210408141431.71, 121.4, 2.6, 237.0
20210408141432.78, 121.4, 2.6, 237.0
20210408141433.84, 121.4, 2.6, 236.0
20210408141434.91, 121.4, 2.6, 236.0
20210408141435.98, 121.4, 2.5, 235.0
20210408141437.05, 121.4, 2.5, 235.0
20210408141438.11, 121.3, 2.5, 232.0
20210408141439.18, 121.3, 2.5, 232.0
20210408141440.24, 121.4, 2.5, 237.0
20210408141441.3, 121.4, 2.5, 237.0
20210408141442.37, 121.3, 2.5, 238.0
20210408141443.42, 121.3, 2.5, 238.0
20210408141444.49, 121.4, 2.5, 239.0
20210408141445.56, 121.4, 2.5, 239.0
20210408141446.63, 121.4, 2.5, 234.0
20210408141447.71, 121.4, 2.5, 234.0
20210408141448.77, 121.4, 2.5, 236.0
20210408141449.84, 121.4, 2.5, 236.0
20210408141450.91, 121.3, 2.5, 238.0
20210408141451.98, 121.3, 2.5, 238.0
20210408141453.13, 121.3, 2.6, 238.0
20210408141454.21, 121.3, 2.6, 235.0
20210408141455.29, 121.3, 2.6, 235.0
20210408141456.36, 121.2, 2.6, 235.0
20210408141457.43, 121.2, 2.6, 235.0
20210408141458.49, 121.1, 2.6, 238.0
20210408141459.56, 121.1, 2.6, 238.0
20210408141500.64, 121.2, 2.6, 239.0
20210408141501.72, 121.2, 2.6, 239.0
20210408141502.78, 121.2, 2.6, 239.0
20210408141503.85, 121.2, 2.6, 239.0
20210408141504.92, 121.2, 2.6, 238.0
20210408141505.99, 121.2, 2.6, 238.0
20210408141507.05, 121.2, 2.6, 239.0
20210408141508.11, 121.2, 2.6, 239.0
20210408141509.19, 121.2, 2.6, 236.0
20210408141510.26, 121.2, 2.6, 236.0
20210408141511.33, 121.3, 2.6, 237.0
20210408141512.4, 121.3, 2.6, 237.0
20210408141513.46, 121.3, 2.6, 237.0
20210408141514.54, 121.3, 2.6, 237.0
20210408141515.59, 121.3, 2.6, 239.0
20210408141516.66, 121.3, 2.6, 239.0
20210408141517.73, 121.3, 2.6, 241.0
20210408141518.8, 121.3, 2.6, 241.0
20210408141519.88, 121.3, 2.6, 236.0
20210408141520.93, 121.3, 2.6, 236.0
20210408141522.0, 121.3, 2.5, 236.0
20210408141523.07, 121.3, 2.5, 236.0
20210408141524.15, 121.3, 2.5, 239.0
20210408141525.22, 121.3, 2.5, 239.0
20210408141526.3, 121.3, 2.5, 237.0
20210408141527.37, 121.3, 2.5, 237.0
20210408141528.44, 121.3, 2.5, 239.0
20210408141529.51, 121.3, 2.5, 239.0
20210408141530.57, 121.3, 2.5, 238.0
20210408141531.64, 121.3, 2.5, 238.0
20210408141532.8, 121.3, 2.5, 238.0
20210408141533.87, 121.4, 2.5, 237.0
20210408141534.95, 121.4, 2.5, 237.0
20210408141536.0, 121.4, 2.5, 236.0
20210408141537.08, 121.4, 2.5, 236.0
20210408141538.15, 121.4, 2.6, 234.0
20210408141539.22, 121.4, 2.6, 234.0
20210408141540.28, 121.4, 2.6, 238.0
20210408141541.36, 121.4, 2.6, 238.0
20210408141542.42, 121.4, 2.6, 237.0
20210408141543.47, 121.4, 2.6, 237.0
20210408141544.54, 121.4, 2.6, 239.0
20210408141545.61, 121.4, 2.6, 239.0
20210408141546.68, 121.4, 2.6, 240.0
20210408141547.76, 121.4, 2.6, 240.0
20210408141548.82, 121.4, 2.6, 241.0
20210408141549.89, 121.4, 2.6, 241.0
20210408141550.96, 121.4, 2.6, 235.0
20210408141552.04, 121.4, 2.6, 235.0
20210408141553.11, 121.4, 2.5, 240.0
20210408141554.19, 121.4, 2.5, 240.0
20210408141555.25, 121.4, 2.5, 240.0
20210408141556.32, 121.4, 2.5, 240.0
20210408141557.39, 121.4, 2.5, 238.0
20210408141558.46, 121.4, 2.5, 238.0
20210408141559.53, 121.4, 2.5, 239.0
20210408141600.6, 121.4, 2.5, 239.0
20210408141601.68, 121.4, 2.5, 238.0
20210408141602.74, 121.4, 2.5, 238.0
20210408141603.82, 121.4, 2.5, 239.0
20210408141604.87, 121.4, 2.5, 239.0
20210408141605.93, 121.3, 2.5, 238.0
20210408141607.0, 121.3, 2.5, 238.0
20210408141608.05, 121.3, 2.4000000000000004, 237.0
20210408141609.12, 121.3, 2.4000000000000004, 237.0
20210408141610.19, 121.3, 2.4000000000000004, 238.0
20210408141611.24, 121.3, 2.4000000000000004, 238.0
20210408141612.3, 121.4, 2.4000000000000004, 239.0
20210408141613.36, 121.4, 2.4000000000000004, 239.0
20210408141614.43, 121.4, 2.4000000000000004, 234.0
20210408141615.49, 121.4, 2.4000000000000004, 234.0
20210408141616.54, 121.4, 2.4000000000000004, 238.0
20210408141617.71, 121.4, 2.4000000000000004, 236.0
20210408141618.77, 121.4, 2.4000000000000004, 236.0
20210408141619.84, 121.5, 2.4000000000000004, 235.0
20210408141620.89, 121.5, 2.4000000000000004, 235.0
20210408141621.96, 121.5, 2.4000000000000004, 238.0
20210408141623.02, 121.5, 2.4000000000000004, 238.0
20210408141624.08, 121.4, 2.5, 237.0
20210408141625.15, 121.4, 2.5, 237.0
20210408141626.22, 121.4, 2.5, 239.0
20210408141627.29, 121.4, 2.5, 239.0
20210408141628.35, 121.4, 2.5, 240.0
20210408141629.42, 121.4, 2.5, 240.0
20210408141630.48, 121.5, 2.5, 237.0
20210408141631.54, 121.5, 2.5, 237.0
20210408141632.59, 121.4, 2.5, 238.0
20210408141633.66, 121.4, 2.5, 238.0
20210408141634.73, 121.5, 2.5, 234.0
20210408141635.8, 121.5, 2.5, 234.0
20210408141636.87, 121.4, 2.5, 240.0
20210408141637.92, 121.4, 2.5, 240.0
20210408141638.99, 121.5, 2.5, 236.0
20210408141640.06, 121.5, 2.5, 236.0
20210408141641.13, 121.4, 2.5, 239.0
20210408141642.18, 121.4, 2.5, 239.0
20210408141643.25, 121.4, 2.5, 239.0
20210408141644.35, 121.4, 2.5, 239.0
20210408141645.41, 121.4, 2.5, 238.0
20210408141646.49, 121.4, 2.5, 238.0
20210408141647.55, 121.5, 2.5, 238.0
20210408141648.61, 121.5, 2.5, 238.0
20210408141649.67, 121.5, 2.5, 239.0
20210408141650.75, 121.5, 2.5, 239.0
20210408141651.8, 121.4, 2.5, 238.0
20210408141652.87, 121.4, 2.5, 238.0
20210408141653.94, 121.4, 2.6, 237.0
20210408141655.01, 121.4, 2.6, 237.0
20210408141656.08, 121.4, 2.6, 237.0
20210408141657.14, 121.4, 2.6, 237.0
20210408141658.21, 121.4, 2.6, 238.0
20210408141659.29, 121.4, 2.6, 238.0
20210408141700.34, 121.5, 2.6, 239.0
20210408141701.41, 121.5, 2.6, 239.0
20210408141702.47, 121.4, 2.6, 233.0
20210408141703.54, 121.4, 2.6, 233.0
20210408141704.61, 121.4, 2.6, 237.0
20210408141705.68, 121.4, 2.6, 240.0
20210408141706.82, 121.4, 2.6, 240.0
20210408141707.89, 121.4, 2.6, 237.0
20210408141708.95, 121.4, 2.6, 237.0
20210408141710.02, 121.5, 2.5, 236.0
20210408141711.09, 121.5, 2.5, 236.0
20210408141712.14, 121.2, 2.5, 228.0
20210408141713.2, 121.2, 2.5, 228.0
20210408141714.26, 121.3, 2.5, 234.0
20210408141715.32, 121.3, 2.5, 234.0
20210408141716.36, 121.3, 2.5, 236.0
20210408141717.42, 121.3, 2.5, 236.0
20210408141718.47, 121.3, 2.5, 237.0
20210408141719.54, 121.3, 2.5, 237.0
20210408141720.6, 121.3, 2.5, 242.0
20210408141721.66, 121.3, 2.5, 242.0
20210408141722.71, 121.3, 2.5, 235.0
20210408141723.78, 121.3, 2.5, 235.0
20210408141724.84, 121.3, 2.6, 237.0
20210408141725.92, 121.3, 2.6, 237.0
20210408141726.97, 121.3, 2.6, 235.0
20210408141728.05, 121.3, 2.6, 235.0
20210408141729.11, 121.3, 2.6, 235.0
20210408141730.19, 121.3, 2.6, 235.0
20210408141731.25, 121.3, 2.6, 238.0
20210408141732.32, 121.3, 2.6, 238.0
20210408141733.39, 121.2, 2.6, 237.0
20210408141734.45, 121.2, 2.6, 237.0
20210408141735.52, 121.2, 2.6, 238.0
20210408141736.59, 121.2, 2.6, 238.0
20210408141737.66, 121.3, 2.6, 235.0
20210408141738.72, 121.3, 2.6, 235.0
20210408141739.79, 121.4, 2.6, 235.0
20210408141740.86, 121.4, 2.6, 235.0
20210408141741.93, 121.4, 2.6, 237.0
20210408141742.99, 121.4, 2.6, 237.0
20210408141744.06, 121.3, 2.6, 237.0
20210408141745.13, 121.3, 2.6, 237.0
20210408141746.19, 121.3, 2.6, 239.0
20210408141747.26, 121.3, 2.6, 239.0
20210408141748.32, 121.3, 2.6, 235.0
20210408141749.39, 121.3, 2.6, 235.0
20210408141750.45, 121.3, 2.6, 234.0
20210408141751.52, 121.3, 2.6, 234.0
20210408141752.59, 121.3, 2.6, 233.0
20210408141753.64, 121.3, 2.6, 233.0
20210408141754.72, 121.4, 2.6, 234.0
20210408141755.77, 121.4, 2.6, 234.0
20210408141756.82, 121.4, 2.5, 237.0
20210408141757.89, 121.4, 2.5, 237.0
20210408141758.96, 121.3, 2.5, 238.0
20210408141800.03, 121.3, 2.5, 238.0
20210408141801.16, 121.3, 2.5, 238.0
20210408141802.21, 121.3, 2.5, 234.0
20210408141803.29, 121.3, 2.5, 234.0
20210408141804.36, 121.4, 2.5, 239.0
20210408141805.44, 121.4, 2.5, 239.0
20210408141806.49, 121.3, 2.5, 238.0
20210408141807.57, 121.3, 2.5, 238.0
20210408141808.64, 121.3, 2.5, 241.0
20210408141809.72, 121.3, 2.5, 241.0
20210408141810.78, 121.3, 2.5, 237.0
20210408141811.86, 121.3, 2.5, 237.0
20210408141812.93, 121.3, 2.5, 239.0
20210408141814.01, 121.3, 2.5, 239.0
20210408141815.08, 121.4, 2.5, 239.0
20210408141816.15, 121.4, 2.5, 239.0
20210408141817.21, 121.4, 2.5, 242.0
20210408141818.28, 121.4, 2.5, 242.0
20210408141819.33, 121.5, 2.5, 237.0
20210408141820.4, 121.5, 2.5, 237.0
20210408141821.47, 121.5, 2.5, 235.0
20210408141822.55, 121.5, 2.5, 235.0
20210408141823.62, 121.4, 2.5, 237.0
20210408141824.68, 121.4, 2.5, 237.0
20210408141825.74, 121.4, 2.6, 235.0
20210408141826.81, 121.4, 2.6, 235.0
20210408141827.89, 121.5, 2.6, 240.0
20210408141828.96, 121.5, 2.6, 240.0
20210408141830.04, 121.5, 2.6, 237.0
20210408141831.1, 121.5, 2.6, 237.0
20210408141832.17, 121.4, 2.6, 236.0
20210408141833.23, 121.4, 2.6, 236.0
20210408141834.3, 121.5, 2.6, 235.0
20210408141835.38, 121.5, 2.6, 235.0
20210408141836.44, 121.4, 2.6, 237.0
20210408141837.52, 121.4, 2.6, 237.0
20210408141838.59, 121.5, 2.6, 241.0
20210408141839.67, 121.5, 2.6, 241.0
20210408141840.73, 121.5, 2.6, 235.0
20210408141841.79, 121.5, 2.6, 235.0
20210408141842.86, 121.4, 2.6, 238.0
20210408141843.94, 121.4, 2.6, 239.0
20210408141845.07, 121.4, 2.6, 239.0
20210408141846.13, 121.4, 2.6, 237.0
20210408141847.2, 121.4, 2.6, 237.0
20210408141848.27, 121.4, 2.6, 234.0
20210408141849.33, 121.4, 2.6, 234.0
20210408141850.41, 121.4, 2.6, 239.0
20210408141851.49, 121.4, 2.6, 239.0
20210408141852.55, 121.4, 2.6, 238.0
20210408141853.62, 121.4, 2.6, 238.0
20210408141854.68, 121.4, 2.6, 240.0
20210408141855.73, 121.4, 2.6, 240.0
20210408141856.8, 121.3, 2.5, 235.0
20210408141857.88, 121.3, 2.5, 235.0
20210408141858.95, 121.3, 2.5, 237.0
20210408141900.03, 121.3, 2.5, 237.0
20210408141901.09, 121.3, 2.5, 237.0
20210408141902.16, 121.3, 2.5, 237.0
20210408141903.22, 121.4, 2.5, 239.0
20210408141904.29, 121.4, 2.5, 239.0
20210408141905.37, 121.4, 2.5, 234.0
20210408141906.45, 121.4, 2.5, 234.0
20210408141907.52, 121.3, 2.5, 237.0
20210408141908.61, 121.3, 2.5, 237.0
20210408141909.66, 121.4, 2.5, 232.0
20210408141910.73, 121.4, 2.5, 232.0
20210408141911.8, 121.4, 2.6, 241.0
20210408141912.88, 121.4, 2.6, 241.0
20210408141913.94, 121.4, 2.6, 239.0
20210408141915.0, 121.4, 2.6, 239.0
20210408141916.07, 121.4, 2.6, 240.0
20210408141917.14, 121.4, 2.6, 240.0
20210408141918.22, 121.5, 2.6, 237.0
20210408141919.3, 121.5, 2.6, 237.0
20210408141920.37, 121.4, 2.6, 239.0
20210408141921.45, 121.4, 2.6, 239.0
20210408141922.51, 121.4, 2.6, 234.0
20210408141923.7, 121.4, 2.6, 238.0
20210408141924.77, 121.4, 2.6, 238.0
20210408141925.84, 121.4, 2.6, 233.0
20210408141926.91, 121.4, 2.6, 233.0
20210408141927.99, 121.5, 2.6, 236.0
20210408141929.07, 121.5, 2.6, 236.0
20210408141930.14, 121.5, 2.6, 237.0
20210408141931.2, 121.5, 2.6, 237.0
20210408141932.27, 121.6, 2.6, 239.0
20210408141933.34, 121.6, 2.6, 239.0
20210408141934.41, 121.6, 2.6, 234.0
20210408141935.49, 121.6, 2.6, 234.0
20210408141936.55, 121.6, 2.6, 239.0
20210408141937.63, 121.6, 2.6, 239.0
20210408141938.7, 121.5, 2.6, 239.0
20210408141939.76, 121.5, 2.6, 239.0
20210408141940.82, 121.6, 2.7, 239.0
20210408141941.89, 121.6, 2.7, 239.0
20210408141942.95, 121.6, 2.7, 239.0
20210408141944.02, 121.6, 2.7, 239.0
20210408141945.07, 121.6, 2.7, 234.0
20210408141946.12, 121.6, 2.7, 234.0
20210408141947.19, 121.6, 2.7, 236.0
20210408141948.27, 121.6, 2.7, 236.0
20210408141949.34, 121.6, 2.7, 238.0
20210408141950.41, 121.6, 2.7, 238.0
20210408141951.47, 121.5, 2.7, 237.0
20210408141952.55, 121.5, 2.7, 237.0
20210408141953.62, 121.5, 2.7, 240.0
20210408141954.69, 121.5, 2.7, 240.0
20210408141955.77, 121.5, 2.7, 237.0
20210408141956.84, 121.5, 2.7, 237.0
20210408141957.89, 121.6, 2.7, 240.0
20210408141958.97, 121.6, 2.7, 240.0
20210408142000.04, 121.6, 2.7, 237.0
20210408142001.11, 121.6, 2.7, 237.0
20210408142002.17, 121.6, 2.7, 236.0
20210408142003.25, 121.6, 2.7, 236.0
20210408142004.31, 121.5, 2.7, 237.0
20210408142005.5, 121.5, 2.7, 241.0
20210408142006.57, 121.5, 2.7, 241.0
20210408142007.62, 121.6, 2.7, 239.0
20210408142008.7, 121.6, 2.7, 239.0
20210408142009.77, 121.6, 2.7, 240.0
20210408142010.84, 121.6, 2.7, 240.0
20210408142011.91, 121.6, 2.6, 238.0
20210408142012.98, 121.6, 2.6, 238.0
20210408142014.05, 121.6, 2.6, 238.0
20210408142015.13, 121.6, 2.6, 238.0
20210408142016.18, 121.6, 2.6, 239.0
20210408142017.25, 121.6, 2.6, 239.0
20210408142018.3, 121.6, 2.6, 240.0
20210408142019.37, 121.6, 2.6, 240.0
20210408142020.43, 121.6, 2.6, 238.0
20210408142021.49, 121.6, 2.6, 238.0
20210408142022.54, 121.6, 2.6, 236.0
20210408142023.61, 121.6, 2.6, 236.0
20210408142024.67, 121.6, 2.6, 236.0
20210408142025.74, 121.6, 2.6, 236.0
20210408142026.8, 121.6, 2.5, 233.0
20210408142027.87, 121.6, 2.5, 233.0
20210408142028.92, 121.6, 2.5, 236.0
20210408142030.0, 121.6, 2.5, 236.0
20210408142031.06, 121.6, 2.5, 239.0
20210408142032.13, 121.6, 2.5, 239.0
20210408142033.2, 121.6, 2.5, 239.0
20210408142034.27, 121.6, 2.5, 239.0
20210408142035.34, 121.6, 2.5, 239.0
20210408142036.41, 121.6, 2.5, 239.0
20210408142037.46, 121.6, 2.5, 236.0
20210408142038.53, 121.6, 2.5, 236.0
20210408142039.6, 121.6, 2.5, 236.0
20210408142040.67, 121.6, 2.5, 236.0
20210408142041.73, 121.5, 2.6, 237.0
20210408142042.8, 121.5, 2.6, 237.0
20210408142043.88, 121.5, 2.6, 238.0
20210408142044.96, 121.5, 2.6, 238.0
20210408142046.02, 121.5, 2.6, 241.0
20210408142047.08, 121.5, 2.6, 241.0
20210408142048.14, 121.5, 2.6, 240.0
20210408142049.21, 121.5, 2.6, 240.0
20210408142050.27, 121.5, 2.6, 238.0
20210408142051.32, 121.5, 2.6, 237.0
20210408142052.46, 121.5, 2.6, 237.0
20210408142053.52, 121.5, 2.6, 237.0
20210408142054.59, 121.5, 2.6, 237.0
20210408142055.64, 121.5, 2.6, 236.0
20210408142056.71, 121.5, 2.6, 236.0
20210408142057.78, 121.5, 2.7, 242.0
20210408142058.83, 121.5, 2.7, 242.0
20210408142059.89, 121.5, 2.7, 235.0
20210408142100.96, 121.5, 2.7, 235.0
20210408142102.05, 121.5, 2.7, 237.0
20210408142103.12, 121.5, 2.7, 237.0
20210408142104.19, 121.5, 2.7, 236.0
20210408142105.25, 121.5, 2.7, 236.0
20210408142106.32, 121.6, 2.7, 239.0
20210408142107.4, 121.6, 2.7, 239.0
20210408142108.46, 121.6, 2.7, 239.0
20210408142109.54, 121.6, 2.7, 239.0
20210408142110.6, 121.6, 2.7, 241.0
20210408142111.66, 121.6, 2.7, 241.0
20210408142112.74, 121.5, 2.5, 237.0
20210408142113.81, 121.5, 2.5, 237.0
20210408142114.88, 121.5, 2.5, 238.0
20210408142115.93, 121.5, 2.5, 238.0
20210408142117.0, 121.5, 2.5, 241.0
20210408142118.07, 121.5, 2.5, 241.0
20210408142119.14, 121.5, 2.5, 239.0
20210408142120.19, 121.5, 2.5, 239.0
20210408142121.26, 121.5, 2.5, 237.0
20210408142122.34, 121.5, 2.5, 237.0
20210408142123.41, 121.5, 2.5, 234.0
20210408142124.48, 121.5, 2.5, 234.0
20210408142125.54, 121.5, 2.5, 238.0
20210408142126.62, 121.5, 2.5, 238.0
20210408142127.68, 121.6, 2.5, 239.0
20210408142128.76, 121.6, 2.5, 239.0
20210408142129.82, 121.6, 2.6, 239.0
20210408142130.89, 121.6, 2.6, 239.0
20210408142131.96, 121.6, 2.6, 239.0
20210408142133.03, 121.6, 2.6, 239.0
20210408142134.1, 121.5, 2.6, 234.0
20210408142135.17, 121.5, 2.6, 234.0
20210408142136.32, 121.5, 2.6, 237.0
20210408142137.39, 121.6, 2.6, 237.0
20210408142138.46, 121.6, 2.6, 237.0
20210408142139.53, 121.6, 2.6, 237.0
20210408142140.6, 121.6, 2.6, 237.0
20210408142141.66, 121.5, 2.6, 239.0
20210408142142.73, 121.5, 2.6, 239.0
20210408142143.79, 121.6, 2.5, 237.0
20210408142144.86, 121.6, 2.5, 237.0
20210408142145.92, 121.6, 2.5, 238.0
20210408142146.99, 121.6, 2.5, 238.0
20210408142148.05, 121.6, 2.5, 237.0
20210408142149.13, 121.6, 2.5, 237.0
20210408142150.2, 121.6, 2.5, 239.0
20210408142151.26, 121.6, 2.5, 239.0
20210408142152.34, 121.6, 2.5, 238.0
20210408142153.41, 121.6, 2.5, 238.0
20210408142154.48, 121.6, 2.5, 235.0
20210408142155.54, 121.6, 2.5, 235.0
20210408142156.61, 121.6, 2.5, 235.0
20210408142157.66, 121.6, 2.5, 235.0
20210408142158.73, 121.6, 2.5, 235.0
20210408142159.79, 121.6, 2.5, 235.0
20210408142200.86, 121.6, 2.5, 237.0
20210408142201.94, 121.6, 2.5, 237.0
20210408142203.01, 121.6, 2.5, 236.0
20210408142204.08, 121.6, 2.5, 236.0
20210408142205.13, 121.6, 2.5, 238.0
20210408142206.19, 121.6, 2.5, 238.0
20210408142207.25, 121.7, 2.5, 239.0
20210408142208.32, 121.7, 2.5, 239.0
20210408142209.37, 121.6, 2.5, 240.0
20210408142210.45, 121.6, 2.5, 240.0
20210408142211.52, 121.6, 2.5, 238.0
20210408142212.58, 121.6, 2.5, 238.0
20210408142213.63, 121.6, 2.5, 241.0
20210408142214.7, 121.6, 2.5, 241.0
20210408142215.76, 121.6, 2.5, 241.0
20210408142216.82, 121.6, 2.5, 241.0
20210408142217.88, 121.5, 2.5, 237.0
20210408142218.93, 121.5, 2.5, 237.0
20210408142219.98, 121.5, 2.5, 240.0
20210408142221.05, 121.5, 2.5, 240.0
20210408142222.1, 121.5, 2.5, 237.0
20210408142223.16, 121.5, 2.5, 237.0
20210408142224.21, 121.5, 2.5, 239.0
20210408142225.28, 121.5, 2.5, 239.0
20210408142226.33, 121.5, 2.5, 235.0
20210408142227.4, 121.5, 2.5, 235.0
20210408142228.46, 121.5, 2.5, 238.0
20210408142229.54, 121.5, 2.6, 238.0
20210408142230.69, 121.5, 2.6, 238.0
20210408142231.75, 121.5, 2.6, 239.0
20210408142232.82, 121.5, 2.6, 239.0
20210408142233.88, 121.5, 2.6, 239.0
20210408142234.96, 121.5, 2.6, 239.0
20210408142236.03, 121.5, 2.6, 238.0
20210408142237.09, 121.5, 2.6, 238.0
20210408142238.16, 121.5, 2.6, 237.0
20210408142239.21, 121.5, 2.6, 237.0
20210408142240.29, 121.5, 2.6, 233.0
20210408142241.36, 121.5, 2.6, 233.0
20210408142242.43, 121.5, 2.6, 239.0
20210408142243.5, 121.5, 2.6, 239.0
20210408142244.56, 121.5, 2.5, 239.0
20210408142245.63, 121.5, 2.5, 239.0
20210408142246.7, 121.6, 2.5, 239.0
20210408142247.77, 121.6, 2.5, 239.0
20210408142248.84, 121.5, 2.5, 234.0
20210408142249.91, 121.5, 2.5, 234.0
20210408142250.99, 121.6, 2.5, 233.0
20210408142252.07, 121.6, 2.5, 233.0
20210408142253.14, 121.6, 2.5, 239.0
20210408142254.21, 121.6, 2.5, 239.0
20210408142255.29, 121.6, 2.5, 238.0
20210408142256.36, 121.6, 2.5, 238.0
20210408142257.41, 121.6, 2.5, 236.0
20210408142258.48, 121.6, 2.5, 236.0
20210408142259.55, 121.7, 2.5, 238.0
20210408142300.64, 121.7, 2.5, 238.0
20210408142301.7, 121.7, 2.6, 234.0
20210408142302.76, 121.7, 2.6, 234.0
20210408142303.81, 121.6, 2.6, 242.0
20210408142304.88, 121.6, 2.6, 242.0
20210408142305.94, 121.5, 2.6, 234.0
20210408142307.02, 121.5, 2.6, 234.0
20210408142308.08, 121.6, 2.6, 236.0
20210408142309.14, 121.6, 2.6, 236.0
20210408142310.21, 121.6, 2.6, 239.0
20210408142311.26, 121.6, 2.6, 239.0
20210408142312.33, 121.6, 2.6, 238.0
20210408142313.38, 121.6, 2.6, 238.0
20210408142314.45, 121.6, 2.6, 240.0
20210408142315.61, 121.6, 2.6, 237.0
20210408142316.67, 121.6, 2.6, 237.0
20210408142317.74, 121.6, 2.6, 238.0
20210408142318.79, 121.6, 2.6, 238.0
20210408142319.85, 121.6, 2.6, 238.0
20210408142320.96, 121.6, 2.6, 238.0
20210408142322.02, 121.6, 2.6, 241.0
20210408142323.09, 121.6, 2.6, 241.0
20210408142324.14, 121.6, 2.6, 237.0
20210408142325.21, 121.6, 2.6, 237.0
20210408142326.29, 121.6, 2.6, 239.0
20210408142327.35, 121.6, 2.6, 239.0
20210408142328.4, 121.6, 2.6, 237.0
20210408142329.46, 121.6, 2.6, 237.0
20210408142330.52, 121.7, 2.7, 239.0
20210408142331.57, 121.7, 2.7, 239.0
20210408142332.63, 121.6, 2.7, 241.0
20210408142333.69, 121.6, 2.7, 241.0
20210408142334.75, 121.6, 2.7, 236.0
20210408142335.83, 121.6, 2.7, 236.0
20210408142336.88, 121.6, 2.7, 240.0
20210408142337.95, 121.6, 2.7, 240.0
20210408142339.02, 121.6, 2.7, 234.0
20210408142340.1, 121.6, 2.7, 234.0
20210408142341.16, 121.6, 2.7, 237.0
20210408142342.23, 121.6, 2.7, 237.0
20210408142343.28, 121.6, 2.7, 239.0
20210408142344.35, 121.6, 2.7, 239.0
20210408142345.41, 121.6, 2.5, 237.0
20210408142346.47, 121.6, 2.5, 237.0
20210408142347.54, 121.6, 2.5, 237.0
20210408142348.59, 121.6, 2.5, 237.0
20210408142349.65, 121.6, 2.5, 237.0
20210408142350.71, 121.6, 2.5, 237.0
20210408142351.79, 121.6, 2.5, 236.0
20210408142352.85, 121.6, 2.5, 236.0
20210408142353.91, 121.6, 2.5, 238.0
20210408142354.99, 121.6, 2.5, 238.0
20210408142356.05, 121.6, 2.5, 238.0
20210408142357.11, 121.6, 2.5, 238.0
20210408142358.16, 121.6, 2.5, 237.0
20210408142359.24, 121.6, 2.5, 237.0
20210408142400.3, 121.6, 2.5, 238.0
20210408142401.36, 121.6, 2.5, 238.0
20210408142402.41, 121.5, 2.6, 237.0
20210408142403.47, 121.5, 2.6, 237.0
20210408142404.53, 121.5, 2.6, 234.0
20210408142405.6, 121.5, 2.6, 234.0
20210408142406.67, 121.5, 2.6, 237.0
20210408142407.74, 121.5, 2.6, 237.0
20210408142408.8, 121.5, 2.6, 237.0
20210408142409.88, 121.5, 2.6, 237.0
20210408142410.94, 121.6, 2.6, 237.0
20210408142412.0, 121.6, 2.6, 237.0
20210408142413.06, 121.5, 2.6, 237.0
20210408142414.13, 121.5, 2.6, 237.0
20210408142415.2, 121.5, 2.6, 239.0
20210408142416.29, 121.5, 2.6, 239.0
20210408142417.35, 121.5, 2.5, 242.0
20210408142418.42, 121.5, 2.5, 242.0
20210408142419.49, 121.5, 2.5, 236.0
20210408142420.55, 121.5, 2.5, 236.0
20210408142421.61, 121.5, 2.5, 236.0
20210408142422.68, 121.5, 2.5, 236.0
20210408142423.75, 121.6, 2.5, 239.0
20210408142424.83, 121.6, 2.5, 239.0
20210408142425.9, 121.6, 2.5, 239.0
20210408142426.96, 121.6, 2.5, 239.0
20210408142428.03, 121.5, 2.5, 238.0
20210408142429.19, 121.5, 2.5, 237.0
20210408142430.25, 121.5, 2.5, 237.0
20210408142431.31, 121.6, 2.5, 241.0
20210408142432.37, 121.6, 2.5, 241.0
20210408142433.43, 121.6, 2.5, 238.0
20210408142434.51, 121.6, 2.5, 238.0
20210408142435.57, 121.6, 2.5, 241.0
20210408142436.62, 121.6, 2.5, 241.0
20210408142437.68, 121.5, 2.5, 234.0
20210408142438.74, 121.5, 2.5, 234.0
20210408142439.81, 121.5, 2.5, 236.0
20210408142440.88, 121.5, 2.5, 236.0
20210408142441.93, 121.6, 2.5, 236.0
20210408142443.01, 121.6, 2.5, 236.0
20210408142444.07, 121.6, 2.5, 238.0
20210408142445.14, 121.6, 2.5, 238.0
20210408142446.21, 121.6, 2.5, 240.0
20210408142447.28, 121.6, 2.5, 240.0
20210408142448.33, 121.6, 2.5, 234.0
20210408142449.4, 121.6, 2.5, 234.0
20210408142450.45, 121.6, 2.5, 236.0
20210408142451.52, 121.6, 2.5, 236.0
20210408142452.58, 121.6, 2.5, 235.0
20210408142453.65, 121.6, 2.5, 235.0
20210408142454.71, 121.6, 2.5, 238.0
20210408142455.78, 121.6, 2.5, 238.0
20210408142456.83, 121.6, 2.5, 238.0
20210408142457.91, 121.6, 2.5, 238.0
20210408142458.96, 121.5, 2.5, 240.0
20210408142500.04, 121.5, 2.5, 240.0
20210408142501.09, 121.5, 2.5, 234.0
20210408142502.17, 121.5, 2.5, 234.0
20210408142503.22, 121.5, 2.6, 239.0
20210408142504.28, 121.5, 2.6, 239.0
20210408142505.34, 121.5, 2.6, 238.0
20210408142506.39, 121.5, 2.6, 238.0
20210408142507.45, 121.6, 2.6, 237.0
20210408142508.52, 121.6, 2.6, 237.0
20210408142509.58, 121.6, 2.6, 239.0
20210408142510.64, 121.6, 2.6, 239.0
20210408142511.71, 121.6, 2.6, 240.0
20210408142512.78, 121.6, 2.6, 240.0
20210408142513.84, 121.6, 2.6, 234.0
20210408142514.91, 121.6, 2.6, 234.0
20210408142515.97, 121.6, 2.6, 239.0
20210408142517.05, 121.6, 2.6, 239.0
20210408142518.11, 121.6, 2.5, 239.0
20210408142519.31, 121.5, 2.5, 238.0
20210408142520.39, 121.5, 2.5, 238.0
20210408142521.45, 121.5, 2.5, 239.0
20210408142522.52, 121.5, 2.5, 239.0
20210408142523.58, 121.6, 2.5, 236.0
20210408142524.66, 121.6, 2.5, 236.0
20210408142525.73, 121.6, 2.5, 236.0
20210408142526.81, 121.6, 2.5, 236.0
20210408142527.89, 121.6, 2.5, 241.0
20210408142528.96, 121.6, 2.5, 241.0
20210408142530.04, 121.6, 2.5, 239.0
20210408142531.09, 121.6, 2.5, 239.0
20210408142532.16, 121.6, 2.6, 237.0
20210408142533.22, 121.6, 2.6, 237.0
20210408142534.29, 121.6, 2.6, 240.0
20210408142535.36, 121.6, 2.6, 240.0
20210408142536.42, 121.7, 2.6, 237.0
20210408142537.49, 121.7, 2.6, 237.0
20210408142538.56, 121.6, 2.6, 236.0
20210408142539.65, 121.6, 2.6, 236.0
20210408142540.71, 121.6, 2.6, 240.0
20210408142541.78, 121.6, 2.6, 240.0
20210408142542.85, 121.6, 2.6, 239.0
20210408142543.92, 121.6, 2.6, 239.0
20210408142544.99, 121.6, 2.6, 241.0
20210408142546.06, 121.6, 2.6, 241.0
20210408142547.12, 121.6, 2.5, 240.0
20210408142548.2, 121.6, 2.5, 240.0
20210408142549.26, 121.5, 2.5, 239.0
20210408142550.35, 121.5, 2.5, 239.0
20210408142551.41, 121.6, 2.5, 238.0
20210408142552.48, 121.6, 2.5, 238.0
20210408142553.57, 121.6, 2.5, 240.0
20210408142554.65, 121.6, 2.5, 240.0
20210408142555.71, 121.6, 2.5, 239.0
20210408142556.79, 121.6, 2.5, 236.0
20210408142557.93, 121.6, 2.5, 236.0
20210408142559.02, 121.6, 2.5, 237.0
20210408142600.09, 121.6, 2.5, 237.0
20210408142601.14, 121.6, 2.5, 239.0
20210408142602.22, 121.6, 2.5, 239.0
20210408142603.3, 121.6, 2.6, 234.0
20210408142604.38, 121.6, 2.6, 234.0
20210408142605.44, 121.6, 2.6, 237.0
20210408142606.51, 121.6, 2.6, 237.0
20210408142607.57, 121.6, 2.6, 240.0
20210408142608.64, 121.6, 2.6, 240.0
20210408142609.71, 121.6, 2.6, 239.0
20210408142610.8, 121.6, 2.6, 239.0
20210408142611.86, 121.6, 2.6, 239.0
20210408142612.93, 121.6, 2.6, 239.0
20210408142614.0, 121.6, 2.6, 239.0
20210408142615.07, 121.6, 2.6, 239.0
20210408142616.13, 121.6, 2.6, 237.0
20210408142617.21, 121.6, 2.6, 237.0
20210408142618.28, 121.6, 2.6, 238.0
20210408142619.36, 121.6, 2.6, 238.0
20210408142620.43, 121.7, 2.6, 242.0
20210408142621.5, 121.7, 2.6, 242.0
20210408142622.57, 121.6, 2.6, 239.0
20210408142623.62, 121.6, 2.6, 239.0
20210408142624.69, 121.6, 2.6, 236.0
20210408142625.76, 121.6, 2.6, 236.0
20210408142626.82, 121.6, 2.6, 236.0
20210408142627.91, 121.6, 2.6, 236.0
20210408142628.98, 121.6, 2.6, 237.0
20210408142630.06, 121.6, 2.6, 237.0
20210408142631.13, 121.6, 2.6, 237.0
20210408142632.22, 121.6, 2.6, 237.0
20210408142633.3, 121.6, 2.6, 238.0
20210408142634.36, 121.6, 2.6, 238.0
20210408142635.41, 121.6, 2.6, 237.0
20210408142636.59, 121.5, 2.6, 238.0
20210408142637.66, 121.5, 2.6, 238.0
20210408142638.73, 121.5, 2.6, 243.0
20210408142639.79, 121.5, 2.6, 243.0
20210408142640.86, 121.5, 2.6, 237.0
20210408142641.92, 121.5, 2.6, 237.0
20210408142642.98, 121.5, 2.6, 238.0
20210408142644.05, 121.5, 2.6, 238.0
20210408142645.11, 121.5, 2.6, 237.0
20210408142646.18, 121.5, 2.6, 237.0
20210408142647.24, 121.6, 2.5, 240.0
20210408142648.29, 121.6, 2.5, 240.0
20210408142649.35, 121.6, 2.5, 239.0
20210408142650.41, 121.6, 2.5, 239.0
20210408142651.48, 121.6, 2.5, 238.0
20210408142652.54, 121.6, 2.5, 238.0
20210408142653.6, 121.6, 2.5, 239.0
20210408142654.67, 121.6, 2.5, 239.0
20210408142655.74, 121.6, 2.5, 239.0
20210408142656.8, 121.6, 2.5, 239.0
20210408142657.87, 121.6, 2.5, 239.0
20210408142658.94, 121.6, 2.5, 239.0
20210408142700.01, 121.6, 2.5, 235.0
20210408142701.09, 121.6, 2.5, 235.0
20210408142702.16, 121.5, 2.5, 236.0
20210408142703.23, 121.5, 2.5, 236.0
20210408142704.3, 121.5, 2.6, 236.0
20210408142705.38, 121.5, 2.6, 236.0
20210408142706.43, 121.5, 2.6, 239.0
20210408142707.52, 121.5, 2.6, 239.0
20210408142708.57, 121.5, 2.6, 238.0
20210408142709.65, 121.5, 2.6, 238.0
20210408142710.72, 121.5, 2.6, 238.0
20210408142711.78, 121.5, 2.6, 238.0
20210408142712.85, 121.5, 2.6, 238.0
20210408142713.92, 121.5, 2.6, 238.0
20210408142714.97, 121.5, 2.6, 235.0
20210408142716.03, 121.5, 2.6, 235.0
20210408142717.09, 121.5, 2.6, 236.0
20210408142718.16, 121.5, 2.6, 236.0
20210408142719.21, 121.5, 2.5, 238.0
20210408142720.29, 121.5, 2.5, 238.0
20210408142721.34, 121.5, 2.5, 239.0
20210408142722.4, 121.5, 2.5, 239.0
20210408142723.45, 121.5, 2.5, 239.0
20210408142724.51, 121.5, 2.5, 237.0
20210408142725.64, 121.5, 2.5, 237.0
20210408142726.71, 121.5, 2.5, 239.0
20210408142727.78, 121.5, 2.5, 239.0
20210408142728.85, 121.5, 2.5, 238.0
20210408142729.92, 121.5, 2.5, 238.0
20210408142730.97, 121.5, 2.5, 239.0
20210408142732.04, 121.5, 2.5, 239.0
20210408142733.11, 121.5, 2.5, 236.0
20210408142734.17, 121.5, 2.5, 236.0
20210408142735.24, 121.6, 2.5, 238.0
20210408142736.3, 121.6, 2.5, 238.0
20210408142737.38, 121.6, 2.5, 234.0
20210408142738.44, 121.6, 2.5, 234.0
20210408142739.5, 121.6, 2.5, 240.0
20210408142740.55, 121.6, 2.5, 240.0
20210408142741.61, 121.6, 2.5, 238.0
20210408142742.68, 121.6, 2.5, 238.0
20210408142743.73, 121.6, 2.5, 235.0
20210408142744.79, 121.6, 2.5, 235.0
20210408142745.86, 121.6, 2.5, 239.0
20210408142746.92, 121.6, 2.5, 239.0
20210408142747.99, 121.6, 2.5, 237.0
20210408142749.05, 121.6, 2.5, 237.0
20210408142750.1, 121.6, 2.6, 237.0
20210408142751.16, 121.6, 2.6, 237.0
20210408142752.23, 121.6, 2.6, 235.0
20210408142753.29, 121.6, 2.6, 235.0
20210408142754.35, 121.6, 2.6, 236.0
20210408142755.41, 121.6, 2.6, 236.0
20210408142756.45, 121.6, 2.6, 240.0
20210408142757.51, 121.6, 2.6, 240.0
20210408142758.57, 121.6, 2.6, 237.0
20210408142759.63, 121.6, 2.6, 237.0
20210408142800.7, 121.6, 2.6, 238.0
20210408142801.77, 121.6, 2.6, 238.0
20210408142802.83, 121.6, 2.6, 241.0
20210408142803.91, 121.6, 2.6, 241.0
20210408142804.96, 121.6, 2.6, 241.0
20210408142806.03, 121.6, 2.6, 241.0
20210408142807.1, 121.6, 2.6, 239.0
20210408142808.18, 121.6, 2.6, 239.0
20210408142809.25, 121.6, 2.6, 236.0
20210408142810.32, 121.6, 2.6, 236.0
20210408142811.37, 121.6, 2.6, 236.0
20210408142812.44, 121.6, 2.6, 236.0
20210408142813.51, 121.6, 2.6, 235.0
20210408142814.56, 121.6, 2.6, 235.0
20210408142815.62, 121.5, 2.6, 236.0
20210408142816.69, 121.5, 2.6, 236.0
20210408142817.74, 121.5, 2.6, 236.0
20210408142818.8, 121.5, 2.6, 236.0
20210408142819.85, 121.5, 2.6, 236.0
20210408142820.9, 121.5, 2.6, 236.0
20210408142821.96, 121.4, 2.6, 240.0
20210408142823.14, 121.4, 2.6, 240.0
20210408142824.21, 121.4, 2.6, 240.0
20210408142825.27, 121.5, 2.6, 235.0
20210408142826.34, 121.5, 2.6, 235.0
20210408142827.41, 121.5, 2.6, 237.0
20210408142828.49, 121.5, 2.6, 237.0
20210408142829.56, 121.5, 2.6, 234.0
20210408142830.64, 121.5, 2.6, 234.0
20210408142831.72, 121.5, 2.6, 237.0
20210408142832.79, 121.5, 2.6, 237.0
20210408142833.85, 121.5, 2.6, 240.0
20210408142834.92, 121.5, 2.6, 240.0
20210408142835.99, 121.5, 2.6, 236.0
20210408142837.07, 121.5, 2.6, 236.0
20210408142838.13, 121.5, 2.6, 237.0
20210408142839.2, 121.5, 2.6, 237.0
20210408142840.28, 121.5, 2.6, 235.0
20210408142841.36, 121.5, 2.6, 235.0
20210408142842.41, 121.5, 2.6, 237.0
20210408142843.47, 121.5, 2.6, 237.0
20210408142844.53, 121.5, 2.6, 238.0
20210408142845.62, 121.5, 2.6, 238.0
20210408142846.69, 121.6, 2.6, 236.0
20210408142847.76, 121.6, 2.6, 236.0
20210408142848.81, 121.6, 2.6, 240.0
20210408142849.89, 121.6, 2.6, 240.0
20210408142850.96, 121.6, 2.6, 242.0
20210408142852.02, 121.6, 2.6, 242.0
20210408142853.09, 121.6, 2.6, 240.0
20210408142854.16, 121.6, 2.6, 240.0
20210408142855.22, 121.6, 2.6, 239.0
20210408142856.31, 121.6, 2.6, 239.0
20210408142857.38, 121.6, 2.6, 240.0
20210408142858.46, 121.6, 2.6, 240.0
20210408142859.5, 121.7, 2.6, 237.0
20210408142900.57, 121.7, 2.6, 237.0
20210408142901.64, 121.6, 2.6, 237.0
20210408142902.72, 121.6, 2.6, 237.0
20210408142903.79, 121.6, 2.6, 238.0
20210408142904.86, 121.6, 2.6, 237.0
20210408142906.02, 121.6, 2.6, 237.0
20210408142907.1, 121.5, 2.5, 237.0
20210408142908.18, 121.5, 2.5, 237.0
20210408142909.24, 121.5, 2.5, 241.0
20210408142910.32, 121.5, 2.5, 241.0
20210408142911.39, 121.6, 2.5, 239.0
20210408142912.46, 121.6, 2.5, 239.0
20210408142913.53, 121.6, 2.5, 237.0
20210408142914.61, 121.6, 2.5, 237.0
20210408142915.68, 121.6, 2.5, 237.0
20210408142916.75, 121.6, 2.5, 237.0
20210408142917.81, 121.7, 2.5, 239.0
20210408142918.88, 121.7, 2.5, 239.0
20210408142919.95, 121.7, 2.5, 237.0
20210408142921.01, 121.7, 2.5, 237.0
20210408142922.07, 121.7, 2.6, 236.0
20210408142923.14, 121.7, 2.6, 236.0
20210408142924.21, 121.7, 2.6, 239.0
20210408142925.27, 121.7, 2.6, 239.0
20210408142926.34, 121.7, 2.6, 236.0
20210408142927.41, 121.7, 2.6, 236.0
20210408142928.48, 121.7, 2.6, 239.0
20210408142929.56, 121.7, 2.6, 239.0
20210408142930.62, 121.7, 2.6, 241.0
20210408142931.71, 121.7, 2.6, 241.0
20210408142932.78, 121.7, 2.6, 238.0
20210408142933.86, 121.7, 2.6, 238.0
20210408142934.91, 121.7, 2.6, 236.0
20210408142935.99, 121.7, 2.6, 236.0
20210408142937.06, 121.7, 2.6, 239.0
20210408142938.12, 121.7, 2.6, 239.0
20210408142939.19, 121.6, 2.6, 239.0
20210408142940.26, 121.6, 2.6, 239.0
20210408142941.31, 121.7, 2.6, 255.0
20210408142942.39, 121.7, 2.6, 255.0
20210408142943.45, 121.7, 2.6, 239.0
20210408142944.52, 121.7, 2.6, 239.0
20210408142945.58, 121.7, 2.6, 240.0
20210408142946.65, 121.6, 2.6, 237.0
20210408142947.81, 121.6, 2.6, 237.0
20210408142948.89, 121.7, 2.6, 242.0
20210408142949.97, 121.7, 2.6, 242.0
20210408142951.05, 121.6, 2.5, 239.0
20210408142952.1, 121.6, 2.5, 239.0
20210408142953.16, 121.6, 2.5, 235.0
20210408142954.23, 121.6, 2.5, 235.0
20210408142955.29, 121.6, 2.5, 239.0
20210408142956.36, 121.6, 2.5, 239.0
20210408142957.42, 121.6, 2.5, 237.0
20210408142958.5, 121.6, 2.5, 237.0
20210408142959.57, 121.6, 2.5, 235.0
20210408143000.64, 121.6, 2.5, 235.0
20210408143001.71, 121.5, 2.5, 238.0
20210408143002.78, 121.5, 2.5, 238.0
20210408143003.84, 121.6, 2.5, 241.0
20210408143004.91, 121.6, 2.5, 241.0
20210408143005.98, 121.6, 2.5, 233.0
20210408143007.06, 121.6, 2.5, 233.0
20210408143008.12, 121.6, 2.6, 239.0
20210408143009.19, 121.6, 2.6, 239.0
20210408143010.25, 121.6, 2.6, 237.0
20210408143011.33, 121.6, 2.6, 237.0
20210408143012.4, 121.5, 2.6, 235.0
20210408143013.46, 121.5, 2.6, 235.0
20210408143014.53, 121.6, 2.6, 235.0
20210408143016.22, 121.6, 2.6, 235.0
20210408143017.27, 121.6, 2.6, 236.0
20210408143018.39, 121.6, 2.6, 236.0
20210408143019.46, 121.6, 2.6, 239.0
20210408143020.52, 121.6, 2.6, 239.0
20210408143021.59, 121.6, 2.5, 235.0
20210408143022.65, 121.6, 2.5, 235.0
20210408143023.71, 121.5, 2.5, 240.0
20210408143024.78, 121.5, 2.5, 240.0
20210408143025.84, 121.5, 2.5, 239.0
20210408143026.91, 121.5, 2.5, 239.0
20210408143027.97, 121.5, 2.5, 237.0
20210408143029.05, 121.5, 2.5, 237.0
20210408143030.11, 121.5, 2.5, 239.0
20210408143031.18, 121.5, 2.5, 239.0
20210408143032.24, 121.6, 2.5, 238.0
20210408143033.31, 121.6, 2.5, 238.0
20210408143034.36, 121.5, 2.5, 237.0
20210408143035.42, 121.5, 2.5, 237.0
20210408143036.48, 121.6, 2.6, 240.0
20210408143037.54, 121.6, 2.6, 240.0
20210408143038.61, 121.6, 2.6, 237.0
20210408143039.68, 121.6, 2.6, 237.0
20210408143040.74, 121.6, 2.6, 239.0
20210408143041.8, 121.6, 2.6, 239.0
20210408143042.86, 121.5, 2.6, 239.0
20210408143043.93, 121.5, 2.6, 239.0
20210408143044.98, 121.6, 2.6, 238.0
20210408143046.04, 121.6, 2.6, 238.0
20210408143047.1, 121.6, 2.6, 237.0
20210408143048.18, 121.6, 2.6, 237.0
20210408143049.23, 121.6, 2.6, 240.0
20210408143050.31, 121.6, 2.6, 240.0
20210408143051.37, 121.6, 2.6, 239.0
20210408143052.44, 121.6, 2.6, 239.0
20210408143053.5, 121.6, 2.6, 238.0
20210408143054.57, 121.6, 2.6, 238.0
20210408143055.64, 121.6, 2.6, 240.0
20210408143056.7, 121.6, 2.6, 240.0
20210408143057.78, 121.5, 2.6, 239.0
20210408143058.85, 121.5, 2.6, 239.0
20210408143059.91, 121.5, 2.6, 236.0
20210408143100.96, 121.5, 2.6, 236.0
20210408143102.03, 121.6, 2.6, 234.0
20210408143103.1, 121.6, 2.6, 234.0
20210408143104.15, 121.6, 2.6, 239.0
20210408143105.22, 121.6, 2.6, 239.0
20210408143106.27, 121.6, 2.6, 241.0
20210408143107.34, 121.6, 2.6, 241.0
20210408143108.39, 121.6, 2.6, 238.0
20210408143109.46, 121.6, 2.6, 238.0
20210408143110.52, 121.6, 2.6, 238.0
20210408143111.59, 121.6, 2.6, 238.0
20210408143112.66, 121.6, 2.6, 240.0
20210408143113.73, 121.6, 2.6, 240.0
20210408143114.79, 121.6, 2.6, 238.0
20210408143115.86, 121.6, 2.6, 238.0
20210408143116.93, 121.6, 2.6, 239.0
20210408143117.99, 121.6, 2.6, 239.0
20210408143119.06, 121.6, 2.6, 239.0
20210408143120.13, 121.6, 2.6, 239.0
20210408143121.2, 121.6, 2.6, 239.0
20210408143122.26, 121.6, 2.6, 239.0
20210408143123.33, 121.6, 2.6, 237.0
20210408143124.39, 121.6, 2.6, 237.0
20210408143125.45, 121.6, 2.6, 240.0
20210408143126.52, 121.6, 2.6, 240.0
20210408143127.59, 121.5, 2.6, 234.0
20210408143128.66, 121.5, 2.6, 234.0
20210408143129.73, 121.5, 2.6, 239.0
20210408143130.8, 121.5, 2.6, 234.0
20210408143131.96, 121.6, 2.6, 234.0
20210408143133.04, 121.5, 2.6, 235.0
20210408143134.11, 121.5, 2.6, 235.0
20210408143135.17, 121.5, 2.6, 236.0
20210408143136.23, 121.5, 2.6, 236.0
20210408143137.29, 121.5, 2.6, 237.0
20210408143138.35, 121.5, 2.6, 237.0
20210408143139.42, 121.6, 2.6, 237.0
20210408143140.49, 121.6, 2.6, 237.0
20210408143141.55, 121.6, 2.6, 237.0
20210408143142.63, 121.6, 2.6, 237.0
20210408143143.7, 121.6, 2.6, 237.0
20210408143144.75, 121.6, 2.6, 237.0
20210408143145.82, 121.6, 2.6, 238.0
20210408143146.89, 121.6, 2.6, 238.0
20210408143147.96, 121.6, 2.6, 236.0
20210408143149.04, 121.6, 2.6, 236.0
20210408143150.12, 121.6, 2.6, 236.0
20210408143151.19, 121.6, 2.6, 236.0
20210408143152.27, 121.6, 2.6, 239.0
20210408143153.34, 121.6, 2.6, 239.0
20210408143154.41, 121.6, 2.5, 238.0
20210408143155.47, 121.6, 2.5, 238.0
20210408143156.54, 121.5, 2.5, 239.0
20210408143157.62, 121.5, 2.5, 239.0
20210408143158.7, 121.6, 2.5, 235.0
20210408143159.77, 121.6, 2.5, 235.0
20210408143200.84, 121.6, 2.5, 240.0
20210408143201.91, 121.6, 2.5, 240.0
20210408143202.98, 121.6, 2.5, 239.0
20210408143204.05, 121.6, 2.5, 239.0
20210408143205.11, 121.6, 2.5, 239.0
20210408143206.18, 121.6, 2.5, 239.0
20210408143207.25, 121.6, 2.5, 238.0
20210408143208.34, 121.6, 2.5, 238.0
20210408143209.39, 121.6, 2.5, 240.0
20210408143210.45, 121.6, 2.5, 240.0
20210408143211.51, 121.6, 2.5, 238.0
20210408143212.58, 121.6, 2.5, 238.0
20210408143213.66, 121.5, 2.5, 237.0
20210408143214.73, 121.5, 2.5, 237.0
20210408143215.8, 121.6, 2.5, 241.0
20210408143216.88, 121.6, 2.5, 241.0
20210408143217.95, 121.6, 2.5, 238.0
20210408143219.03, 121.6, 2.5, 238.0
20210408143220.09, 121.6, 2.5, 237.0
20210408143221.16, 121.6, 2.5, 239.0
20210408143222.34, 121.6, 2.5, 239.0
20210408143223.41, 121.6, 2.5, 241.0
20210408143224.48, 121.6, 2.5, 241.0
20210408143225.55, 121.6, 2.5, 237.0
20210408143226.61, 121.6, 2.5, 237.0
20210408143227.68, 121.6, 2.5, 236.0
20210408143228.76, 121.6, 2.5, 236.0
20210408143229.82, 121.6, 2.5, 241.0
20210408143230.89, 121.6, 2.5, 241.0
20210408143231.96, 121.6, 2.5, 239.0
20210408143233.03, 121.6, 2.5, 239.0
20210408143234.1, 121.6, 2.5, 234.0
20210408143235.18, 121.6, 2.5, 234.0
20210408143236.23, 121.6, 2.5, 237.0
20210408143237.29, 121.6, 2.5, 237.0
20210408143238.34, 121.6, 2.5, 239.0
20210408143239.41, 121.6, 2.5, 239.0
20210408143240.47, 121.6, 2.5, 238.0
20210408143241.54, 121.6, 2.5, 238.0
20210408143242.6, 121.5, 2.5, 239.0
20210408143243.66, 121.5, 2.5, 239.0
20210408143244.72, 121.5, 2.5, 239.0
20210408143245.77, 121.5, 2.5, 239.0
20210408143246.83, 121.5, 2.5, 238.0
20210408143247.9, 121.5, 2.5, 238.0
20210408143248.98, 121.5, 2.5, 237.0
20210408143250.04, 121.5, 2.5, 237.0
20210408143251.11, 121.5, 2.5, 240.0
20210408143252.18, 121.5, 2.5, 240.0
20210408143253.23, 121.5, 2.5, 236.0
20210408143254.3, 121.5, 2.5, 236.0
20210408143255.36, 121.6, 2.6, 238.0
20210408143256.42, 121.6, 2.6, 238.0
20210408143257.48, 121.5, 2.6, 235.0
20210408143258.55, 121.5, 2.6, 235.0
20210408143259.62, 121.5, 2.6, 239.0
20210408143300.69, 121.5, 2.6, 239.0
20210408143301.76, 121.5, 2.6, 239.0
20210408143302.83, 121.5, 2.6, 239.0
20210408143303.9, 121.5, 2.6, 236.0
20210408143304.97, 121.5, 2.6, 236.0
20210408143306.03, 121.4, 2.6, 239.0
20210408143307.1, 121.4, 2.6, 239.0
20210408143308.15, 121.5, 2.6, 238.0
20210408143309.22, 121.5, 2.6, 239.0
20210408143310.36, 121.5, 2.5, 239.0
20210408143311.43, 121.6, 2.5, 239.0
20210408143312.5, 121.6, 2.5, 239.0
20210408143313.57, 121.6, 2.5, 239.0
20210408143314.64, 121.6, 2.5, 239.0
20210408143315.71, 121.6, 2.5, 239.0
20210408143316.78, 121.6, 2.5, 239.0
20210408143317.85, 121.6, 2.5, 237.0
20210408143318.91, 121.6, 2.5, 237.0
20210408143319.97, 121.5, 2.5, 237.0
20210408143321.04, 121.5, 2.5, 237.0
20210408143322.12, 121.6, 2.5, 238.0
20210408143323.18, 121.6, 2.5, 238.0
20210408143324.24, 121.5, 2.6, 237.0
20210408143325.3, 121.5, 2.6, 237.0
20210408143326.36, 121.6, 2.6, 240.0
20210408143327.41, 121.6, 2.6, 240.0
20210408143328.46, 121.6, 2.6, 240.0
20210408143329.52, 121.6, 2.6, 240.0
20210408143330.58, 121.6, 2.6, 240.0
20210408143331.66, 121.6, 2.6, 240.0
20210408143332.73, 121.5, 2.6, 239.0
20210408143333.8, 121.5, 2.6, 239.0
20210408143334.87, 121.6, 2.6, 237.0
20210408143335.93, 121.6, 2.6, 237.0
20210408143336.99, 121.6, 2.6, 240.0
20210408143338.05, 121.6, 2.6, 240.0
20210408143339.1, 121.6, 2.6, 236.0
20210408143340.17, 121.6, 2.6, 236.0
20210408143341.22, 121.6, 2.6, 238.0
20210408143342.29, 121.6, 2.6, 238.0
20210408143343.34, 121.6, 2.6, 239.0
20210408143344.39, 121.6, 2.6, 239.0
20210408143345.44, 121.6, 2.6, 242.0
20210408143346.5, 121.6, 2.6, 242.0
20210408143347.55, 121.6, 2.6, 237.0
20210408143348.62, 121.6, 2.6, 237.0
20210408143349.67, 121.6, 2.6, 239.0
20210408143350.73, 121.6, 2.6, 239.0
20210408143351.78, 121.6, 2.6, 237.0
20210408143352.86, 121.6, 2.6, 237.0
20210408143353.91, 121.6, 2.6, 236.0
20210408143354.97, 121.6, 2.6, 236.0
20210408143356.04, 121.6, 2.5, 236.0
20210408143357.09, 121.6, 2.5, 236.0
20210408143358.16, 121.6, 2.5, 237.0
20210408143359.23, 121.6, 2.5, 237.0
20210408143400.29, 121.6, 2.5, 240.0
20210408143401.36, 121.6, 2.5, 240.0
20210408143402.42, 121.6, 2.5, 236.0
20210408143403.48, 121.6, 2.5, 236.0
20210408143404.55, 121.6, 2.5, 240.0
20210408143405.63, 121.7, 2.5, 241.0
20210408143406.78, 121.7, 2.5, 241.0
20210408143407.85, 121.6, 2.5, 236.0
20210408143408.92, 121.6, 2.5, 236.0
20210408143409.98, 121.6, 2.5, 240.0
20210408143411.06, 121.6, 2.5, 240.0
20210408143412.12, 121.5, 2.6, 238.0
20210408143413.19, 121.5, 2.6, 238.0
20210408143414.26, 121.6, 2.6, 237.0
20210408143415.34, 121.6, 2.6, 237.0
20210408143416.41, 121.6, 2.6, 239.0
20210408143417.47, 121.6, 2.6, 239.0
20210408143418.54, 121.6, 2.6, 241.0
20210408143419.61, 121.6, 2.6, 241.0
20210408143420.67, 121.5, 2.6, 238.0
20210408143421.75, 121.5, 2.6, 238.0
20210408143422.82, 121.5, 2.6, 237.0
20210408143423.88, 121.5, 2.6, 237.0
20210408143424.95, 121.5, 2.6, 237.0
20210408143426.02, 121.5, 2.6, 237.0
20210408143427.07, 121.5, 2.5, 242.0
20210408143428.12, 121.5, 2.5, 242.0
20210408143429.18, 121.5, 2.5, 236.0
20210408143430.23, 121.5, 2.5, 236.0
20210408143431.29, 121.4, 2.5, 234.0
20210408143432.36, 121.4, 2.5, 234.0
20210408143433.43, 121.5, 2.5, 236.0
20210408143434.5, 121.5, 2.5, 236.0
20210408143435.56, 121.6, 2.5, 240.0
20210408143436.63, 121.6, 2.5, 240.0
20210408143437.69, 121.5, 2.5, 237.0
20210408143438.76, 121.5, 2.5, 237.0
20210408143439.83, 121.5, 2.5, 239.0
20210408143440.9, 121.5, 2.5, 239.0
20210408143441.96, 121.6, 2.8000000000000003, 235.0
20210408143443.03, 121.6, 2.8000000000000003, 235.0
20210408143444.09, 121.6, 2.8000000000000003, 239.0
20210408143445.16, 121.6, 2.8000000000000003, 239.0
20210408143446.23, 121.5, 2.8000000000000003, 235.0
20210408143447.3, 121.5, 2.8000000000000003, 235.0
20210408143448.36, 121.6, 2.8000000000000003, 239.0
20210408143449.42, 121.6, 2.8000000000000003, 239.0
20210408143450.48, 121.6, 2.8000000000000003, 238.0
20210408143451.68, 121.5, 2.8000000000000003, 237.0
20210408143452.75, 121.5, 2.8000000000000003, 237.0
20210408143453.82, 121.5, 2.8000000000000003, 237.0
20210408143454.89, 121.5, 2.8000000000000003, 237.0
20210408143455.96, 121.6, 2.8000000000000003, 237.0
20210408143457.02, 121.6, 2.8000000000000003, 237.0
20210408143458.09, 121.6, 2.6, 239.0
20210408143459.17, 121.6, 2.6, 239.0
20210408143500.24, 121.5, 2.6, 237.0
20210408143501.32, 121.5, 2.6, 237.0
20210408143502.38, 121.5, 2.6, 236.0
20210408143503.45, 121.5, 2.6, 236.0
20210408143504.52, 121.5, 2.6, 239.0
20210408143505.59, 121.5, 2.6, 239.0
20210408143506.66, 121.6, 2.6, 237.0
20210408143507.73, 121.6, 2.6, 237.0
20210408143508.8, 121.5, 2.6, 234.0
20210408143509.88, 121.5, 2.6, 234.0
20210408143510.96, 121.6, 2.6, 235.0
20210408143512.02, 121.6, 2.6, 235.0
20210408143513.09, 121.5, 2.6, 236.0
20210408143514.17, 121.5, 2.6, 236.0
20210408143515.23, 121.5, 2.6, 234.0
20210408143516.32, 121.5, 2.6, 234.0
20210408143517.39, 121.6, 2.6, 236.0
20210408143518.45, 121.6, 2.6, 236.0
20210408143519.52, 121.6, 2.6, 239.0
20210408143520.6, 121.6, 2.6, 239.0
20210408143521.67, 121.6, 2.6, 240.0
20210408143522.76, 121.6, 2.6, 240.0
20210408143523.83, 121.5, 2.6, 237.0
20210408143524.91, 121.5, 2.6, 237.0
20210408143525.98, 121.5, 2.6, 237.0
20210408143527.05, 121.5, 2.6, 237.0
20210408143528.12, 121.5, 2.6, 237.0
20210408143529.18, 121.5, 2.6, 237.0
20210408143530.25, 121.5, 2.6, 239.0
20210408143531.42, 121.5, 2.6, 237.0
20210408143532.49, 121.5, 2.6, 237.0
20210408143533.55, 121.5, 2.6, 242.0
20210408143534.63, 121.5, 2.6, 242.0
20210408143535.71, 121.5, 2.6, 242.0
20210408143536.77, 121.5, 2.6, 242.0
20210408143537.83, 121.5, 2.6, 236.0
20210408143538.9, 121.5, 2.6, 236.0
20210408143539.98, 121.6, 2.6, 237.0
20210408143541.05, 121.6, 2.6, 237.0
20210408143542.12, 121.5, 2.5, 238.0
20210408143543.2, 121.5, 2.5, 238.0
20210408143544.26, 121.5, 2.5, 237.0
20210408143545.33, 121.5, 2.5, 237.0
20210408143546.39, 121.6, 2.5, 238.0
20210408143547.45, 121.6, 2.5, 238.0
20210408143548.52, 121.6, 2.5, 236.0
20210408143549.61, 121.6, 2.5, 236.0
20210408143550.69, 121.5, 2.5, 235.0
20210408143551.77, 121.5, 2.5, 235.0
20210408143552.84, 121.5, 2.5, 239.0
20210408143553.91, 121.5, 2.5, 239.0
20210408143554.98, 121.5, 2.5, 236.0
20210408143556.05, 121.5, 2.5, 236.0
20210408143557.12, 121.5, 2.5, 239.0
20210408143558.19, 121.5, 2.5, 239.0
20210408143559.27, 121.5, 2.4000000000000004, 234.0
20210408143600.34, 121.5, 2.4000000000000004, 234.0
20210408143601.41, 121.5, 2.4000000000000004, 239.0
20210408143602.48, 121.5, 2.4000000000000004, 239.0
20210408143603.55, 121.5, 2.4000000000000004, 239.0
20210408143604.63, 121.5, 2.4000000000000004, 239.0
20210408143605.7, 121.5, 2.4000000000000004, 234.0
20210408143606.78, 121.5, 2.4000000000000004, 234.0
20210408143607.86, 121.5, 2.4000000000000004, 240.0
20210408143608.92, 121.5, 2.4000000000000004, 240.0
20210408143610.0, 121.5, 2.4000000000000004, 235.0
20210408143611.07, 121.5, 2.4000000000000004, 235.0
20210408143612.14, 121.5, 2.4000000000000004, 237.0
20210408143613.21, 121.5, 2.5, 237.0
20210408143614.35, 121.5, 2.5, 237.0
20210408143615.41, 121.4, 2.5, 238.0
20210408143616.48, 121.4, 2.5, 238.0
20210408143617.55, 121.4, 2.5, 237.0
20210408143618.61, 121.4, 2.5, 237.0
20210408143619.68, 121.5, 2.5, 242.0
20210408143620.75, 121.5, 2.5, 242.0
20210408143621.82, 121.4, 2.5, 241.0
20210408143622.9, 121.4, 2.5, 241.0
20210408143623.95, 121.4, 2.5, 237.0
20210408143625.02, 121.4, 2.5, 237.0
20210408143626.08, 121.4, 2.5, 238.0
20210408143627.15, 121.4, 2.5, 238.0
20210408143628.2, 121.4, 2.5, 238.0
20210408143629.26, 121.4, 2.5, 238.0
20210408143630.31, 121.5, 2.5, 239.0
20210408143631.38, 121.5, 2.5, 239.0
20210408143632.44, 121.5, 2.5, 240.0
20210408143633.5, 121.5, 2.5, 240.0
20210408143634.56, 121.5, 2.5, 240.0
20210408143635.61, 121.5, 2.5, 240.0
20210408143636.68, 121.4, 2.5, 241.0
20210408143637.75, 121.4, 2.5, 241.0
20210408143638.82, 121.4, 2.5, 239.0
20210408143639.89, 121.4, 2.5, 239.0
20210408143640.96, 121.4, 2.5, 239.0
20210408143642.03, 121.4, 2.5, 239.0
20210408143643.11, 121.5, 2.6, 240.0
20210408143644.18, 121.5, 2.6, 240.0
20210408143645.24, 121.4, 2.6, 240.0
20210408143646.3, 121.4, 2.6, 240.0
20210408143647.37, 121.4, 2.6, 237.0
20210408143648.44, 121.4, 2.6, 237.0
20210408143649.51, 121.4, 2.6, 236.0
20210408143650.58, 121.4, 2.6, 236.0
20210408143651.64, 121.4, 2.6, 240.0
20210408143652.71, 121.4, 2.6, 240.0
20210408143653.77, 121.4, 2.6, 241.0
20210408143654.85, 121.4, 2.6, 241.0
20210408143655.91, 121.4, 2.6, 237.0
20210408143656.98, 121.4, 2.6, 237.0
20210408143658.04, 121.4, 2.6, 237.0
20210408143659.11, 121.4, 2.6, 237.0
20210408143700.17, 121.4, 2.5, 237.0
20210408143701.22, 121.4, 2.5, 237.0
20210408143702.29, 121.5, 2.5, 239.0
20210408143703.36, 121.5, 2.5, 239.0
20210408143704.43, 121.5, 2.5, 236.0
20210408143705.5, 121.5, 2.5, 239.0
20210408143706.65, 121.5, 2.5, 239.0
20210408143707.71, 121.6, 2.5, 239.0
20210408143708.77, 121.6, 2.5, 239.0
20210408143709.83, 121.6, 2.5, 237.0
20210408143710.9, 121.6, 2.5, 237.0
20210408143711.97, 121.5, 2.5, 237.0
20210408143713.04, 121.5, 2.5, 237.0
20210408143714.09, 121.5, 2.5, 237.0
20210408143715.16, 121.5, 2.5, 237.0
20210408143716.22, 121.5, 2.5, 236.0
20210408143717.3, 121.5, 2.5, 236.0
20210408143718.36, 121.5, 2.5, 239.0
20210408143719.43, 121.5, 2.5, 239.0
20210408143720.49, 121.6, 2.5, 237.0
20210408143721.55, 121.6, 2.5, 237.0
20210408143722.62, 121.5, 2.5, 237.0
20210408143723.69, 121.5, 2.5, 237.0
20210408143724.75, 121.4, 2.5, 239.0
20210408143725.82, 121.4, 2.5, 239.0
20210408143726.88, 121.4, 2.5, 236.0
20210408143727.93, 121.4, 2.5, 236.0
20210408143729.01, 121.4, 2.6, 236.0
20210408143730.08, 121.4, 2.6, 236.0
20210408143731.15, 121.4, 2.6, 238.0
20210408143732.21, 121.4, 2.6, 238.0
20210408143733.28, 121.4, 2.6, 237.0
20210408143734.34, 121.4, 2.6, 237.0
20210408143735.41, 121.4, 2.6, 238.0
20210408143736.49, 121.4, 2.6, 238.0
20210408143737.55, 121.4, 2.6, 236.0
20210408143738.62, 121.4, 2.6, 236.0
20210408143739.68, 121.4, 2.6, 236.0
20210408143740.76, 121.4, 2.6, 236.0
20210408143741.82, 121.4, 2.6, 237.0
20210408143742.89, 121.4, 2.6, 237.0
20210408143743.97, 121.4, 2.6, 239.0
20210408143745.04, 121.4, 2.6, 239.0
20210408143746.09, 121.5, 2.6, 239.0
20210408143747.14, 121.5, 2.6, 239.0
20210408143748.21, 121.4, 2.6, 239.0
20210408143749.28, 121.4, 2.6, 239.0
20210408143750.35, 121.4, 2.6, 237.0
20210408143751.42, 121.4, 2.6, 237.0
20210408143752.48, 121.4, 2.6, 240.0
20210408143753.55, 121.4, 2.6, 240.0
20210408143754.62, 121.4, 2.6, 242.0
20210408143755.8, 121.4, 2.6, 237.0
20210408143756.89, 121.4, 2.6, 237.0
20210408143757.95, 121.4, 2.6, 238.0
20210408143759.04, 121.4, 2.6, 238.0
20210408143800.11, 121.4, 2.5, 238.0
20210408143801.19, 121.4, 2.5, 238.0
20210408143802.25, 121.4, 2.5, 237.0
20210408143803.34, 121.4, 2.5, 237.0
20210408143804.4, 121.5, 2.5, 240.0
20210408143805.48, 121.5, 2.5, 240.0
20210408143806.55, 121.5, 2.5, 242.0
20210408143807.63, 121.5, 2.5, 242.0
20210408143808.69, 121.5, 2.5, 239.0
20210408143809.77, 121.5, 2.5, 239.0
20210408143810.84, 121.5, 2.5, 239.0
20210408143811.92, 121.5, 2.5, 239.0
20210408143812.99, 121.5, 2.5, 235.0
20210408143814.06, 121.5, 2.5, 235.0
20210408143815.13, 121.5, 2.6, 236.0
20210408143816.2, 121.5, 2.6, 236.0
20210408143817.27, 121.4, 2.6, 238.0
20210408143818.34, 121.4, 2.6, 238.0
20210408143819.4, 121.4, 2.6, 239.0
20210408143820.48, 121.4, 2.6, 239.0
20210408143821.54, 121.4, 2.6, 236.0
20210408143822.61, 121.4, 2.6, 236.0
20210408143823.67, 121.4, 2.6, 237.0
20210408143824.74, 121.4, 2.6, 237.0
20210408143825.8, 121.4, 2.6, 239.0
20210408143826.87, 121.4, 2.6, 239.0
20210408143827.94, 121.4, 2.6, 234.0
