time,voltage,current,power
20210330150000.51, 120.8, 2.6999999999999997, 277.0
20210330150001.67, 120.8, 2.6999999999999997, 277.0
20210330150002.73, 120.8, 2.6999999999999997, 276.0
20210330150003.79, 120.8, 2.6999999999999997, 276.0
20210330150004.84, 120.8, 2.6999999999999997, 277.0
20210330150005.9, 120.8, 2.6999999999999997, 277.0
20210330150006.96, 120.8, 2.6999999999999997, 276.0
20210330150008.02, 120.8, 2.6999999999999997, 276.0
20210330150009.08, 120.8, 2.6999999999999997, 273.0
20210330150010.14, 120.8, 2.6999999999999997, 273.0
20210330150011.21, 120.9, 2.6999999999999997, 275.0
20210330150012.27, 120.9, 2.6999999999999997, 275.0
20210330150013.33, 120.8, 2.6999999999999997, 278.0
20210330150014.39, 120.8, 2.6999999999999997, 278.0
20210330150015.45, 120.9, 2.8, 278.0
20210330150016.52, 120.9, 2.8, 278.0
20210330150017.59, 120.9, 2.8, 276.0
20210330150018.65, 120.9, 2.8, 276.0
20210330150019.71, 121.0, 2.8, 277.0
20210330150020.77, 121.0, 2.8, 277.0
20210330150021.83, 120.9, 2.8, 274.0
20210330150022.9, 120.9, 2.8, 274.0
20210330150023.96, 120.9, 2.8, 275.0
20210330150025.03, 120.9, 2.8, 275.0
20210330150026.09, 120.9, 2.8, 274.0
20210330150027.17, 120.9, 2.8, 274.0
20210330150028.23, 121.0, 2.8, 275.0
20210330150029.29, 121.0, 2.8, 275.0
20210330150030.36, 121.0, 2.8, 277.0
20210330150031.42, 121.0, 2.8, 277.0
20210330150032.49, 120.9, 2.8, 276.0
20210330150033.55, 120.9, 2.8, 276.0
20210330150034.61, 120.9, 2.8, 277.0
20210330150035.69, 120.9, 2.8, 277.0
20210330150036.75, 121.0, 2.8, 275.0
20210330150037.82, 121.0, 2.8, 275.0
20210330150038.88, 120.9, 2.8, 275.0
20210330150039.94, 120.9, 2.8, 275.0
20210330150041.0, 120.9, 2.8, 276.0
20210330150042.06, 120.9, 2.8, 276.0
20210330150043.14, 120.9, 2.8, 277.0
20210330150044.2, 120.9, 2.8, 277.0
20210330150045.27, 120.8, 2.8, 277.0
20210330150046.33, 120.8, 2.8, 277.0
20210330150047.4, 120.8, 2.8, 277.0
20210330150048.48, 120.8, 2.8, 277.0
20210330150049.54, 120.8, 2.8, 280.0
20210330150050.6, 120.8, 2.8, 280.0
20210330150051.67, 120.8, 2.8, 275.0
20210330150052.84, 120.8, 2.8, 277.0
20210330150053.91, 120.8, 2.8, 277.0
20210330150054.96, 120.8, 2.8, 276.0
20210330150056.02, 120.8, 2.8, 276.0
20210330150057.08, 120.8, 2.8, 276.0
20210330150058.14, 120.8, 2.8, 276.0
20210330150059.19, 120.8, 2.8, 276.0
20210330150100.25, 120.8, 2.8, 276.0
20210330150101.31, 120.8, 2.8, 278.0
20210330150102.37, 120.8, 2.8, 278.0
20210330150103.45, 120.9, 2.8, 278.0
20210330150104.51, 120.9, 2.8, 278.0
20210330150105.57, 120.9, 2.8, 273.0
20210330150106.64, 120.9, 2.8, 273.0
20210330150107.7, 120.9, 2.8, 277.0
20210330150108.77, 120.9, 2.8, 277.0
20210330150109.82, 120.9, 2.8, 279.0
20210330150110.89, 120.9, 2.8, 279.0
20210330150111.95, 121.0, 2.8, 275.0
20210330150113.02, 121.0, 2.8, 275.0
20210330150114.08, 121.0, 2.8, 275.0
20210330150115.15, 121.0, 2.8, 275.0
20210330150116.21, 120.9, 2.8, 277.0
20210330150117.27, 120.9, 2.8, 277.0
20210330150118.33, 120.9, 2.8, 275.0
20210330150119.4, 120.9, 2.8, 275.0
20210330150120.46, 120.9, 2.8, 275.0
20210330150121.52, 120.9, 2.8, 275.0
20210330150122.57, 120.9, 2.8, 276.0
20210330150123.62, 120.9, 2.8, 276.0
20210330150124.68, 120.9, 2.8, 279.0
20210330150125.75, 120.9, 2.8, 279.0
20210330150126.8, 120.9, 2.8, 275.0
20210330150127.86, 120.9, 2.8, 275.0
20210330150128.93, 121.0, 2.8, 275.0
20210330150129.99, 121.0, 2.8, 275.0
20210330150131.04, 120.9, 2.8, 276.0
20210330150132.1, 120.9, 2.8, 276.0
20210330150133.16, 120.9, 2.6999999999999997, 276.0
20210330150134.22, 120.9, 2.6999999999999997, 276.0
20210330150135.28, 120.9, 2.6999999999999997, 275.0
20210330150136.34, 120.9, 2.6999999999999997, 275.0
20210330150137.39, 120.9, 2.6999999999999997, 277.0
20210330150138.46, 120.9, 2.6999999999999997, 277.0
20210330150139.52, 120.8, 2.6999999999999997, 276.0
20210330150140.59, 120.8, 2.6999999999999997, 276.0
20210330150141.64, 120.8, 2.6999999999999997, 277.0
20210330150142.71, 120.8, 2.6999999999999997, 277.0
20210330150143.77, 120.8, 2.6999999999999997, 274.0
20210330150144.85, 120.8, 2.6999999999999997, 274.0
20210330150145.91, 120.8, 2.6999999999999997, 275.0
20210330150146.97, 120.8, 2.6999999999999997, 275.0
20210330150148.04, 120.8, 2.6999999999999997, 275.0
20210330150149.09, 120.8, 2.6999999999999997, 275.0
20210330150150.16, 120.8, 2.6999999999999997, 275.0
20210330150151.32, 120.8, 2.6999999999999997, 275.0
20210330150152.38, 120.8, 2.6999999999999997, 275.0
20210330150153.43, 120.8, 2.6999999999999997, 278.0
20210330150154.5, 120.8, 2.6999999999999997, 278.0
20210330150155.55, 120.9, 2.6999999999999997, 276.0
20210330150156.62, 120.9, 2.6999999999999997, 276.0
20210330150157.68, 120.8, 2.6999999999999997, 275.0
20210330150158.75, 120.8, 2.6999999999999997, 275.0
20210330150159.82, 120.9, 2.6999999999999997, 280.0
20210330150200.88, 120.9, 2.6999999999999997, 280.0
20210330150201.95, 120.9, 2.6999999999999997, 274.0
20210330150203.0, 120.9, 2.6999999999999997, 274.0
20210330150204.07, 120.9, 2.6999999999999997, 275.0
20210330150205.13, 120.9, 2.6999999999999997, 275.0
20210330150206.18, 120.9, 2.6999999999999997, 276.0
20210330150207.25, 120.9, 2.6999999999999997, 276.0
20210330150208.31, 120.9, 2.6999999999999997, 275.0
20210330150209.37, 120.9, 2.6999999999999997, 275.0
20210330150210.43, 121.0, 2.6999999999999997, 274.0
20210330150211.5, 121.0, 2.6999999999999997, 274.0
20210330150212.58, 121.0, 2.6999999999999997, 274.0
20210330150213.64, 121.0, 2.6999999999999997, 274.0
20210330150214.7, 120.9, 2.6999999999999997, 274.0
20210330150215.76, 120.9, 2.6999999999999997, 274.0
20210330150216.82, 120.9, 2.6999999999999997, 279.0
20210330150217.88, 120.9, 2.6999999999999997, 279.0
20210330150218.94, 120.9, 2.6999999999999997, 275.0
20210330150220.0, 120.9, 2.6999999999999997, 275.0
20210330150221.06, 121.0, 2.6999999999999997, 278.0
20210330150222.12, 121.0, 2.6999999999999997, 278.0
20210330150223.18, 121.0, 2.6999999999999997, 277.0
20210330150224.24, 121.0, 2.6999999999999997, 277.0
20210330150225.3, 120.9, 2.6999999999999997, 277.0
20210330150226.36, 120.9, 2.6999999999999997, 277.0
20210330150227.42, 120.9, 2.6999999999999997, 275.0
20210330150228.47, 120.9, 2.6999999999999997, 275.0
20210330150229.53, 120.9, 2.6999999999999997, 277.0
20210330150230.59, 120.9, 2.6999999999999997, 277.0
20210330150231.66, 120.9, 2.6999999999999997, 275.0
20210330150232.71, 120.9, 2.6999999999999997, 275.0
20210330150233.77, 120.9, 2.6999999999999997, 274.0
20210330150234.83, 120.9, 2.6999999999999997, 274.0
20210330150235.88, 120.9, 2.6999999999999997, 274.0
20210330150236.95, 120.9, 2.6999999999999997, 274.0
20210330150238.01, 120.9, 2.6999999999999997, 275.0
20210330150239.07, 120.9, 2.6999999999999997, 275.0
20210330150240.12, 120.9, 2.6999999999999997, 275.0
20210330150241.2, 120.9, 2.6999999999999997, 275.0
20210330150242.26, 120.9, 2.6999999999999997, 274.0
20210330150243.31, 120.9, 2.6999999999999997, 274.0
20210330150244.37, 120.9, 2.6999999999999997, 278.0
20210330150245.43, 120.9, 2.6999999999999997, 278.0
20210330150246.48, 120.9, 2.6999999999999997, 279.0
20210330150247.55, 120.9, 2.6999999999999997, 279.0
20210330150248.59, 120.9, 2.6999999999999997, 275.0
20210330150249.78, 120.8, 2.6999999999999997, 275.0
20210330150250.85, 120.8, 2.6999999999999997, 275.0
20210330150251.92, 120.8, 2.8, 277.0
20210330150253.0, 120.8, 2.8, 277.0
20210330150254.05, 120.8, 2.8, 277.0
20210330150255.12, 120.8, 2.8, 277.0
20210330150256.18, 120.8, 2.8, 279.0
20210330150257.24, 120.8, 2.8, 279.0
20210330150258.3, 120.8, 2.8, 275.0
20210330150259.36, 120.8, 2.8, 275.0
20210330150300.42, 120.9, 2.8, 274.0
20210330150301.48, 120.9, 2.8, 274.0
20210330150302.55, 120.8, 2.8, 276.0
20210330150303.61, 120.8, 2.8, 276.0
20210330150304.67, 120.8, 2.8, 274.0
20210330150305.74, 120.8, 2.8, 274.0
20210330150306.8, 120.8, 2.8, 277.0
20210330150307.85, 120.8, 2.8, 277.0
20210330150308.91, 120.8, 2.8, 280.0
20210330150309.98, 120.8, 2.8, 280.0
20210330150311.04, 120.9, 2.8, 278.0
20210330150312.1, 120.9, 2.8, 278.0
20210330150313.16, 120.9, 2.8, 278.0
20210330150314.22, 120.9, 2.8, 278.0
20210330150315.27, 120.9, 2.8, 276.0
20210330150316.33, 120.9, 2.8, 276.0
20210330150317.39, 120.9, 2.8, 279.0
20210330150318.45, 120.9, 2.8, 279.0
20210330150319.51, 120.9, 2.8, 279.0
20210330150320.58, 120.9, 2.8, 279.0
20210330150321.64, 121.0, 2.8, 279.0
20210330150322.7, 121.0, 2.8, 279.0
20210330150323.75, 120.9, 2.8, 277.0
20210330150324.81, 120.9, 2.8, 277.0
20210330150325.86, 120.9, 2.8, 279.0
20210330150326.92, 120.9, 2.8, 279.0
20210330150327.98, 120.9, 2.8, 280.0
20210330150329.05, 120.9, 2.8, 280.0
20210330150330.11, 120.9, 2.6999999999999997, 280.0
20210330150331.16, 120.9, 2.6999999999999997, 280.0
20210330150332.22, 120.9, 2.6999999999999997, 274.0
20210330150333.27, 120.9, 2.6999999999999997, 274.0
20210330150334.35, 120.9, 2.6999999999999997, 278.0
20210330150335.42, 120.9, 2.6999999999999997, 278.0
20210330150336.47, 120.8, 2.6999999999999997, 277.0
20210330150337.53, 120.8, 2.6999999999999997, 277.0
20210330150338.59, 120.9, 2.6999999999999997, 275.0
20210330150339.65, 120.9, 2.6999999999999997, 275.0
20210330150340.72, 120.8, 2.6999999999999997, 275.0
20210330150341.77, 120.8, 2.6999999999999997, 275.0
20210330150342.83, 120.8, 2.6999999999999997, 275.0
20210330150343.89, 120.8, 2.6999999999999997, 275.0
20210330150344.95, 120.9, 2.6999999999999997, 275.0
20210330150346.03, 120.9, 2.6999999999999997, 275.0
20210330150347.09, 120.8, 2.6999999999999997, 275.0
20210330150348.26, 120.8, 2.6999999999999997, 276.0
20210330150349.33, 120.8, 2.6999999999999997, 276.0
20210330150350.38, 120.8, 2.6999999999999997, 277.0
20210330150351.45, 120.8, 2.6999999999999997, 277.0
20210330150352.52, 120.8, 2.6999999999999997, 275.0
20210330150353.59, 120.8, 2.6999999999999997, 275.0
20210330150354.66, 120.8, 2.6999999999999997, 276.0
20210330150355.73, 120.8, 2.6999999999999997, 276.0
20210330150356.82, 120.8, 2.6999999999999997, 277.0
20210330150357.88, 120.8, 2.6999999999999997, 277.0
20210330150358.95, 120.8, 2.6999999999999997, 274.0
20210330150400.01, 120.8, 2.6999999999999997, 274.0
20210330150401.07, 120.8, 2.6999999999999997, 277.0
20210330150402.13, 120.8, 2.6999999999999997, 277.0
20210330150403.19, 120.9, 2.6999999999999997, 277.0
20210330150404.25, 120.9, 2.6999999999999997, 277.0
20210330150405.31, 120.8, 2.6999999999999997, 277.0
20210330150406.37, 120.8, 2.6999999999999997, 277.0
20210330150407.43, 120.9, 2.6999999999999997, 280.0
20210330150408.5, 120.9, 2.6999999999999997, 280.0
20210330150409.56, 120.9, 2.8, 275.0
20210330150410.62, 120.9, 2.8, 275.0
20210330150411.68, 120.8, 2.8, 277.0
20210330150412.74, 120.8, 2.8, 277.0
20210330150413.81, 120.9, 2.8, 277.0
20210330150414.89, 120.9, 2.8, 277.0
20210330150415.96, 120.9, 2.8, 277.0
20210330150417.02, 120.9, 2.8, 277.0
20210330150418.07, 120.9, 2.8, 277.0
20210330150419.15, 120.9, 2.8, 277.0
20210330150420.23, 120.9, 2.8, 272.0
20210330150421.3, 120.9, 2.8, 272.0
20210330150422.36, 120.9, 2.8, 280.0
20210330150423.43, 120.9, 2.8, 280.0
20210330150424.48, 121.0, 2.8, 275.0
20210330150425.54, 121.0, 2.8, 275.0
20210330150426.61, 121.0, 2.8, 274.0
20210330150427.68, 121.0, 2.8, 274.0
20210330150428.74, 121.0, 2.8, 277.0
20210330150429.81, 121.0, 2.8, 277.0
20210330150430.88, 120.9, 2.8, 276.0
20210330150431.95, 120.9, 2.8, 276.0
20210330150433.02, 120.9, 2.8, 275.0
20210330150434.2, 120.9, 2.8, 278.0
20210330150435.27, 120.9, 2.8, 278.0
20210330150436.33, 120.9, 2.8, 277.0
20210330150437.39, 120.9, 2.8, 277.0
20210330150438.45, 121.0, 2.8, 277.0
20210330150439.51, 121.0, 2.8, 277.0
20210330150440.57, 120.9, 2.8, 279.0
20210330150441.63, 120.9, 2.8, 279.0
20210330150442.69, 120.9, 2.8, 277.0
20210330150443.77, 120.9, 2.8, 277.0
20210330150444.84, 120.9, 2.8, 274.0
20210330150445.91, 120.9, 2.8, 274.0
20210330150446.97, 120.9, 2.6999999999999997, 277.0
20210330150448.04, 120.9, 2.6999999999999997, 277.0
20210330150449.11, 121.0, 2.6999999999999997, 276.0
20210330150450.2, 121.0, 2.6999999999999997, 276.0
20210330150451.26, 120.9, 2.6999999999999997, 276.0
20210330150452.32, 120.9, 2.6999999999999997, 276.0
20210330150453.38, 120.9, 2.6999999999999997, 277.0
20210330150454.46, 120.9, 2.6999999999999997, 277.0
20210330150455.52, 121.0, 2.6999999999999997, 275.0
20210330150456.58, 121.0, 2.6999999999999997, 275.0
20210330150457.64, 121.0, 2.6999999999999997, 280.0
20210330150458.73, 121.0, 2.6999999999999997, 280.0
20210330150459.8, 120.9, 2.6999999999999997, 278.0
20210330150500.86, 120.9, 2.6999999999999997, 278.0
20210330150501.92, 120.9, 2.6999999999999997, 275.0
20210330150502.98, 120.9, 2.6999999999999997, 275.0
20210330150504.04, 120.9, 2.6999999999999997, 278.0
20210330150505.09, 120.9, 2.6999999999999997, 278.0
20210330150506.16, 120.9, 2.6999999999999997, 278.0
20210330150507.22, 120.9, 2.6999999999999997, 278.0
20210330150508.28, 120.9, 2.6999999999999997, 277.0
20210330150509.34, 120.9, 2.6999999999999997, 277.0
20210330150510.41, 120.9, 2.6999999999999997, 279.0
20210330150511.47, 120.9, 2.6999999999999997, 279.0
20210330150512.54, 120.9, 2.6999999999999997, 279.0
20210330150513.59, 120.9, 2.6999999999999997, 279.0
20210330150514.65, 120.9, 2.6999999999999997, 278.0
20210330150515.71, 120.9, 2.6999999999999997, 278.0
20210330150516.77, 120.9, 2.6999999999999997, 275.0
20210330150517.83, 120.9, 2.6999999999999997, 275.0
20210330150518.88, 120.9, 2.6999999999999997, 276.0
20210330150519.94, 120.9, 2.6999999999999997, 276.0
20210330150521.0, 120.9, 2.6999999999999997, 276.0
20210330150522.08, 120.9, 2.6999999999999997, 276.0
20210330150523.14, 120.9, 2.6999999999999997, 278.0
20210330150524.21, 120.9, 2.6999999999999997, 278.0
20210330150525.28, 120.9, 2.6999999999999997, 275.0
20210330150526.34, 120.8, 2.6999999999999997, 276.0
20210330150527.48, 120.8, 2.6999999999999997, 276.0
20210330150528.54, 120.9, 2.6999999999999997, 278.0
20210330150529.62, 120.9, 2.6999999999999997, 278.0
20210330150530.68, 120.9, 2.6999999999999997, 278.0
20210330150531.75, 120.9, 2.6999999999999997, 278.0
20210330150532.81, 120.9, 2.6999999999999997, 274.0
20210330150533.88, 120.9, 2.6999999999999997, 274.0
20210330150534.95, 120.9, 2.6999999999999997, 275.0
20210330150536.0, 120.9, 2.6999999999999997, 275.0
20210330150537.07, 121.0, 2.6999999999999997, 280.0
20210330150538.14, 121.0, 2.6999999999999997, 280.0
20210330150539.2, 121.0, 2.6999999999999997, 276.0
20210330150540.28, 121.0, 2.6999999999999997, 276.0
20210330150541.35, 121.0, 2.8, 279.0
20210330150542.43, 121.0, 2.8, 279.0
20210330150543.49, 121.0, 2.8, 273.0
20210330150544.57, 121.0, 2.8, 273.0
20210330150545.62, 121.0, 2.8, 277.0
20210330150546.69, 121.0, 2.8, 277.0
20210330150547.75, 121.0, 2.8, 278.0
20210330150548.82, 121.0, 2.8, 278.0
20210330150549.88, 121.0, 2.8, 280.0
20210330150550.94, 121.0, 2.8, 280.0
20210330150552.0, 121.0, 2.8, 278.0
20210330150553.06, 121.0, 2.8, 278.0
20210330150554.12, 121.0, 2.8, 275.0
20210330150555.2, 121.0, 2.8, 275.0
20210330150556.26, 121.0, 2.8, 275.0
20210330150557.33, 121.0, 2.8, 275.0
20210330150558.39, 121.0, 2.8, 276.0
20210330150559.47, 121.0, 2.8, 276.0
20210330150600.53, 121.0, 2.8, 278.0
20210330150601.61, 121.0, 2.8, 278.0
20210330150602.67, 121.0, 2.6999999999999997, 277.0
20210330150603.74, 121.0, 2.6999999999999997, 277.0
20210330150604.8, 121.0, 2.6999999999999997, 276.0
20210330150605.86, 121.0, 2.6999999999999997, 276.0
20210330150606.92, 120.9, 2.6999999999999997, 274.0
20210330150607.98, 120.9, 2.6999999999999997, 274.0
20210330150609.04, 120.9, 2.6999999999999997, 274.0
20210330150610.09, 120.9, 2.6999999999999997, 274.0
20210330150611.15, 121.0, 2.6999999999999997, 278.0
20210330150612.21, 121.0, 2.6999999999999997, 278.0
20210330150613.27, 121.0, 2.6999999999999997, 278.0
20210330150614.32, 121.0, 2.6999999999999997, 278.0
20210330150615.37, 121.0, 2.6999999999999997, 279.0
20210330150616.43, 121.0, 2.6999999999999997, 279.0
20210330150617.57, 121.1, 2.6999999999999997, 280.0
20210330150618.62, 121.0, 2.6999999999999997, 279.0
20210330150619.7, 121.0, 2.6999999999999997, 279.0
20210330150620.75, 121.0, 2.9, 275.0
20210330150621.81, 121.0, 2.9, 275.0
20210330150622.87, 121.1, 2.9, 278.0
20210330150623.93, 121.1, 2.9, 278.0
20210330150624.99, 121.0, 2.9, 279.0
20210330150626.06, 121.0, 2.9, 279.0
20210330150627.12, 121.1, 2.9, 274.0
20210330150628.18, 121.1, 2.9, 274.0
20210330150629.23, 121.0, 2.9, 277.0
20210330150630.3, 121.0, 2.9, 277.0
20210330150631.37, 121.0, 2.9, 276.0
20210330150632.45, 121.0, 2.9, 276.0
20210330150633.5, 121.0, 2.9, 276.0
20210330150634.56, 121.0, 2.9, 276.0
20210330150635.63, 121.0, 2.9, 335.0
20210330150636.69, 121.0, 2.9, 335.0
20210330150637.75, 121.0, 2.9, 289.0
20210330150638.82, 121.0, 2.9, 289.0
20210330150639.88, 121.0, 4.9, 286.0
20210330150640.94, 121.0, 4.9, 286.0
20210330150642.0, 120.9, 4.9, 438.0
20210330150643.06, 120.9, 4.9, 438.0
20210330150644.12, 120.9, 4.9, 439.0
20210330150645.18, 120.9, 4.9, 439.0
20210330150646.25, 120.9, 4.9, 438.0
20210330150647.31, 120.9, 4.9, 438.0
20210330150648.39, 120.9, 4.9, 439.0
20210330150649.45, 120.9, 4.9, 439.0
20210330150650.51, 120.9, 4.9, 435.0
20210330150651.58, 120.9, 4.9, 435.0
20210330150652.65, 120.9, 4.9, 440.0
20210330150653.73, 120.9, 4.9, 440.0
20210330150654.81, 120.9, 4.9, 443.0
20210330150655.89, 120.9, 4.9, 443.0
20210330150656.94, 120.9, 4.9, 440.0
20210330150658.0, 120.9, 4.9, 440.0
20210330150659.06, 121.0, 5.1, 445.0
20210330150700.14, 121.0, 5.1, 445.0
20210330150701.21, 121.0, 5.1, 440.0
20210330150702.28, 121.0, 5.1, 440.0
20210330150703.34, 121.0, 5.1, 440.0
20210330150704.41, 121.0, 5.1, 440.0
20210330150705.46, 121.0, 5.1, 437.0
20210330150706.53, 121.0, 5.1, 437.0
20210330150707.59, 121.0, 5.1, 439.0
20210330150708.66, 121.0, 5.1, 439.0
20210330150709.73, 121.0, 5.1, 443.0
20210330150710.8, 121.0, 5.1, 443.0
20210330150711.98, 121.0, 5.1, 443.0
20210330150713.04, 121.0, 5.1, 441.0
20210330150714.11, 121.0, 5.1, 441.0
20210330150715.18, 121.0, 5.1, 436.0
20210330150716.25, 121.0, 5.1, 436.0
20210330150717.32, 121.0, 5.0, 437.0
20210330150718.41, 121.0, 5.0, 437.0
20210330150719.49, 120.9, 5.0, 434.0
20210330150720.56, 120.9, 5.0, 434.0
20210330150721.62, 120.9, 5.0, 432.0
20210330150722.69, 120.9, 5.0, 432.0
20210330150723.77, 120.9, 5.0, 677.0
20210330150724.84, 120.9, 5.0, 677.0
20210330150725.9, 121.0, 5.0, 681.0
20210330150726.97, 121.0, 5.0, 681.0
20210330150728.04, 121.0, 5.0, 439.0
20210330150729.09, 121.0, 5.0, 439.0
20210330150730.15, 121.1, 5.0, 438.0
20210330150731.22, 121.1, 5.0, 438.0
20210330150732.28, 121.0, 5.0, 442.0
20210330150733.33, 121.0, 5.0, 442.0
20210330150734.39, 121.1, 5.0, 436.0
20210330150735.45, 121.1, 5.0, 436.0
20210330150736.5, 121.1, 4.9, 436.0
20210330150737.57, 121.1, 4.9, 436.0
20210330150738.63, 121.0, 4.9, 437.0
20210330150739.71, 121.0, 4.9, 437.0
20210330150740.78, 121.0, 4.9, 438.0
20210330150741.86, 121.0, 4.9, 438.0
20210330150742.93, 120.9, 4.9, 436.0
20210330150744.0, 120.9, 4.9, 436.0
20210330150745.05, 120.9, 4.9, 438.0
20210330150746.11, 120.9, 4.9, 438.0
20210330150747.18, 120.9, 4.9, 435.0
20210330150748.25, 120.9, 4.9, 435.0
20210330150749.31, 120.8, 4.9, 434.0
20210330150750.38, 120.8, 4.9, 434.0
20210330150751.46, 120.8, 4.9, 437.0
20210330150752.52, 120.8, 4.9, 437.0
20210330150753.58, 120.8, 5.0, 434.0
20210330150754.64, 120.8, 5.0, 434.0
20210330150755.69, 120.9, 5.0, 435.0
20210330150756.75, 120.9, 5.0, 435.0
20210330150757.81, 121.0, 5.0, 436.0
20210330150758.87, 121.0, 5.0, 435.0
20210330150800.04, 121.0, 5.0, 435.0
20210330150801.11, 120.9, 5.0, 437.0
20210330150802.16, 120.9, 5.0, 437.0
20210330150803.24, 121.0, 5.0, 440.0
20210330150804.32, 121.0, 5.0, 440.0
20210330150805.38, 121.0, 5.0, 437.0
20210330150806.46, 121.0, 5.0, 437.0
20210330150807.52, 121.0, 5.0, 439.0
20210330150808.59, 121.0, 5.0, 439.0
20210330150809.66, 121.0, 5.0, 440.0
20210330150810.73, 121.0, 5.0, 440.0
20210330150811.79, 121.1, 5.1, 437.0
20210330150812.86, 121.1, 5.1, 437.0
20210330150813.91, 121.0, 5.1, 437.0
20210330150815.0, 121.0, 5.1, 437.0
20210330150816.08, 121.1, 5.1, 438.0
20210330150817.16, 121.1, 5.1, 438.0
20210330150818.22, 121.1, 5.1, 439.0
20210330150819.3, 121.1, 5.1, 439.0
20210330150820.36, 121.0, 5.1, 441.0
20210330150821.44, 121.0, 5.1, 441.0
20210330150822.5, 121.0, 5.1, 438.0
20210330150823.56, 121.0, 5.1, 438.0
20210330150824.62, 120.9, 5.1, 436.0
20210330150825.68, 120.9, 5.1, 436.0
20210330150826.74, 120.9, 5.1, 436.0
20210330150827.8, 120.9, 5.1, 436.0
20210330150828.86, 120.9, 5.1, 437.0
20210330150829.93, 120.9, 5.1, 437.0
20210330150831.0, 120.9, 5.0, 439.0
20210330150832.06, 120.9, 5.0, 439.0
20210330150833.12, 120.9, 5.0, 437.0
20210330150834.19, 120.9, 5.0, 437.0
20210330150835.25, 120.9, 5.0, 439.0
20210330150836.3, 120.9, 5.0, 439.0
20210330150837.37, 120.9, 5.0, 440.0
20210330150838.44, 120.9, 5.0, 440.0
20210330150839.5, 120.9, 5.0, 437.0
20210330150840.56, 120.9, 5.0, 437.0
20210330150841.64, 120.9, 5.0, 440.0
20210330150842.71, 120.9, 5.0, 426.0
20210330150843.88, 120.9, 5.0, 426.0
20210330150844.96, 120.9, 5.0, 428.0
20210330150846.05, 120.9, 5.0, 428.0
20210330150847.12, 120.9, 5.0, 428.0
20210330150848.2, 120.9, 5.0, 428.0
20210330150849.27, 120.9, 4.8, 428.0
20210330150850.33, 120.9, 4.8, 428.0
20210330150851.39, 120.9, 4.8, 426.0
20210330150852.45, 120.9, 4.8, 426.0
20210330150853.51, 120.9, 4.8, 430.0
20210330150854.57, 120.9, 4.8, 430.0
20210330150855.62, 121.0, 4.8, 429.0
20210330150856.7, 121.0, 4.8, 429.0
20210330150857.76, 120.9, 4.8, 426.0
20210330150858.82, 120.9, 4.8, 426.0
20210330150859.89, 121.0, 4.8, 424.0
20210330150900.96, 121.0, 4.8, 424.0
20210330150902.01, 121.0, 4.8, 428.0
20210330150903.07, 121.0, 4.8, 428.0
20210330150904.12, 121.1, 4.8, 431.0
20210330150905.2, 121.1, 4.8, 431.0
20210330150906.25, 121.0, 4.9, 424.0
20210330150907.31, 121.0, 4.9, 424.0
20210330150908.38, 121.0, 4.9, 433.0
20210330150909.44, 121.0, 4.9, 433.0
20210330150910.51, 121.0, 4.9, 426.0
20210330150911.58, 121.0, 4.9, 426.0
20210330150912.66, 121.0, 4.9, 426.0
20210330150913.72, 121.0, 4.9, 426.0
20210330150914.77, 121.0, 4.9, 425.0
20210330150915.85, 121.0, 4.9, 425.0
20210330150916.9, 121.1, 4.9, 428.0
20210330150917.99, 121.1, 4.9, 428.0
20210330150919.07, 121.0, 4.9, 427.0
20210330150920.14, 121.0, 4.9, 427.0
20210330150921.22, 120.9, 4.9, 426.0
20210330150922.3, 120.9, 4.9, 426.0
20210330150923.38, 120.9, 4.9, 423.0
20210330150924.46, 120.9, 4.9, 423.0
20210330150925.52, 120.9, 4.9, 426.0
20210330150926.7, 121.0, 4.9, 277.0
20210330150927.76, 121.0, 4.9, 277.0
20210330150928.82, 121.0, 4.9, 279.0
20210330150929.89, 121.0, 4.9, 279.0
20210330150930.95, 121.0, 4.9, 279.0
20210330150932.0, 121.0, 4.9, 279.0
20210330150933.07, 120.9, 4.9, 274.0
20210330150934.14, 120.9, 4.9, 274.0
20210330150935.2, 120.9, 4.9, 277.0
20210330150936.28, 120.9, 4.9, 277.0
20210330150937.34, 121.0, 4.9, 275.0
20210330150938.41, 121.0, 4.9, 275.0
20210330150939.47, 120.9, 4.9, 278.0
20210330150940.55, 120.9, 4.9, 278.0
20210330150941.6, 121.0, 2.8, 280.0
20210330150942.66, 121.0, 2.8, 280.0
20210330150943.71, 121.0, 2.8, 278.0
20210330150944.78, 121.0, 2.8, 278.0
20210330150945.85, 121.0, 2.8, 275.0
20210330150946.91, 121.0, 2.8, 275.0
20210330150947.96, 121.0, 2.8, 278.0
20210330150949.04, 121.0, 2.8, 278.0
20210330150950.09, 121.0, 2.8, 278.0
20210330150951.17, 121.0, 2.8, 278.0
20210330150952.23, 121.1, 2.8, 278.0
20210330150953.29, 121.1, 2.8, 278.0
20210330150954.34, 121.0, 2.8, 278.0
20210330150955.41, 121.0, 2.8, 278.0
20210330150956.48, 121.0, 2.8, 278.0
20210330150957.54, 121.0, 2.8, 278.0
20210330150958.61, 121.0, 2.8, 277.0
20210330150959.69, 121.0, 2.8, 277.0
20210330151000.75, 121.0, 2.8, 277.0
20210330151001.81, 121.0, 2.8, 277.0
20210330151002.87, 121.0, 2.8, 277.0
20210330151003.93, 121.0, 2.8, 277.0
20210330151005.0, 121.0, 2.8, 276.0
20210330151006.07, 121.0, 2.8, 276.0
20210330151007.13, 121.0, 2.8, 273.0
20210330151008.21, 121.0, 2.8, 273.0
20210330151009.25, 121.0, 2.8, 275.0
20210330151010.32, 121.0, 2.8, 275.0
20210330151011.38, 121.0, 2.8, 277.0
20210330151012.45, 121.0, 2.8, 277.0
20210330151013.52, 121.0, 2.8, 274.0
20210330151014.59, 121.0, 2.8, 274.0
20210330151015.64, 121.0, 2.8, 276.0
20210330151016.72, 121.0, 2.8, 275.0
20210330151017.88, 121.0, 2.8, 275.0
20210330151018.93, 121.0, 2.8, 276.0
20210330151020.02, 121.0, 2.8, 276.0
20210330151021.07, 120.9, 2.8, 279.0
20210330151022.16, 120.9, 2.8, 279.0
20210330151023.23, 120.9, 2.8, 271.0
20210330151024.32, 120.9, 2.8, 271.0
20210330151025.41, 120.9, 2.8, 279.0
20210330151026.49, 120.9, 2.8, 279.0
20210330151027.56, 120.9, 2.8, 280.0
20210330151028.64, 120.9, 2.8, 280.0
20210330151029.71, 120.9, 2.8, 277.0
20210330151030.8, 120.9, 2.8, 277.0
20210330151031.87, 121.0, 2.8, 275.0
20210330151032.95, 121.0, 2.8, 275.0
20210330151034.02, 121.0, 2.8, 272.0
20210330151035.08, 121.0, 2.8, 272.0
20210330151036.14, 121.0, 2.8, 278.0
20210330151037.21, 121.0, 2.8, 278.0
20210330151038.28, 121.0, 2.8, 278.0
20210330151039.34, 121.0, 2.8, 278.0
20210330151040.4, 121.1, 2.8, 280.0
20210330151041.48, 121.1, 2.8, 280.0
20210330151042.54, 121.0, 2.8, 277.0
20210330151043.6, 121.0, 2.8, 277.0
20210330151044.66, 121.0, 2.8, 277.0
20210330151045.74, 121.0, 2.8, 277.0
20210330151046.8, 121.0, 2.8, 274.0
20210330151047.87, 121.0, 2.8, 274.0
20210330151048.96, 121.0, 2.8, 277.0
20210330151050.05, 121.0, 2.8, 277.0
20210330151051.12, 121.0, 2.6999999999999997, 280.0
20210330151052.19, 121.0, 2.6999999999999997, 280.0
20210330151053.26, 121.0, 2.6999999999999997, 279.0
20210330151054.33, 121.0, 2.6999999999999997, 275.0
20210330151055.48, 121.0, 2.6999999999999997, 275.0
20210330151056.54, 121.0, 2.6999999999999997, 277.0
20210330151057.6, 121.0, 2.6999999999999997, 277.0
20210330151058.66, 121.0, 2.6999999999999997, 277.0
20210330151059.73, 121.0, 2.6999999999999997, 277.0
20210330151100.79, 121.0, 2.6999999999999997, 278.0
20210330151101.85, 121.0, 2.6999999999999997, 278.0
20210330151102.91, 121.0, 2.6999999999999997, 273.0
20210330151103.98, 121.0, 2.6999999999999997, 273.0
20210330151105.05, 121.0, 2.6999999999999997, 279.0
20210330151106.11, 121.0, 2.6999999999999997, 279.0
20210330151107.17, 121.1, 2.6999999999999997, 275.0
20210330151108.23, 121.1, 2.6999999999999997, 275.0
20210330151109.29, 121.0, 2.8, 275.0
20210330151110.35, 121.0, 2.8, 275.0
20210330151111.41, 121.0, 2.8, 273.0
20210330151112.48, 121.0, 2.8, 273.0
20210330151113.54, 121.0, 2.8, 286.0
20210330151114.61, 121.0, 2.8, 286.0
20210330151115.66, 121.0, 2.8, 285.0
20210330151116.74, 121.0, 2.8, 285.0
20210330151117.79, 121.0, 2.8, 442.0
20210330151118.87, 121.0, 2.8, 442.0
20210330151119.93, 121.1, 2.8, 436.0
20210330151121.0, 121.1, 2.8, 436.0
20210330151122.05, 121.1, 2.8, 441.0
20210330151123.13, 121.1, 2.8, 441.0
20210330151124.19, 121.1, 2.8, 439.0
20210330151125.26, 121.1, 2.8, 439.0
20210330151126.32, 121.1, 5.1, 439.0
20210330151127.39, 121.1, 5.1, 439.0
20210330151128.45, 121.1, 5.1, 442.0
20210330151129.51, 121.1, 5.1, 442.0
20210330151130.56, 121.1, 5.1, 440.0
20210330151131.62, 121.1, 5.1, 440.0
20210330151132.68, 121.1, 5.1, 445.0
20210330151133.75, 121.1, 5.1, 445.0
20210330151134.8, 121.1, 5.1, 447.0
20210330151135.87, 121.1, 5.1, 447.0
20210330151136.93, 121.2, 5.1, 443.0
20210330151137.99, 121.2, 5.1, 443.0
20210330151139.05, 121.2, 5.1, 440.0
20210330151140.12, 121.2, 5.1, 440.0
20210330151141.2, 121.2, 5.1, 442.0
20210330151142.26, 121.2, 5.1, 442.0
20210330151143.32, 121.2, 5.1, 440.0
20210330151144.39, 121.2, 5.1, 440.0
20210330151145.45, 121.2, 5.1, 441.0
20210330151146.53, 121.2, 5.1, 441.0
20210330151147.59, 121.2, 5.1, 444.0
20210330151148.64, 121.2, 5.1, 444.0
20210330151149.7, 121.2, 5.1, 442.0
20210330151150.87, 121.2, 5.1, 654.0
20210330151151.94, 121.2, 5.1, 654.0
20210330151153.0, 121.2, 5.1, 436.0
20210330151154.07, 121.2, 5.1, 436.0
20210330151155.14, 121.1, 5.1, 437.0
20210330151156.21, 121.1, 5.1, 437.0
20210330151157.27, 121.1, 5.1, 435.0
20210330151158.35, 121.1, 5.1, 435.0
20210330151159.41, 121.1, 5.1, 437.0
20210330151200.47, 121.1, 5.1, 437.0
20210330151201.54, 121.1, 13.600000000000001, 877.0
20210330151202.61, 121.1, 13.600000000000001, 877.0
20210330151203.68, 121.1, 13.600000000000001, 441.0
20210330151204.75, 121.1, 13.600000000000001, 441.0
20210330151205.83, 121.1, 13.600000000000001, 441.0
20210330151206.89, 121.1, 13.600000000000001, 441.0
20210330151207.93, 121.1, 13.600000000000001, 439.0
20210330151209.0, 121.1, 13.600000000000001, 439.0
20210330151210.04, 121.1, 13.600000000000001, 439.0
20210330151211.09, 121.1, 13.600000000000001, 439.0
20210330151212.15, 121.1, 13.600000000000001, 439.0
20210330151213.22, 121.1, 13.600000000000001, 439.0
20210330151214.28, 121.1, 13.600000000000001, 440.0
20210330151215.35, 121.1, 13.600000000000001, 440.0
20210330151216.41, 121.1, 13.600000000000001, 440.0
20210330151217.47, 121.1, 13.600000000000001, 440.0
20210330151218.54, 121.1, 5.1, 445.0
20210330151219.59, 121.1, 5.1, 445.0
20210330151220.65, 121.2, 5.1, 439.0
20210330151221.71, 121.2, 5.1, 439.0
20210330151222.77, 121.2, 5.1, 439.0
20210330151223.83, 121.2, 5.1, 439.0
20210330151224.89, 121.1, 5.1, 439.0
20210330151225.95, 121.1, 5.1, 439.0
20210330151227.01, 121.1, 5.1, 438.0
20210330151228.06, 121.1, 5.1, 438.0
20210330151229.12, 121.1, 5.1, 442.0
20210330151230.18, 121.1, 5.1, 442.0
20210330151231.25, 121.1, 5.1, 435.0
20210330151232.33, 121.1, 5.1, 435.0
20210330151233.4, 121.2, 5.1, 438.0
20210330151234.48, 121.2, 5.1, 438.0
20210330151235.54, 121.2, 5.1, 442.0
20210330151236.59, 121.2, 5.1, 442.0
20210330151237.65, 121.1, 5.1, 439.0
20210330151238.71, 121.1, 5.1, 439.0
20210330151239.76, 121.1, 5.1, 443.0
20210330151240.83, 121.1, 5.1, 443.0
20210330151241.89, 121.1, 5.1, 439.0
20210330151243.05, 121.1, 5.1, 445.0
20210330151244.12, 121.1, 5.1, 445.0
20210330151245.19, 121.1, 5.1, 441.0
20210330151246.26, 121.1, 5.1, 441.0
20210330151247.32, 121.2, 5.1, 439.0
20210330151248.39, 121.2, 5.1, 439.0
20210330151249.45, 121.1, 5.1, 440.0
20210330151250.53, 121.1, 5.1, 440.0
20210330151251.6, 121.2, 5.1, 440.0
20210330151252.67, 121.2, 5.1, 440.0
20210330151253.73, 121.1, 5.1, 441.0
20210330151254.79, 121.1, 5.1, 441.0
20210330151255.85, 121.1, 5.1, 438.0
20210330151256.92, 121.1, 5.1, 438.0
20210330151257.98, 121.2, 5.1, 440.0
20210330151259.04, 121.2, 5.1, 440.0
20210330151300.11, 121.2, 5.1, 432.0
20210330151301.18, 121.2, 5.1, 432.0
20210330151302.25, 121.2, 5.1, 440.0
20210330151303.3, 121.2, 5.1, 440.0
20210330151304.43, 121.1, 5.1, 440.0
20210330151305.5, 121.1, 5.1, 440.0
20210330151306.55, 121.2, 5.1, 437.0
20210330151307.61, 121.2, 5.1, 437.0
20210330151308.68, 121.1, 5.1, 441.0
20210330151309.77, 121.1, 5.1, 441.0
20210330151310.83, 121.2, 5.1, 440.0
20210330151311.9, 121.2, 5.1, 440.0
20210330151312.96, 121.1, 5.1, 442.0
20210330151314.03, 121.1, 5.1, 442.0
20210330151315.11, 121.2, 5.1, 439.0
20210330151316.16, 121.2, 5.1, 439.0
20210330151317.22, 121.2, 5.1, 439.0
20210330151318.28, 121.2, 5.1, 439.0
20210330151319.33, 121.2, 5.1, 440.0
20210330151320.38, 121.2, 5.1, 440.0
20210330151321.44, 121.2, 5.1, 432.0
20210330151322.5, 121.2, 5.1, 432.0
20210330151323.56, 121.2, 4.9, 430.0
20210330151324.64, 121.2, 4.9, 430.0
20210330151325.72, 121.2, 4.9, 430.0
20210330151326.81, 121.2, 4.9, 426.0
20210330151327.96, 121.2, 4.9, 426.0
20210330151329.03, 121.2, 4.9, 431.0
20210330151330.09, 121.2, 4.9, 431.0
20210330151331.16, 121.2, 4.9, 432.0
20210330151332.24, 121.2, 4.9, 432.0
20210330151333.31, 121.2, 4.9, 429.0
20210330151334.39, 121.2, 4.9, 429.0
20210330151335.45, 121.3, 4.9, 431.0
20210330151336.52, 121.3, 4.9, 431.0
20210330151337.59, 121.4, 4.9, 428.0
20210330151338.66, 121.4, 4.9, 428.0
20210330151339.71, 121.3, 4.9, 430.0
20210330151340.79, 121.3, 4.9, 430.0
20210330151341.85, 121.3, 4.8, 429.0
20210330151342.93, 121.3, 4.8, 429.0
20210330151343.99, 121.3, 4.8, 431.0
20210330151345.06, 121.3, 4.8, 431.0
20210330151346.12, 121.3, 4.8, 429.0
20210330151347.2, 121.3, 4.8, 429.0
20210330151348.26, 121.2, 4.8, 426.0
20210330151349.34, 121.2, 4.8, 426.0
20210330151350.4, 121.3, 4.8, 428.0
20210330151351.49, 121.3, 4.8, 428.0
20210330151352.55, 121.2, 4.8, 426.0
20210330151353.62, 121.2, 4.8, 426.0
20210330151354.68, 121.3, 4.8, 425.0
20210330151355.75, 121.3, 4.8, 425.0
20210330151356.82, 121.3, 4.8, 428.0
20210330151357.91, 121.3, 4.8, 428.0
20210330151358.97, 121.3, 4.9, 429.0
20210330151400.03, 121.3, 4.9, 429.0
20210330151401.1, 121.2, 4.9, 429.0
20210330151402.18, 121.2, 4.9, 429.0
20210330151403.25, 121.2, 4.9, 384.0
20210330151404.32, 121.2, 4.9, 384.0
20210330151405.38, 121.2, 4.9, 280.0
20210330151406.46, 121.2, 4.9, 280.0
20210330151407.53, 121.2, 4.9, 278.0
20210330151408.59, 121.2, 4.9, 280.0
20210330151409.74, 121.2, 4.9, 280.0
20210330151410.8, 121.2, 4.9, 279.0
20210330151411.86, 121.2, 4.9, 279.0
20210330151412.93, 121.2, 4.9, 274.0
20210330151413.98, 121.2, 4.9, 274.0
20210330151415.08, 121.2, 2.9, 274.0
20210330151416.13, 121.2, 2.9, 274.0
20210330151417.19, 121.2, 2.9, 280.0
20210330151418.25, 121.2, 2.9, 280.0
20210330151419.31, 121.3, 2.9, 280.0
20210330151420.38, 121.3, 2.9, 280.0
20210330151421.43, 121.3, 2.9, 281.0
20210330151422.49, 121.3, 2.9, 281.0
20210330151423.55, 121.3, 2.9, 280.0
20210330151424.61, 121.3, 2.9, 280.0
20210330151425.68, 121.3, 2.9, 277.0
20210330151426.77, 121.3, 2.9, 277.0
20210330151427.85, 121.3, 2.9, 276.0
20210330151428.92, 121.3, 2.9, 276.0
20210330151429.99, 121.3, 2.8, 275.0
20210330151431.05, 121.3, 2.8, 275.0
20210330151432.11, 121.3, 2.8, 277.0
20210330151433.17, 121.3, 2.8, 277.0
20210330151434.23, 121.3, 2.8, 277.0
20210330151435.31, 121.3, 2.8, 277.0
20210330151436.38, 121.3, 2.8, 273.0
20210330151437.45, 121.3, 2.8, 273.0
20210330151438.51, 121.2, 2.8, 278.0
20210330151439.58, 121.2, 2.8, 278.0
20210330151440.63, 121.3, 2.8, 277.0
20210330151441.71, 121.3, 2.8, 277.0
20210330151442.78, 121.2, 2.8, 278.0
20210330151443.84, 121.2, 2.8, 278.0
20210330151444.92, 121.1, 2.8, 277.0
20210330151445.99, 121.1, 2.8, 277.0
20210330151447.07, 121.1, 2.8, 278.0
20210330151448.15, 121.1, 2.8, 278.0
20210330151449.2, 121.1, 2.8, 277.0
20210330151450.28, 121.1, 2.8, 277.0
20210330151451.35, 121.1, 2.8, 280.0
20210330151452.57, 121.2, 2.8, 278.0
20210330151453.66, 121.2, 2.8, 278.0
20210330151454.73, 121.2, 2.8, 280.0
20210330151455.81, 121.2, 2.8, 280.0
20210330151456.88, 121.2, 2.8, 273.0
20210330151457.96, 121.2, 2.8, 273.0
20210330151459.02, 121.2, 2.8, 277.0
20210330151500.08, 121.2, 2.8, 277.0
20210330151501.14, 121.2, 2.8, 280.0
20210330151502.2, 121.2, 2.8, 280.0
20210330151503.26, 121.2, 2.8, 279.0
20210330151504.33, 121.2, 2.8, 279.0
20210330151505.39, 121.2, 2.8, 277.0
20210330151506.46, 121.2, 2.8, 277.0
20210330151507.52, 121.2, 2.8, 279.0
20210330151508.57, 121.2, 2.8, 279.0
20210330151509.64, 121.2, 2.8, 276.0
20210330151510.7, 121.2, 2.8, 276.0
20210330151511.75, 121.2, 2.8, 280.0
20210330151512.81, 121.2, 2.8, 280.0
20210330151513.87, 121.2, 2.8, 278.0
20210330151514.94, 121.2, 2.8, 278.0
20210330151515.99, 121.2, 2.8, 279.0
20210330151517.05, 121.2, 2.8, 279.0
20210330151518.12, 121.2, 2.8, 277.0
20210330151519.18, 121.2, 2.8, 277.0
20210330151520.23, 121.1, 2.6999999999999997, 274.0
20210330151521.31, 121.1, 2.6999999999999997, 274.0
20210330151522.38, 121.1, 2.6999999999999997, 275.0
20210330151523.47, 121.1, 2.6999999999999997, 275.0
20210330151524.56, 121.2, 2.6999999999999997, 279.0
20210330151525.63, 121.2, 2.6999999999999997, 279.0
20210330151526.7, 121.1, 2.6999999999999997, 275.0
20210330151527.76, 121.1, 2.6999999999999997, 275.0
20210330151528.82, 121.1, 2.6999999999999997, 279.0
20210330151529.88, 121.1, 2.6999999999999997, 279.0
20210330151530.94, 121.1, 2.6999999999999997, 278.0
20210330151532.0, 121.1, 2.6999999999999997, 278.0
20210330151533.04, 121.1, 2.6999999999999997, 276.0
20210330151534.12, 121.1, 2.6999999999999997, 276.0
20210330151535.18, 121.1, 2.8, 276.0
20210330151536.24, 121.1, 2.8, 276.0
20210330151537.3, 121.1, 2.8, 278.0
20210330151538.36, 121.1, 2.8, 278.0
20210330151539.43, 121.1, 2.8, 279.0
20210330151540.61, 121.1, 2.8, 275.0
20210330151541.68, 121.1, 2.8, 275.0
20210330151542.75, 121.2, 2.8, 274.0
20210330151543.8, 121.2, 2.8, 274.0
20210330151544.88, 121.2, 2.8, 279.0
20210330151545.95, 121.2, 2.8, 279.0
20210330151547.02, 121.2, 2.8, 275.0
20210330151548.11, 121.2, 2.8, 275.0
20210330151549.17, 121.2, 2.8, 278.0
20210330151550.27, 121.2, 2.8, 278.0
20210330151551.34, 121.2, 2.8, 277.0
20210330151552.42, 121.2, 2.8, 277.0
20210330151553.5, 121.3, 2.8, 278.0
20210330151554.59, 121.3, 2.8, 278.0
20210330151555.66, 121.3, 2.8, 279.0
20210330151556.74, 121.3, 2.8, 279.0
20210330151557.81, 121.2, 2.8, 280.0
20210330151558.88, 121.2, 2.8, 280.0
20210330151559.95, 121.3, 2.8, 279.0
20210330151601.02, 121.3, 2.8, 279.0
20210330151602.1, 121.2, 2.8, 276.0
20210330151603.19, 121.2, 2.8, 276.0
20210330151604.26, 121.2, 2.8, 282.0
20210330151605.33, 121.2, 2.8, 282.0
20210330151606.39, 121.2, 2.8, 280.0
20210330151607.46, 121.2, 2.8, 280.0
20210330151608.52, 121.2, 2.6999999999999997, 277.0
20210330151609.61, 121.2, 2.6999999999999997, 277.0
20210330151610.67, 121.2, 2.6999999999999997, 279.0
20210330151611.76, 121.2, 2.6999999999999997, 279.0
20210330151612.83, 121.2, 2.6999999999999997, 279.0
20210330151613.89, 121.2, 2.6999999999999997, 279.0
20210330151615.05, 121.2, 2.6999999999999997, 273.0
20210330151616.12, 121.2, 2.6999999999999997, 279.0
20210330151617.2, 121.2, 2.6999999999999997, 279.0
20210330151618.26, 121.2, 2.6999999999999997, 277.0
20210330151619.34, 121.2, 2.6999999999999997, 277.0
20210330151620.4, 121.2, 2.6999999999999997, 278.0
20210330151621.47, 121.2, 2.6999999999999997, 278.0
20210330151622.54, 121.2, 2.8, 278.0
20210330151623.62, 121.2, 2.8, 278.0
20210330151624.68, 121.1, 2.8, 277.0
20210330151625.77, 121.1, 2.8, 277.0
20210330151626.84, 121.1, 2.8, 273.0
20210330151627.92, 121.1, 2.8, 273.0
20210330151628.98, 121.1, 2.8, 275.0
20210330151630.06, 121.1, 2.8, 275.0
20210330151631.14, 121.1, 2.8, 279.0
20210330151632.2, 121.1, 2.8, 279.0
20210330151633.28, 121.1, 2.8, 276.0
20210330151634.35, 121.1, 2.8, 276.0
20210330151635.41, 121.1, 2.8, 280.0
20210330151636.49, 121.1, 2.8, 280.0
20210330151637.54, 121.2, 2.8, 277.0
20210330151638.61, 121.2, 2.8, 277.0
20210330151639.68, 121.1, 2.8, 277.0
20210330151640.75, 121.1, 2.8, 277.0
20210330151641.83, 121.2, 2.6999999999999997, 276.0
20210330151642.92, 121.2, 2.6999999999999997, 276.0
20210330151644.0, 121.2, 2.6999999999999997, 277.0
20210330151645.07, 121.2, 2.6999999999999997, 277.0
20210330151646.14, 121.3, 2.6999999999999997, 279.0
20210330151647.23, 121.3, 2.6999999999999997, 279.0
20210330151648.3, 121.4, 2.6999999999999997, 280.0
20210330151649.38, 121.4, 2.6999999999999997, 280.0
20210330151650.43, 121.3, 2.6999999999999997, 289.0
20210330151651.51, 121.3, 2.6999999999999997, 365.0
20210330151652.65, 121.3, 2.6999999999999997, 365.0
20210330151653.73, 121.3, 2.6999999999999997, 438.0
20210330151654.8, 121.3, 2.6999999999999997, 438.0
20210330151655.87, 121.3, 4.9, 438.0
20210330151656.94, 121.3, 4.9, 438.0
20210330151658.02, 121.2, 4.9, 438.0
20210330151659.1, 121.2, 4.9, 438.0
20210330151700.16, 121.2, 4.9, 441.0
20210330151701.22, 121.2, 4.9, 441.0
20210330151702.29, 121.1, 4.9, 435.0
20210330151703.38, 121.1, 4.9, 435.0
20210330151704.44, 121.2, 4.9, 444.0
20210330151705.5, 121.2, 4.9, 444.0
20210330151706.55, 121.2, 4.9, 444.0
20210330151707.62, 121.2, 4.9, 444.0
20210330151708.69, 121.1, 4.9, 445.0
20210330151709.76, 121.1, 4.9, 445.0
20210330151710.82, 121.1, 5.1, 440.0
20210330151711.89, 121.1, 5.1, 440.0
20210330151712.95, 121.2, 5.1, 444.0
20210330151714.01, 121.2, 5.1, 444.0
20210330151715.07, 121.2, 5.1, 438.0
20210330151716.16, 121.2, 5.1, 438.0
20210330151717.22, 121.2, 5.1, 438.0
20210330151718.28, 121.2, 5.1, 438.0
20210330151719.34, 121.3, 5.1, 445.0
20210330151720.4, 121.3, 5.1, 445.0
20210330151721.46, 121.2, 5.1, 444.0
20210330151722.52, 121.2, 5.1, 444.0
20210330151723.58, 121.2, 5.1, 444.0
20210330151724.66, 121.2, 5.1, 444.0
20210330151725.73, 121.2, 5.1, 440.0
20210330151726.8, 121.2, 5.1, 440.0
20210330151727.86, 121.3, 5.1, 435.0
20210330151728.93, 121.3, 5.1, 435.0
20210330151729.98, 121.3, 5.1, 435.0
20210330151731.07, 121.3, 5.1, 435.0
20210330151732.14, 121.3, 5.1, 440.0
20210330151733.21, 121.3, 5.1, 440.0
20210330151734.27, 121.3, 5.1, 433.0
20210330151735.34, 121.3, 5.1, 433.0
20210330151736.39, 121.3, 5.1, 437.0
20210330151737.56, 121.3, 5.1, 877.0
20210330151738.64, 121.3, 5.1, 877.0
20210330151739.71, 121.3, 5.1, 440.0
20210330151740.79, 121.3, 5.1, 440.0
20210330151741.86, 121.3, 5.1, 440.0
20210330151742.93, 121.3, 5.1, 440.0
20210330151744.0, 121.3, 5.1, 442.0
20210330151745.07, 121.3, 5.1, 442.0
20210330151746.14, 121.3, 5.1, 440.0
20210330151747.23, 121.3, 5.1, 440.0
20210330151748.29, 121.3, 5.1, 441.0
20210330151749.36, 121.3, 5.1, 441.0
20210330151750.43, 121.3, 5.1, 443.0
20210330151751.52, 121.3, 5.1, 443.0
20210330151752.58, 121.3, 5.1, 441.0
20210330151753.64, 121.3, 5.1, 441.0
20210330151754.71, 121.2, 5.1, 437.0
20210330151755.79, 121.2, 5.1, 437.0
20210330151756.86, 121.2, 5.1, 441.0
20210330151757.93, 121.2, 5.1, 441.0
20210330151759.01, 121.2, 5.1, 439.0
20210330151800.07, 121.2, 5.1, 439.0
20210330151801.14, 121.2, 5.1, 442.0
20210330151802.22, 121.2, 5.1, 442.0
20210330151803.29, 121.1, 5.1, 440.0
20210330151804.36, 121.1, 5.1, 440.0
20210330151805.42, 121.1, 5.1, 443.0
20210330151806.5, 121.1, 5.1, 443.0
20210330151807.56, 121.1, 5.1, 440.0
20210330151808.63, 121.1, 5.1, 440.0
20210330151809.69, 121.2, 5.1, 441.0
20210330151810.75, 121.2, 5.1, 441.0
20210330151811.83, 121.2, 5.1, 440.0
20210330151812.9, 121.2, 5.1, 440.0
20210330151813.95, 121.2, 5.1, 441.0
20210330151815.13, 121.3, 5.1, 442.0
20210330151816.2, 121.3, 5.1, 442.0
20210330151817.25, 121.3, 5.1, 437.0
20210330151818.32, 121.3, 5.1, 437.0
20210330151819.38, 121.3, 5.1, 435.0
20210330151820.43, 121.3, 5.1, 435.0
20210330151821.51, 121.3, 5.1, 443.0
20210330151822.59, 121.3, 5.1, 443.0
20210330151823.64, 121.4, 5.1, 439.0
20210330151824.71, 121.4, 5.1, 439.0
20210330151825.77, 121.3, 5.1, 440.0
20210330151826.84, 121.3, 5.1, 440.0
20210330151827.91, 121.3, 5.1, 440.0
20210330151828.98, 121.3, 5.1, 440.0
20210330151830.06, 121.3, 5.1, 442.0
20210330151831.13, 121.3, 5.1, 442.0
20210330151832.18, 121.3, 5.1, 439.0
20210330151833.25, 121.3, 5.1, 439.0
20210330151834.32, 121.3, 5.1, 441.0
20210330151835.4, 121.3, 5.1, 441.0
20210330151836.46, 121.3, 5.1, 441.0
20210330151837.54, 121.3, 5.1, 441.0
20210330151838.59, 121.3, 5.1, 443.0
20210330151839.67, 121.3, 5.1, 443.0
20210330151840.73, 121.2, 5.1, 440.0
20210330151841.79, 121.2, 5.1, 440.0
20210330151842.86, 121.3, 5.1, 443.0
20210330151843.93, 121.3, 5.1, 443.0
20210330151844.98, 121.2, 5.1, 442.0
20210330151846.04, 121.2, 5.1, 442.0
20210330151847.11, 121.2, 5.1, 439.0
20210330151848.17, 121.2, 5.1, 439.0
20210330151849.23, 121.2, 5.1, 439.0
20210330151850.28, 121.2, 5.1, 439.0
20210330151851.34, 121.2, 5.1, 440.0
20210330151852.42, 121.2, 5.1, 440.0
20210330151853.49, 121.2, 5.1, 443.0
20210330151854.56, 121.2, 5.1, 443.0
20210330151855.62, 121.3, 5.1, 431.0
20210330151856.69, 121.3, 5.1, 431.0
20210330151857.75, 121.3, 5.1, 429.0
20210330151858.82, 121.3, 5.1, 429.0
20210330151859.89, 121.4, 5.1, 429.0
20210330151900.95, 121.4, 5.1, 429.0
20210330151902.03, 121.4, 4.9, 429.0
20210330151903.1, 121.4, 4.9, 430.0
20210330151904.26, 121.3, 4.9, 430.0
20210330151905.32, 121.3, 4.9, 430.0
20210330151906.38, 121.3, 4.9, 430.0
20210330151907.43, 121.3, 4.9, 432.0
20210330151908.5, 121.3, 4.9, 432.0
20210330151909.56, 121.3, 4.9, 431.0
20210330151910.62, 121.3, 4.9, 431.0
20210330151911.68, 121.3, 4.9, 431.0
20210330151912.76, 121.3, 4.9, 431.0
20210330151913.82, 121.3, 4.9, 429.0
20210330151914.89, 121.3, 4.9, 429.0
20210330151915.97, 121.3, 4.9, 427.0
20210330151917.04, 121.3, 4.9, 427.0
20210330151918.1, 121.3, 4.9, 431.0
20210330151919.17, 121.3, 4.9, 431.0
20210330151920.25, 121.3, 4.9, 428.0
20210330151921.34, 121.3, 4.9, 428.0
20210330151922.39, 121.3, 4.9, 431.0
20210330151923.46, 121.3, 4.9, 431.0
20210330151924.53, 121.3, 4.9, 427.0
20210330151925.61, 121.3, 4.9, 427.0
20210330151926.69, 121.3, 4.9, 429.0
20210330151927.76, 121.3, 4.9, 429.0
20210330151928.82, 121.2, 4.9, 434.0
20210330151929.89, 121.2, 4.9, 434.0
20210330151930.97, 121.2, 4.8, 430.0
20210330151932.05, 121.2, 4.8, 430.0
20210330151933.13, 121.2, 4.8, 433.0
20210330151934.21, 121.2, 4.8, 433.0
20210330151935.28, 121.2, 4.8, 435.0
20210330151936.36, 121.2, 4.8, 435.0
20210330151937.45, 121.3, 4.8, 433.0
20210330151938.52, 121.3, 4.8, 433.0
20210330151939.59, 121.3, 4.8, 330.0
20210330151940.68, 121.3, 4.8, 330.0
20210330151941.75, 121.2, 4.8, 280.0
20210330151942.82, 121.2, 4.8, 280.0
20210330151943.89, 121.3, 4.8, 278.0
20210330151944.97, 121.3, 4.8, 281.0
20210330151946.16, 121.3, 4.8, 281.0
20210330151947.23, 121.3, 2.8, 280.0
20210330151948.29, 121.3, 2.8, 280.0
20210330151949.36, 121.3, 2.8, 278.0
20210330151950.45, 121.3, 2.8, 278.0
20210330151951.53, 121.3, 2.8, 279.0
20210330151952.6, 121.3, 2.8, 279.0
20210330151953.66, 121.3, 2.8, 278.0
20210330151954.73, 121.3, 2.8, 278.0
20210330151955.78, 121.3, 2.8, 277.0
20210330151956.87, 121.3, 2.8, 277.0
20210330151957.93, 121.3, 2.8, 281.0
20210330151958.99, 121.3, 2.8, 281.0
20210330152000.05, 121.3, 2.8, 278.0
20210330152001.1, 121.3, 2.8, 278.0
20210330152002.16, 121.3, 2.8, 278.0
20210330152003.23, 121.3, 2.8, 278.0
20210330152004.3, 121.3, 2.8, 276.0
20210330152005.38, 121.3, 2.8, 276.0
20210330152006.43, 121.4, 2.8, 278.0
20210330152007.5, 121.4, 2.8, 278.0
20210330152008.56, 121.4, 2.8, 275.0
20210330152009.61, 121.4, 2.8, 275.0
20210330152010.68, 121.4, 2.8, 275.0
20210330152011.76, 121.4, 2.8, 275.0
20210330152012.82, 121.4, 2.8, 276.0
20210330152013.88, 121.4, 2.8, 276.0
20210330152014.96, 121.4, 2.8, 277.0
20210330152016.02, 121.4, 2.8, 277.0
20210330152017.09, 121.3, 2.8, 275.0
20210330152018.17, 121.3, 2.8, 275.0
20210330152019.23, 121.3, 2.8, 278.0
20210330152020.3, 121.3, 2.8, 278.0
20210330152021.37, 121.3, 2.8, 279.0
20210330152022.45, 121.3, 2.8, 279.0
20210330152023.51, 121.3, 2.8, 279.0
20210330152024.57, 121.3, 2.8, 279.0
20210330152025.63, 121.3, 2.8, 278.0
20210330152026.82, 121.3, 2.8, 339.0
20210330152027.88, 121.3, 2.8, 339.0
20210330152028.94, 121.2, 2.8, 284.0
20210330152030.0, 121.2, 2.8, 284.0
20210330152031.07, 121.2, 2.8, 442.0
20210330152032.14, 121.2, 2.8, 442.0
20210330152033.2, 121.2, 5.1, 440.0
20210330152034.25, 121.2, 5.1, 440.0
20210330152035.31, 121.2, 5.1, 442.0
20210330152036.38, 121.2, 5.1, 442.0
20210330152037.45, 121.2, 5.1, 444.0
20210330152038.51, 121.2, 5.1, 444.0
20210330152039.59, 121.3, 5.1, 440.0
20210330152040.66, 121.3, 5.1, 440.0
20210330152041.71, 121.2, 5.1, 653.0
20210330152042.79, 121.2, 5.1, 653.0
20210330152043.86, 121.2, 5.1, 442.0
20210330152044.92, 121.2, 5.1, 442.0
20210330152045.98, 121.3, 5.1, 446.0
20210330152047.05, 121.3, 5.1, 446.0
20210330152048.11, 121.3, 5.1, 446.0
20210330152049.17, 121.3, 5.1, 446.0
20210330152050.23, 121.3, 5.1, 443.0
20210330152051.29, 121.3, 5.1, 443.0
20210330152052.36, 121.2, 5.1, 655.0
20210330152053.43, 121.2, 5.1, 655.0
20210330152054.49, 121.2, 5.1, 444.0
20210330152055.57, 121.2, 5.1, 444.0
20210330152056.62, 121.3, 5.1, 444.0
20210330152057.69, 121.3, 5.1, 444.0
20210330152058.75, 121.3, 5.1, 440.0
20210330152059.82, 121.3, 5.1, 440.0
20210330152100.87, 121.4, 5.1, 445.0
20210330152101.93, 121.4, 5.1, 445.0
20210330152102.99, 121.5, 5.1, 446.0
20210330152104.05, 121.5, 5.1, 446.0
20210330152105.1, 121.5, 5.2, 443.0
20210330152106.17, 121.5, 5.2, 443.0
20210330152107.24, 121.5, 5.2, 440.0
20210330152108.31, 121.5, 5.2, 440.0
20210330152109.38, 121.4, 5.2, 441.0
20210330152110.45, 121.4, 5.2, 441.0
20210330152111.51, 121.4, 5.2, 436.0
20210330152112.58, 121.4, 5.2, 436.0
20210330152113.64, 121.4, 5.2, 442.0
20210330152114.71, 121.4, 5.2, 442.0
20210330152115.79, 121.3, 5.2, 905.0
20210330152116.96, 121.3, 5.2, 443.0
20210330152118.05, 121.3, 5.2, 443.0
20210330152119.11, 121.3, 5.1, 443.0
20210330152120.2, 121.3, 5.1, 443.0
20210330152121.26, 121.3, 5.1, 440.0
20210330152122.33, 121.3, 5.1, 440.0
20210330152123.39, 121.3, 5.1, 441.0
20210330152124.48, 121.3, 5.1, 441.0
20210330152125.55, 121.2, 5.1, 441.0
20210330152126.62, 121.2, 5.1, 441.0
20210330152127.68, 121.2, 5.1, 443.0
20210330152128.74, 121.2, 5.1, 443.0
20210330152129.8, 121.2, 5.1, 443.0
20210330152130.88, 121.2, 5.1, 443.0
20210330152131.95, 121.2, 5.1, 445.0
20210330152133.02, 121.2, 5.1, 445.0
20210330152134.08, 121.2, 5.1, 442.0
20210330152135.15, 121.2, 5.1, 442.0
20210330152136.23, 121.2, 5.0, 442.0
20210330152137.3, 121.2, 5.0, 442.0
20210330152138.36, 121.3, 5.0, 442.0
20210330152139.43, 121.3, 5.0, 442.0
20210330152140.51, 121.2, 5.0, 441.0
20210330152141.57, 121.2, 5.0, 441.0
20210330152142.65, 121.3, 5.0, 443.0
20210330152143.72, 121.3, 5.0, 443.0
20210330152144.78, 121.3, 5.0, 442.0
20210330152145.84, 121.3, 5.0, 442.0
20210330152146.91, 121.3, 5.0, 439.0
20210330152147.97, 121.3, 5.0, 439.0
20210330152149.05, 121.3, 5.0, 446.0
20210330152150.12, 121.3, 5.0, 446.0
20210330152151.19, 121.3, 5.0, 443.0
20210330152152.27, 121.3, 5.0, 443.0
20210330152153.33, 121.3, 5.1, 442.0
20210330152154.38, 121.3, 5.1, 442.0
20210330152155.44, 121.3, 5.1, 441.0
20210330152156.52, 121.3, 5.1, 441.0
20210330152157.58, 121.4, 5.1, 444.0
20210330152158.66, 121.4, 5.1, 444.0
20210330152159.8, 121.4, 5.1, 444.0
20210330152200.86, 121.4, 5.1, 435.0
20210330152201.91, 121.4, 5.1, 435.0
20210330152202.97, 121.3, 5.1, 440.0
20210330152204.04, 121.3, 5.1, 440.0
20210330152205.11, 121.3, 5.1, 440.0
20210330152206.19, 121.3, 5.1, 440.0
20210330152207.26, 121.3, 5.1, 443.0
20210330152208.32, 121.3, 5.1, 443.0
20210330152209.38, 121.3, 5.1, 441.0
20210330152210.44, 121.3, 5.1, 441.0
20210330152211.5, 121.2, 5.1, 438.0
20210330152212.57, 121.2, 5.1, 438.0
20210330152213.64, 121.2, 5.1, 440.0
20210330152214.72, 121.2, 5.1, 440.0
20210330152215.78, 121.2, 5.1, 444.0
20210330152216.85, 121.2, 5.1, 444.0
20210330152217.9, 121.2, 5.1, 442.0
20210330152218.98, 121.2, 5.1, 442.0
20210330152220.04, 121.3, 5.1, 442.0
20210330152221.1, 121.3, 5.1, 442.0
20210330152222.17, 121.3, 5.1, 443.0
20210330152223.25, 121.3, 5.1, 443.0
20210330152224.38, 121.3, 5.1, 441.0
20210330152225.44, 121.3, 5.1, 441.0
20210330152226.5, 121.3, 5.1, 443.0
20210330152227.56, 121.3, 5.1, 443.0
20210330152228.62, 121.3, 5.1, 440.0
20210330152229.68, 121.3, 5.1, 440.0
20210330152230.75, 121.4, 5.1, 443.0
20210330152231.83, 121.4, 5.1, 443.0
20210330152232.88, 121.3, 5.1, 441.0
20210330152233.96, 121.3, 5.1, 441.0
20210330152235.02, 121.3, 5.1, 442.0
20210330152236.09, 121.3, 5.1, 442.0
20210330152237.16, 121.3, 5.1, 445.0
20210330152238.23, 121.3, 5.1, 445.0
20210330152239.29, 121.3, 5.1, 445.0
20210330152240.36, 121.3, 5.1, 445.0
20210330152241.42, 121.3, 5.1, 443.0
20210330152242.6, 121.3, 5.1, 441.0
20210330152243.67, 121.3, 5.1, 441.0
20210330152244.74, 121.4, 5.1, 429.0
20210330152245.84, 121.4, 5.1, 429.0
20210330152246.92, 121.3, 5.1, 430.0
20210330152247.99, 121.3, 5.1, 430.0
20210330152249.06, 121.4, 5.1, 431.0
20210330152250.13, 121.4, 5.1, 431.0
20210330152251.19, 121.3, 5.1, 427.0
20210330152252.26, 121.3, 5.1, 427.0
20210330152253.32, 121.4, 5.1, 430.0
20210330152254.39, 121.4, 5.1, 430.0
20210330152255.44, 121.4, 4.8, 431.0
20210330152256.51, 121.4, 4.8, 431.0
20210330152257.59, 121.4, 4.8, 431.0
20210330152258.66, 121.4, 4.8, 431.0
20210330152259.73, 121.3, 4.8, 432.0
20210330152300.8, 121.3, 4.8, 432.0
20210330152301.86, 121.4, 4.8, 431.0
20210330152302.93, 121.4, 4.8, 431.0
20210330152303.98, 121.4, 4.8, 428.0
20210330152305.05, 121.4, 4.8, 428.0
20210330152306.12, 121.3, 4.8, 429.0
20210330152307.19, 121.3, 4.8, 429.0
20210330152308.26, 121.3, 4.8, 431.0
20210330152309.33, 121.3, 4.8, 431.0
20210330152310.39, 121.3, 4.8, 434.0
20210330152311.46, 121.3, 4.8, 434.0
20210330152312.52, 121.2, 4.8, 426.0
20210330152313.57, 121.2, 4.8, 426.0
20210330152314.63, 121.2, 4.8, 429.0
20210330152315.7, 121.2, 4.8, 429.0
20210330152316.77, 121.3, 4.8, 299.0
20210330152317.84, 121.3, 4.8, 299.0
20210330152318.9, 121.3, 4.8, 280.0
20210330152319.97, 121.3, 4.8, 280.0
20210330152321.04, 121.3, 4.8, 278.0
20210330152322.11, 121.3, 4.8, 278.0
20210330152323.18, 121.3, 4.8, 277.0
20210330152324.24, 121.3, 4.8, 277.0
20210330152325.31, 121.3, 2.8, 275.0
20210330152326.5, 121.3, 2.8, 280.0
20210330152327.57, 121.3, 2.8, 280.0
20210330152328.64, 121.3, 2.8, 275.0
20210330152329.71, 121.3, 2.8, 275.0
20210330152330.77, 121.3, 2.8, 280.0
20210330152331.84, 121.3, 2.8, 280.0
20210330152332.91, 121.4, 2.8, 275.0
20210330152333.98, 121.4, 2.8, 275.0
20210330152335.04, 121.4, 2.8, 276.0
20210330152336.11, 121.4, 2.8, 276.0
20210330152337.17, 121.4, 2.8, 280.0
20210330152338.23, 121.4, 2.8, 280.0
20210330152339.3, 121.4, 2.8, 277.0
20210330152340.37, 121.4, 2.8, 277.0
20210330152341.43, 121.4, 2.6999999999999997, 277.0
20210330152342.51, 121.4, 2.6999999999999997, 277.0
20210330152343.58, 121.3, 2.6999999999999997, 275.0
20210330152344.66, 121.3, 2.6999999999999997, 275.0
20210330152345.73, 121.4, 2.6999999999999997, 282.0
20210330152346.8, 121.4, 2.6999999999999997, 282.0
20210330152347.86, 121.3, 2.6999999999999997, 277.0
20210330152348.94, 121.3, 2.6999999999999997, 277.0
20210330152350.0, 121.3, 2.6999999999999997, 282.0
20210330152351.07, 121.3, 2.6999999999999997, 282.0
20210330152352.14, 121.3, 2.6999999999999997, 276.0
20210330152353.23, 121.3, 2.6999999999999997, 276.0
20210330152354.29, 121.3, 2.6999999999999997, 277.0
20210330152355.36, 121.3, 2.6999999999999997, 277.0
20210330152356.43, 121.3, 2.6999999999999997, 279.0
20210330152357.5, 121.3, 2.6999999999999997, 279.0
20210330152358.55, 121.3, 2.9, 278.0
20210330152359.63, 121.3, 2.9, 278.0
20210330152400.71, 121.4, 2.9, 280.0
20210330152401.8, 121.4, 2.9, 280.0
20210330152402.86, 121.4, 2.9, 280.0
20210330152403.94, 121.4, 2.9, 280.0
20210330152405.01, 121.4, 2.9, 277.0
20210330152406.1, 121.4, 2.9, 278.0
20210330152407.26, 121.3, 2.9, 278.0
20210330152408.32, 121.3, 2.9, 278.0
20210330152409.41, 121.3, 2.9, 278.0
20210330152410.46, 121.3, 2.9, 281.0
20210330152411.54, 121.3, 2.9, 281.0
20210330152412.61, 121.4, 2.6999999999999997, 280.0
20210330152413.68, 121.4, 2.6999999999999997, 280.0
20210330152414.74, 121.4, 2.6999999999999997, 280.0
20210330152415.81, 121.4, 2.6999999999999997, 280.0
20210330152416.91, 121.4, 2.6999999999999997, 279.0
20210330152417.98, 121.4, 2.6999999999999997, 279.0
20210330152419.04, 121.3, 2.6999999999999997, 280.0
20210330152420.11, 121.3, 2.6999999999999997, 280.0
20210330152421.17, 121.3, 2.6999999999999997, 280.0
20210330152422.25, 121.3, 2.6999999999999997, 280.0
20210330152423.31, 121.4, 2.6999999999999997, 275.0
20210330152424.37, 121.4, 2.6999999999999997, 275.0
20210330152425.45, 121.4, 2.6999999999999997, 278.0
20210330152426.54, 121.4, 2.6999999999999997, 278.0
20210330152427.6, 121.4, 2.8, 274.0
20210330152428.66, 121.4, 2.8, 274.0
20210330152429.73, 121.4, 2.8, 276.0
20210330152430.8, 121.4, 2.8, 276.0
20210330152431.88, 121.3, 2.8, 275.0
20210330152432.95, 121.3, 2.8, 275.0
20210330152434.02, 121.3, 2.8, 278.0
20210330152435.08, 121.3, 2.8, 278.0
20210330152436.15, 121.3, 2.8, 278.0
20210330152437.22, 121.3, 2.8, 278.0
20210330152438.28, 121.3, 2.8, 274.0
20210330152439.34, 121.3, 2.8, 274.0
20210330152440.41, 121.3, 2.8, 278.0
20210330152441.48, 121.3, 2.8, 278.0
20210330152442.54, 121.2, 2.8, 276.0
20210330152443.61, 121.2, 2.8, 276.0
20210330152444.68, 121.2, 2.8, 278.0
20210330152445.76, 121.2, 2.8, 278.0
20210330152446.82, 121.2, 2.8, 275.0
20210330152447.98, 121.2, 2.8, 277.0
20210330152449.05, 121.2, 2.8, 277.0
20210330152450.11, 121.3, 2.8, 278.0
20210330152451.16, 121.3, 2.8, 278.0
20210330152452.23, 121.2, 2.8, 279.0
20210330152453.29, 121.2, 2.8, 279.0
20210330152454.36, 121.2, 2.8, 276.0
20210330152455.44, 121.2, 2.8, 276.0
20210330152456.5, 121.3, 2.8, 278.0
20210330152457.55, 121.3, 2.8, 278.0
20210330152458.61, 121.2, 2.8, 275.0
20210330152459.67, 121.2, 2.8, 275.0
20210330152500.73, 121.3, 2.8, 279.0
20210330152501.79, 121.3, 2.8, 279.0
20210330152502.84, 121.2, 2.8, 277.0
20210330152503.91, 121.2, 2.8, 277.0
20210330152504.97, 121.2, 2.8, 276.0
20210330152506.03, 121.2, 2.8, 276.0
20210330152507.09, 121.2, 2.8, 277.0
20210330152508.16, 121.2, 2.8, 277.0
20210330152509.23, 121.2, 2.8, 278.0
20210330152510.29, 121.2, 2.8, 278.0
20210330152511.36, 121.2, 2.8, 277.0
20210330152512.44, 121.2, 2.8, 277.0
20210330152513.5, 121.3, 2.8, 281.0
20210330152514.56, 121.3, 2.8, 281.0
20210330152515.63, 121.3, 2.8, 283.0
20210330152516.7, 121.3, 2.8, 283.0
20210330152517.78, 121.3, 2.8, 278.0
20210330152518.85, 121.3, 2.8, 278.0
20210330152519.9, 121.3, 2.8, 277.0
20210330152520.95, 121.3, 2.8, 277.0
20210330152522.0, 121.3, 2.8, 275.0
20210330152523.08, 121.3, 2.8, 275.0
20210330152524.13, 121.3, 2.8, 279.0
20210330152525.21, 121.3, 2.8, 279.0
20210330152526.27, 121.3, 2.8, 277.0
20210330152527.33, 121.3, 2.8, 277.0
20210330152528.39, 121.2, 2.8, 275.0
20210330152529.46, 121.2, 2.8, 275.0
20210330152530.52, 121.2, 2.8, 277.0
20210330152531.58, 121.2, 2.8, 277.0
20210330152532.65, 121.2, 2.8, 280.0
20210330152533.72, 121.2, 2.8, 280.0
20210330152534.78, 121.2, 2.8, 275.0
20210330152535.85, 121.2, 2.8, 275.0
20210330152536.91, 121.3, 2.8, 280.0
20210330152538.1, 121.3, 2.8, 273.0
20210330152539.17, 121.3, 2.8, 273.0
20210330152540.23, 121.3, 2.8, 281.0
20210330152541.3, 121.3, 2.8, 281.0
20210330152542.36, 121.3, 2.8, 278.0
20210330152543.43, 121.3, 2.8, 278.0
20210330152544.5, 121.3, 2.8, 278.0
20210330152545.56, 121.3, 2.8, 278.0
20210330152546.62, 121.2, 2.8, 278.0
20210330152547.7, 121.2, 2.8, 278.0
20210330152548.75, 121.2, 2.8, 280.0
20210330152549.83, 121.2, 2.8, 280.0
20210330152550.89, 121.2, 2.8, 278.0
20210330152551.96, 121.2, 2.8, 278.0
20210330152553.03, 121.2, 2.8, 275.0
20210330152554.11, 121.2, 2.8, 275.0
20210330152555.16, 121.2, 2.8, 277.0
20210330152556.25, 121.2, 2.8, 277.0
20210330152557.31, 121.2, 2.8, 273.0
20210330152558.41, 121.2, 2.8, 273.0
20210330152559.48, 121.3, 2.8, 277.0
20210330152600.55, 121.3, 2.8, 277.0
20210330152601.61, 121.3, 2.8, 278.0
20210330152602.67, 121.3, 2.8, 278.0
20210330152603.74, 121.2, 2.8, 273.0
20210330152604.81, 121.2, 2.8, 273.0
20210330152605.88, 121.2, 2.8, 277.0
20210330152606.96, 121.2, 2.8, 277.0
20210330152608.03, 121.3, 2.8, 278.0
20210330152609.11, 121.3, 2.8, 278.0
20210330152610.16, 121.2, 2.8, 273.0
20210330152611.23, 121.2, 2.8, 273.0
20210330152612.29, 121.3, 2.8, 279.0
20210330152613.36, 121.3, 2.8, 279.0
20210330152614.43, 121.3, 2.8, 277.0
20210330152615.5, 121.3, 2.8, 277.0
20210330152616.58, 121.3, 2.8, 276.0
20210330152617.65, 121.3, 2.8, 276.0
20210330152618.71, 121.3, 2.8, 278.0
20210330152619.78, 121.2, 2.8, 278.0
20210330152620.93, 121.2, 2.8, 278.0
20210330152621.99, 121.2, 2.8, 275.0
20210330152623.06, 121.2, 2.8, 275.0
20210330152624.12, 121.2, 2.8, 277.0
20210330152625.19, 121.2, 2.8, 277.0
20210330152626.25, 121.2, 2.8, 282.0
20210330152627.32, 121.2, 2.8, 282.0
20210330152628.38, 121.1, 2.8, 274.0
20210330152629.45, 121.1, 2.8, 274.0
20210330152630.51, 121.2, 2.9, 276.0
20210330152631.57, 121.2, 2.9, 276.0
20210330152632.63, 121.2, 2.9, 275.0
20210330152633.69, 121.2, 2.9, 275.0
20210330152634.75, 121.3, 2.9, 278.0
20210330152635.82, 121.3, 2.9, 278.0
20210330152636.88, 121.3, 2.9, 275.0
20210330152637.95, 121.3, 2.9, 275.0
20210330152639.02, 121.3, 2.9, 278.0
20210330152640.09, 121.3, 2.9, 278.0
20210330152641.15, 121.3, 2.9, 287.0
20210330152642.21, 121.3, 2.9, 287.0
20210330152643.27, 121.3, 2.9, 357.0
20210330152644.34, 121.3, 2.9, 357.0
20210330152645.42, 121.2, 2.9, 440.0
20210330152646.49, 121.2, 2.9, 440.0
20210330152647.56, 121.2, 5.1, 440.0
20210330152648.62, 121.2, 5.1, 440.0
20210330152649.7, 121.2, 5.1, 440.0
20210330152650.77, 121.2, 5.1, 440.0
20210330152651.83, 121.2, 5.1, 444.0
20210330152652.9, 121.2, 5.1, 444.0
20210330152653.97, 121.2, 5.1, 442.0
20210330152655.04, 121.2, 5.1, 442.0
20210330152656.1, 121.2, 5.1, 445.0
20210330152657.17, 121.2, 5.1, 445.0
20210330152658.24, 121.2, 5.1, 441.0
20210330152659.31, 121.2, 5.1, 441.0
20210330152700.37, 121.2, 5.1, 442.0
20210330152701.43, 121.2, 5.1, 442.0
20210330152702.48, 121.3, 5.1, 444.0
20210330152703.55, 121.3, 5.1, 444.0
20210330152704.61, 121.3, 5.1, 442.0
20210330152705.67, 121.3, 5.1, 442.0
20210330152706.73, 121.2, 5.1, 439.0
20210330152707.91, 121.3, 5.1, 444.0
20210330152708.96, 121.3, 5.1, 444.0
20210330152710.02, 121.4, 5.1, 443.0
20210330152711.1, 121.4, 5.1, 443.0
20210330152712.16, 121.3, 5.1, 440.0
20210330152713.23, 121.3, 5.1, 440.0
20210330152714.29, 121.2, 5.1, 444.0
20210330152715.38, 121.2, 5.1, 444.0
20210330152716.44, 121.2, 5.1, 444.0
20210330152717.51, 121.2, 5.1, 444.0
20210330152718.58, 121.2, 5.1, 437.0
20210330152719.66, 121.2, 5.1, 437.0
20210330152720.71, 121.1, 5.1, 441.0
20210330152721.77, 121.1, 5.1, 441.0
20210330152722.84, 121.3, 5.1, 436.0
20210330152723.91, 121.3, 5.1, 436.0
20210330152724.98, 121.2, 5.1, 438.0
20210330152726.05, 121.2, 5.1, 438.0
20210330152727.12, 121.2, 5.1, 435.0
20210330152728.2, 121.2, 5.1, 435.0
20210330152729.26, 121.1, 5.1, 873.0
20210330152730.34, 121.1, 5.1, 873.0
20210330152731.39, 121.2, 5.1, 443.0
20210330152732.46, 121.2, 5.1, 443.0
20210330152733.53, 121.3, 5.1, 446.0
20210330152734.59, 121.3, 5.1, 446.0
20210330152735.64, 121.3, 5.1, 442.0
20210330152736.7, 121.3, 5.1, 442.0
20210330152737.76, 121.3, 5.1, 441.0
20210330152738.82, 121.3, 5.1, 441.0
20210330152739.87, 121.3, 5.1, 442.0
20210330152740.95, 121.3, 5.1, 442.0
20210330152742.0, 121.3, 5.1, 442.0
20210330152743.06, 121.3, 5.1, 442.0
20210330152744.12, 121.0, 5.1, 431.0
20210330152745.2, 121.0, 5.1, 431.0
20210330152746.25, 121.3, 5.1, 443.0
20210330152747.32, 121.3, 5.1, 443.0
20210330152748.38, 121.3, 5.1, 442.0
20210330152749.45, 121.3, 5.1, 442.0
20210330152750.51, 121.3, 5.1, 441.0
20210330152751.57, 121.3, 5.1, 441.0
20210330152752.64, 121.3, 5.1, 437.0
20210330152753.71, 121.3, 5.1, 437.0
20210330152754.76, 121.3, 5.1, 439.0
20210330152755.83, 121.3, 5.1, 439.0
20210330152756.9, 121.3, 5.1, 443.0
20210330152757.96, 121.3, 5.1, 445.0
20210330152759.11, 121.3, 5.1, 445.0
20210330152800.17, 121.2, 5.1, 438.0
20210330152801.23, 121.2, 5.1, 438.0
20210330152802.29, 121.2, 5.1, 437.0
20210330152803.35, 121.2, 5.1, 437.0
20210330152804.41, 121.2, 5.0, 442.0
20210330152805.48, 121.2, 5.0, 442.0
20210330152806.54, 121.2, 5.0, 443.0
20210330152807.61, 121.2, 5.0, 443.0
20210330152808.69, 121.2, 5.0, 443.0
20210330152809.74, 121.2, 5.0, 443.0
20210330152810.81, 121.2, 5.0, 441.0
20210330152811.88, 121.2, 5.0, 441.0
20210330152812.94, 121.2, 5.0, 441.0
20210330152814.0, 121.2, 5.0, 441.0
20210330152815.06, 121.2, 5.0, 443.0
20210330152816.13, 121.2, 5.0, 443.0
20210330152817.19, 121.2, 5.0, 438.0
20210330152818.25, 121.2, 5.0, 438.0
20210330152819.3, 121.2, 5.1, 439.0
20210330152820.36, 121.2, 5.1, 439.0
20210330152821.41, 121.2, 5.1, 440.0
20210330152822.47, 121.2, 5.1, 440.0
20210330152823.53, 121.1, 5.1, 437.0
20210330152824.61, 121.1, 5.1, 437.0
20210330152825.66, 121.2, 5.1, 443.0
20210330152826.73, 121.2, 5.1, 443.0
20210330152827.79, 121.1, 5.1, 443.0
20210330152828.87, 121.1, 5.1, 443.0
20210330152829.93, 121.2, 5.1, 440.0
20210330152831.01, 121.2, 5.1, 440.0
20210330152832.08, 121.2, 5.1, 442.0
20210330152833.15, 121.2, 5.1, 442.0
20210330152834.21, 121.2, 5.1, 441.0
20210330152835.27, 121.2, 5.1, 441.0
20210330152836.33, 121.2, 5.1, 443.0
20210330152837.41, 121.2, 5.1, 443.0
20210330152838.46, 121.3, 5.1, 443.0
20210330152839.54, 121.3, 5.1, 443.0
20210330152840.61, 121.3, 5.1, 440.0
20210330152841.68, 121.3, 5.1, 440.0
20210330152842.73, 121.2, 5.1, 428.0
20210330152843.81, 121.2, 5.1, 428.0
20210330152844.88, 121.2, 5.1, 433.0
20210330152846.06, 121.3, 5.1, 433.0
20210330152847.13, 121.3, 5.1, 433.0
20210330152848.19, 121.3, 5.1, 434.0
20210330152849.25, 121.3, 5.1, 434.0
20210330152850.31, 121.3, 4.9, 431.0
20210330152851.37, 121.3, 4.9, 431.0
20210330152852.44, 121.3, 4.9, 429.0
20210330152853.51, 121.3, 4.9, 429.0
20210330152854.57, 121.3, 4.9, 434.0
20210330152855.63, 121.3, 4.9, 434.0
20210330152856.71, 121.3, 4.9, 432.0
20210330152857.78, 121.3, 4.9, 432.0
20210330152858.85, 121.3, 4.9, 429.0
20210330152859.92, 121.3, 4.9, 429.0
20210330152900.98, 121.3, 4.9, 432.0
20210330152902.04, 121.3, 4.9, 432.0
20210330152903.11, 121.3, 4.9, 427.0
20210330152904.17, 121.3, 4.9, 427.0
20210330152905.23, 121.2, 4.9, 432.0
20210330152906.28, 121.2, 4.9, 432.0
20210330152907.34, 121.2, 4.8, 431.0
20210330152908.41, 121.2, 4.8, 431.0
20210330152909.46, 121.3, 4.8, 429.0
20210330152910.54, 121.3, 4.8, 429.0
20210330152911.61, 121.3, 4.8, 431.0
20210330152912.67, 121.3, 4.8, 431.0
20210330152913.73, 121.3, 4.8, 431.0
20210330152914.8, 121.3, 4.8, 431.0
20210330152915.87, 121.2, 4.8, 428.0
20210330152916.95, 121.2, 4.8, 428.0
20210330152918.03, 121.2, 4.8, 427.0
20210330152919.09, 121.2, 4.8, 427.0
20210330152920.15, 121.2, 4.8, 429.0
20210330152921.23, 121.2, 4.8, 429.0
20210330152922.29, 121.2, 4.9, 427.0
20210330152923.35, 121.2, 4.9, 427.0
20210330152924.43, 121.2, 4.9, 426.0
20210330152925.5, 121.2, 4.9, 426.0
20210330152926.56, 121.3, 4.9, 431.0
20210330152927.62, 121.3, 4.9, 431.0
20210330152928.7, 121.3, 4.9, 432.0
20210330152929.76, 121.3, 4.9, 432.0
20210330152930.83, 121.3, 4.9, 345.0
20210330152931.9, 121.3, 4.9, 345.0
20210330152932.96, 121.4, 4.9, 279.0
20210330152934.02, 121.4, 4.9, 278.0
20210330152935.17, 121.4, 4.9, 278.0
20210330152936.23, 121.4, 4.9, 278.0
20210330152937.29, 121.4, 4.9, 278.0
20210330152938.35, 121.3, 2.8, 275.0
20210330152939.43, 121.3, 2.8, 275.0
20210330152940.48, 121.3, 2.8, 278.0
20210330152941.54, 121.3, 2.8, 278.0
20210330152942.6, 121.3, 2.8, 279.0
20210330152943.67, 121.3, 2.8, 279.0
20210330152944.74, 121.3, 2.8, 279.0
20210330152945.8, 121.3, 2.8, 279.0
20210330152946.86, 121.3, 2.8, 278.0
20210330152947.93, 121.3, 2.8, 278.0
20210330152948.99, 121.3, 2.8, 278.0
20210330152950.06, 121.3, 2.8, 278.0
20210330152951.12, 121.4, 2.8, 275.0
20210330152952.18, 121.4, 2.8, 275.0
20210330152953.25, 121.4, 2.8, 275.0
20210330152954.32, 121.4, 2.8, 275.0
20210330152955.39, 121.4, 2.8, 274.0
20210330152956.46, 121.4, 2.8, 274.0
20210330152957.54, 121.4, 2.8, 278.0
20210330152958.61, 121.4, 2.8, 278.0
20210330152959.68, 121.4, 2.8, 275.0
20210330153000.75, 121.4, 2.8, 275.0
20210330153001.82, 121.4, 2.8, 275.0
20210330153002.88, 121.4, 2.8, 275.0
20210330153003.95, 121.3, 2.8, 276.0
20210330153005.03, 121.3, 2.8, 276.0
20210330153006.12, 121.3, 2.8, 276.0
20210330153007.19, 121.3, 2.8, 276.0
20210330153008.25, 121.3, 2.8, 280.0
20210330153009.32, 121.3, 2.8, 280.0
20210330153010.39, 121.3, 2.8, 280.0
20210330153011.46, 121.3, 2.8, 280.0
20210330153012.53, 121.4, 2.8, 278.0
20210330153013.59, 121.4, 2.8, 278.0
20210330153014.66, 121.4, 2.8, 278.0
20210330153015.73, 121.4, 2.8, 278.0
20210330153016.8, 121.5, 2.8, 280.0
20210330153017.86, 121.5, 2.8, 277.0
20210330153019.03, 121.5, 2.8, 277.0
20210330153020.12, 121.5, 2.8, 275.0
20210330153021.2, 121.5, 2.8, 275.0
20210330153022.25, 121.5, 2.9, 279.0
20210330153023.33, 121.5, 2.9, 279.0
20210330153024.38, 121.5, 2.9, 275.0
20210330153025.46, 121.5, 2.9, 275.0
20210330153026.52, 121.5, 2.9, 277.0
20210330153027.6, 121.5, 2.9, 277.0
20210330153028.67, 121.5, 2.9, 278.0
20210330153029.74, 121.5, 2.9, 278.0
20210330153030.82, 121.5, 2.9, 281.0
20210330153031.89, 121.5, 2.9, 281.0
20210330153032.94, 121.4, 2.9, 278.0
20210330153034.01, 121.4, 2.9, 278.0
20210330153035.07, 121.4, 2.9, 280.0
20210330153036.15, 121.4, 2.9, 280.0
20210330153037.21, 121.4, 2.9, 278.0
20210330153038.27, 121.4, 2.9, 278.0
20210330153039.32, 121.4, 2.9, 276.0
20210330153040.39, 121.4, 2.9, 276.0
20210330153041.46, 121.4, 2.8, 280.0
20210330153042.53, 121.4, 2.8, 280.0
20210330153043.59, 121.4, 2.8, 277.0
20210330153044.65, 121.4, 2.8, 277.0
20210330153045.72, 121.4, 2.8, 276.0
20210330153046.79, 121.4, 2.8, 276.0
20210330153047.85, 121.4, 2.8, 280.0
20210330153048.92, 121.4, 2.8, 280.0
20210330153050.0, 121.4, 2.8, 280.0
20210330153051.06, 121.4, 2.8, 280.0
20210330153052.12, 121.4, 2.8, 280.0
20210330153053.18, 121.4, 2.8, 280.0
20210330153054.23, 121.4, 2.8, 278.0
20210330153055.29, 121.4, 2.8, 278.0
20210330153056.36, 121.3, 2.6999999999999997, 275.0
20210330153057.44, 121.3, 2.6999999999999997, 275.0
20210330153058.51, 121.4, 2.6999999999999997, 274.0
20210330153059.6, 121.4, 2.6999999999999997, 274.0
20210330153100.66, 121.4, 2.6999999999999997, 279.0
20210330153101.83, 121.4, 2.6999999999999997, 276.0
20210330153102.89, 121.4, 2.6999999999999997, 276.0
20210330153103.95, 121.3, 2.6999999999999997, 277.0
20210330153105.01, 121.3, 2.6999999999999997, 277.0
20210330153106.07, 121.4, 2.6999999999999997, 278.0
20210330153107.14, 121.4, 2.6999999999999997, 278.0
20210330153108.22, 121.4, 2.6999999999999997, 279.0
20210330153109.28, 121.4, 2.6999999999999997, 279.0
20210330153110.34, 121.4, 2.9, 277.0
20210330153111.39, 121.4, 2.9, 277.0
20210330153112.45, 121.4, 2.9, 278.0
20210330153113.51, 121.4, 2.9, 278.0
20210330153114.57, 121.4, 2.9, 276.0
20210330153115.63, 121.4, 2.9, 276.0
20210330153116.72, 121.5, 2.9, 280.0
20210330153117.79, 121.5, 2.9, 280.0
20210330153118.85, 121.5, 2.9, 281.0
20210330153119.93, 121.5, 2.9, 281.0
20210330153120.99, 121.4, 2.9, 280.0
20210330153122.06, 121.4, 2.9, 280.0
20210330153123.14, 121.4, 2.9, 276.0
20210330153124.21, 121.4, 2.9, 276.0
20210330153125.27, 121.4, 2.6999999999999997, 276.0
20210330153126.33, 121.4, 2.6999999999999997, 276.0
20210330153127.4, 121.4, 2.6999999999999997, 276.0
20210330153128.47, 121.4, 2.6999999999999997, 276.0
20210330153129.54, 121.4, 2.6999999999999997, 277.0
20210330153130.61, 121.4, 2.6999999999999997, 277.0
20210330153131.68, 121.3, 2.6999999999999997, 275.0
20210330153132.74, 121.3, 2.6999999999999997, 275.0
20210330153133.8, 121.4, 2.6999999999999997, 280.0
20210330153134.86, 121.4, 2.6999999999999997, 280.0
20210330153135.92, 121.5, 2.6999999999999997, 281.0
20210330153136.98, 121.5, 2.6999999999999997, 281.0
20210330153138.04, 121.4, 2.6999999999999997, 278.0
20210330153139.11, 121.4, 2.6999999999999997, 278.0
20210330153140.16, 121.5, 2.6999999999999997, 276.0
20210330153141.23, 121.5, 2.6999999999999997, 276.0
20210330153142.29, 121.5, 2.8, 277.0
20210330153143.36, 121.5, 2.8, 277.0
20210330153144.43, 121.5, 2.8, 279.0
20210330153145.5, 121.5, 2.8, 279.0
20210330153146.56, 121.4, 2.8, 275.0
20210330153147.62, 121.4, 2.8, 275.0
20210330153148.68, 121.4, 2.8, 275.0
20210330153149.76, 121.4, 2.8, 279.0
20210330153150.93, 121.5, 2.8, 279.0
20210330153152.0, 121.5, 2.8, 280.0
20210330153153.07, 121.5, 2.8, 280.0
20210330153154.14, 121.5, 2.8, 278.0
20210330153155.22, 121.5, 2.8, 278.0
20210330153156.28, 121.4, 2.6999999999999997, 277.0
20210330153157.35, 121.4, 2.6999999999999997, 277.0
20210330153158.41, 121.5, 2.6999999999999997, 276.0
20210330153159.48, 121.5, 2.6999999999999997, 276.0
20210330153200.56, 121.5, 2.6999999999999997, 278.0
20210330153201.62, 121.5, 2.6999999999999997, 278.0
20210330153202.68, 121.5, 2.6999999999999997, 279.0
20210330153203.75, 121.5, 2.6999999999999997, 279.0
20210330153204.81, 121.5, 2.6999999999999997, 279.0
20210330153205.88, 121.5, 2.6999999999999997, 279.0
20210330153206.94, 121.4, 2.6999999999999997, 275.0
20210330153208.02, 121.4, 2.6999999999999997, 275.0
20210330153209.07, 121.5, 2.6999999999999997, 276.0
20210330153210.14, 121.5, 2.6999999999999997, 276.0
20210330153211.21, 121.4, 2.8, 274.0
20210330153212.29, 121.4, 2.8, 274.0
20210330153213.37, 121.4, 2.8, 278.0
20210330153214.44, 121.4, 2.8, 278.0
20210330153215.5, 121.4, 2.8, 274.0
20210330153216.58, 121.4, 2.8, 274.0
20210330153217.63, 121.4, 2.8, 277.0
20210330153218.7, 121.4, 2.8, 277.0
20210330153219.77, 121.4, 2.8, 275.0
20210330153220.85, 121.4, 2.8, 275.0
20210330153221.93, 121.4, 2.8, 279.0
20210330153223.0, 121.4, 2.8, 279.0
20210330153224.06, 121.3, 2.8, 280.0
20210330153225.14, 121.3, 2.8, 280.0
20210330153226.19, 121.4, 2.8, 279.0
20210330153227.26, 121.4, 2.8, 279.0
20210330153228.32, 121.4, 2.8, 280.0
20210330153229.38, 121.4, 2.8, 280.0
20210330153230.45, 121.4, 2.8, 275.0
20210330153231.63, 121.4, 2.8, 278.0
20210330153232.7, 121.4, 2.8, 278.0
20210330153233.75, 121.5, 2.8, 280.0
20210330153234.81, 121.5, 2.8, 280.0
20210330153235.87, 121.5, 2.8, 286.0
20210330153236.93, 121.5, 2.8, 286.0
20210330153237.99, 121.4, 2.8, 434.0
20210330153239.06, 121.4, 2.8, 434.0
20210330153240.11, 121.4, 2.8, 443.0
20210330153241.18, 121.4, 2.8, 443.0
20210330153242.25, 121.4, 5.1, 442.0
20210330153243.3, 121.4, 5.1, 442.0
20210330153244.36, 121.4, 5.1, 442.0
20210330153245.41, 121.4, 5.1, 442.0
20210330153246.47, 121.4, 5.1, 440.0
20210330153247.55, 121.4, 5.1, 440.0
20210330153248.61, 121.5, 5.1, 444.0
20210330153249.68, 121.5, 5.1, 444.0
20210330153250.75, 121.5, 5.1, 443.0
20210330153251.82, 121.5, 5.1, 443.0
20210330153252.9, 121.5, 5.1, 445.0
20210330153253.97, 121.5, 5.1, 445.0
20210330153255.04, 121.5, 5.1, 444.0
20210330153256.11, 121.5, 5.1, 444.0
20210330153257.15, 121.5, 5.1, 445.0
20210330153258.24, 121.5, 5.1, 445.0
20210330153259.3, 121.5, 5.1, 445.0
20210330153300.36, 121.5, 5.1, 445.0
20210330153301.41, 121.5, 5.1, 443.0
20210330153302.47, 121.5, 5.1, 443.0
20210330153303.52, 121.4, 5.1, 442.0
20210330153304.59, 121.4, 5.1, 442.0
20210330153305.65, 121.4, 5.1, 444.0
20210330153306.71, 121.4, 5.1, 444.0
20210330153307.76, 121.4, 5.1, 445.0
20210330153308.82, 121.4, 5.1, 445.0
20210330153309.88, 121.4, 5.1, 444.0
20210330153310.95, 121.4, 5.1, 444.0
20210330153312.03, 121.4, 5.1, 442.0
20210330153313.09, 121.4, 5.1, 442.0
20210330153314.14, 121.4, 5.0, 439.0
20210330153315.2, 121.4, 5.0, 439.0
20210330153316.25, 121.4, 5.0, 435.0
20210330153317.32, 121.4, 5.0, 435.0
20210330153318.4, 121.4, 5.0, 438.0
20210330153319.47, 121.4, 5.0, 438.0
20210330153320.53, 121.4, 5.0, 440.0
20210330153321.59, 121.4, 5.0, 440.0
20210330153322.67, 121.4, 5.0, 439.0
20210330153323.75, 121.4, 5.0, 439.0
20210330153324.8, 121.5, 5.0, 445.0
20210330153325.88, 121.5, 5.0, 445.0
20210330153326.93, 121.5, 5.0, 438.0
20210330153328.01, 121.5, 5.0, 438.0
20210330153329.07, 121.5, 5.1, 445.0
20210330153330.14, 121.5, 5.1, 445.0
20210330153331.21, 121.5, 5.1, 443.0
20210330153332.39, 121.5, 5.1, 443.0
20210330153333.47, 121.5, 5.1, 443.0
20210330153334.52, 121.5, 5.1, 443.0
20210330153335.59, 121.5, 5.1, 443.0
20210330153336.66, 121.5, 5.1, 444.0
20210330153337.72, 121.5, 5.1, 444.0
20210330153338.79, 121.5, 5.1, 445.0
20210330153339.85, 121.5, 5.1, 445.0
20210330153340.9, 121.5, 5.1, 440.0
20210330153341.98, 121.5, 5.1, 440.0
20210330153343.04, 121.5, 5.1, 442.0
20210330153344.12, 121.5, 5.1, 442.0
20210330153345.17, 121.5, 5.1, 443.0
20210330153346.23, 121.5, 5.1, 443.0
20210330153347.3, 121.5, 5.1, 444.0
20210330153348.36, 121.5, 5.1, 444.0
20210330153349.42, 121.5, 5.1, 440.0
20210330153350.48, 121.5, 5.1, 440.0
20210330153351.55, 121.4, 5.1, 442.0
20210330153352.63, 121.4, 5.1, 442.0
20210330153353.7, 121.4, 5.1, 439.0
20210330153354.79, 121.4, 5.1, 439.0
20210330153355.84, 121.5, 5.1, 440.0
20210330153356.9, 121.5, 5.1, 440.0
20210330153357.97, 121.4, 5.1, 440.0
20210330153359.04, 121.4, 5.1, 440.0
20210330153400.09, 121.5, 5.1, 441.0
20210330153401.16, 121.5, 5.1, 441.0
20210330153402.21, 121.5, 5.1, 439.0
20210330153403.28, 121.5, 5.1, 439.0
20210330153404.34, 121.3, 5.1, 442.0
20210330153405.4, 121.3, 5.1, 442.0
20210330153406.46, 121.3, 5.1, 441.0
20210330153407.53, 121.3, 5.1, 441.0
20210330153408.59, 121.4, 5.1, 443.0
20210330153409.64, 121.4, 5.1, 443.0
20210330153410.71, 121.3, 5.1, 443.0
20210330153411.79, 121.3, 5.1, 443.0
20210330153412.84, 121.3, 5.1, 441.0
20210330153413.9, 121.3, 5.1, 441.0
20210330153414.96, 121.3, 5.1, 439.0
20210330153416.02, 121.3, 5.1, 439.0
20210330153417.07, 121.3, 5.1, 437.0
20210330153418.14, 121.3, 5.1, 437.0
20210330153419.2, 121.4, 5.1, 444.0
20210330153420.25, 121.4, 5.1, 444.0
20210330153421.32, 121.3, 5.1, 444.0
20210330153422.39, 121.3, 5.1, 444.0
20210330153423.45, 121.4, 5.1, 444.0
20210330153424.5, 121.4, 5.1, 444.0
20210330153425.56, 121.4, 5.1, 442.0
20210330153426.63, 121.4, 5.1, 442.0
20210330153427.68, 121.3, 5.1, 439.0
20210330153428.75, 121.3, 5.1, 439.0
20210330153429.82, 121.3, 5.1, 445.0
20210330153430.89, 121.3, 5.1, 445.0
20210330153431.97, 121.3, 5.1, 444.0
20210330153433.05, 121.3, 5.1, 444.0
20210330153434.12, 121.2, 5.1, 429.0
20210330153435.2, 121.2, 5.1, 429.0
20210330153436.27, 121.2, 5.1, 429.0
20210330153437.34, 121.2, 5.1, 429.0
20210330153438.4, 121.1, 5.1, 429.0
20210330153439.48, 121.1, 5.1, 429.0
20210330153440.53, 121.2, 5.1, 429.0
20210330153441.6, 121.2, 5.1, 429.0
20210330153442.66, 121.2, 5.1, 431.0
20210330153443.71, 121.2, 5.1, 431.0
20210330153444.77, 121.2, 5.1, 427.0
20210330153445.83, 121.2, 5.1, 427.0
20210330153446.89, 121.2, 5.1, 427.0
20210330153447.97, 121.2, 5.1, 427.0
20210330153449.03, 121.2, 4.9, 432.0
20210330153450.12, 121.2, 4.9, 432.0
20210330153451.19, 121.2, 4.9, 429.0
20210330153452.39, 121.2, 4.9, 429.0
20210330153453.46, 121.2, 4.9, 429.0
20210330153454.53, 121.2, 4.9, 433.0
20210330153455.6, 121.2, 4.9, 433.0
20210330153456.66, 121.2, 4.9, 429.0
20210330153457.74, 121.2, 4.9, 429.0
20210330153458.8, 121.1, 4.9, 429.0
20210330153459.86, 121.1, 4.9, 429.0
20210330153500.91, 121.1, 4.9, 432.0
20210330153501.97, 121.1, 4.9, 432.0
20210330153503.05, 121.1, 4.9, 430.0
20210330153504.12, 121.1, 4.9, 430.0
20210330153505.18, 121.1, 4.9, 430.0
20210330153506.23, 121.1, 4.9, 430.0
20210330153507.28, 121.0, 4.9, 430.0
20210330153508.34, 121.0, 4.9, 430.0
20210330153509.39, 121.1, 4.9, 429.0
20210330153510.45, 121.1, 4.9, 429.0
20210330153511.51, 121.2, 4.9, 431.0
20210330153512.57, 121.2, 4.9, 431.0
20210330153513.63, 121.2, 4.9, 434.0
20210330153514.7, 121.2, 4.9, 434.0
20210330153515.76, 121.1, 4.9, 425.0
20210330153516.82, 121.1, 4.9, 425.0
20210330153517.89, 121.1, 4.9, 428.0
20210330153518.96, 121.1, 4.9, 428.0
20210330153520.02, 121.1, 4.9, 432.0
20210330153521.09, 121.1, 4.9, 432.0
20210330153522.15, 121.1, 4.9, 432.0
20210330153523.23, 121.1, 4.9, 432.0
20210330153524.29, 121.1, 4.9, 433.0
20210330153525.35, 121.1, 4.9, 433.0
20210330153526.43, 121.1, 4.9, 278.0
20210330153527.51, 121.1, 4.9, 278.0
20210330153528.59, 121.1, 4.9, 276.0
20210330153529.66, 121.1, 4.9, 276.0
20210330153530.74, 121.1, 4.9, 277.0
20210330153531.82, 121.1, 4.9, 277.0
20210330153532.88, 121.2, 2.6999999999999997, 276.0
20210330153533.95, 121.2, 2.6999999999999997, 276.0
20210330153535.0, 121.2, 2.6999999999999997, 272.0
20210330153536.06, 121.2, 2.6999999999999997, 272.0
20210330153537.12, 121.2, 2.6999999999999997, 286.0
20210330153538.18, 121.2, 2.6999999999999997, 286.0
20210330153539.24, 121.2, 2.6999999999999997, 445.0
20210330153540.31, 121.2, 2.6999999999999997, 445.0
20210330153541.36, 121.2, 2.6999999999999997, 446.0
20210330153542.44, 121.2, 2.6999999999999997, 448.0
20210330153543.59, 121.2, 2.6999999999999997, 448.0
20210330153544.65, 121.1, 2.6999999999999997, 445.0
20210330153545.73, 121.1, 2.6999999999999997, 445.0
20210330153546.8, 121.0, 2.6999999999999997, 444.0
20210330153547.87, 121.0, 2.6999999999999997, 444.0
20210330153548.93, 121.0, 5.1, 443.0
20210330153550.0, 121.0, 5.1, 443.0
20210330153551.05, 121.0, 5.1, 442.0
20210330153552.12, 121.0, 5.1, 442.0
20210330153553.19, 121.0, 5.1, 442.0
20210330153554.27, 121.0, 5.1, 442.0
20210330153555.33, 121.0, 5.1, 445.0
20210330153556.4, 121.0, 5.1, 445.0
20210330153557.47, 121.0, 5.1, 445.0
20210330153558.54, 121.0, 5.1, 445.0
20210330153559.6, 121.0, 5.1, 445.0
20210330153600.68, 121.0, 5.1, 445.0
20210330153601.74, 121.0, 5.1, 442.0
20210330153602.8, 121.0, 5.1, 442.0
20210330153603.86, 121.1, 5.1, 446.0
20210330153604.93, 121.1, 5.1, 446.0
20210330153605.98, 121.1, 5.1, 446.0
20210330153607.06, 121.1, 5.1, 446.0
20210330153608.11, 121.1, 5.1, 444.0
20210330153609.18, 121.1, 5.1, 444.0
20210330153610.23, 121.1, 5.1, 446.0
20210330153611.3, 121.1, 5.1, 446.0
20210330153612.36, 121.1, 5.1, 449.0
20210330153613.41, 121.1, 5.1, 449.0
20210330153614.48, 121.1, 5.1, 437.0
20210330153615.56, 121.1, 5.1, 437.0
20210330153616.63, 121.1, 5.1, 435.0
20210330153617.7, 121.1, 5.1, 435.0
20210330153618.75, 121.1, 4.9, 436.0
20210330153619.83, 121.1, 4.9, 436.0
20210330153620.9, 121.1, 4.9, 437.0
20210330153621.97, 121.1, 4.9, 437.0
20210330153623.04, 121.1, 4.9, 981.0
20210330153624.12, 121.1, 4.9, 981.0
20210330153625.18, 121.1, 4.9, 604.0
20210330153626.25, 121.1, 4.9, 604.0
20210330153627.33, 121.1, 4.9, 440.0
20210330153628.4, 121.1, 4.9, 440.0
20210330153629.46, 121.2, 4.9, 442.0
20210330153630.61, 121.2, 4.9, 444.0
20210330153631.68, 121.2, 4.9, 444.0
20210330153632.74, 121.2, 4.9, 439.0
20210330153633.8, 121.2, 4.9, 439.0
20210330153634.86, 121.2, 5.1, 439.0
20210330153635.93, 121.2, 5.1, 439.0
20210330153636.99, 121.1, 5.1, 441.0
20210330153638.05, 121.1, 5.1, 441.0
20210330153639.11, 121.1, 5.1, 442.0
20210330153640.18, 121.1, 5.1, 442.0
20210330153641.25, 121.1, 5.1, 443.0
20210330153642.32, 121.1, 5.1, 443.0
20210330153643.38, 121.1, 5.1, 440.0
20210330153644.45, 121.1, 5.1, 440.0
20210330153645.52, 121.1, 5.1, 441.0
20210330153646.59, 121.1, 5.1, 441.0
20210330153647.65, 121.1, 5.1, 439.0
20210330153648.72, 121.1, 5.1, 439.0
20210330153649.8, 121.1, 5.1, 440.0
20210330153650.87, 121.1, 5.1, 440.0
20210330153651.93, 121.0, 5.1, 439.0
20210330153653.0, 121.0, 5.1, 439.0
20210330153654.06, 121.0, 5.1, 443.0
20210330153655.14, 121.0, 5.1, 443.0
20210330153656.26, 121.0, 5.1, 443.0
20210330153657.31, 121.0, 5.1, 443.0
20210330153658.38, 121.0, 5.1, 441.0
20210330153659.45, 121.0, 5.1, 441.0
20210330153700.5, 121.1, 5.1, 442.0
20210330153701.58, 121.1, 5.1, 442.0
20210330153702.63, 121.1, 5.1, 441.0
20210330153703.71, 121.1, 5.1, 441.0
20210330153704.78, 121.1, 5.1, 441.0
20210330153705.85, 121.1, 5.1, 441.0
20210330153706.93, 121.1, 5.1, 443.0
20210330153708.0, 121.1, 5.1, 443.0
20210330153709.09, 121.1, 5.1, 447.0
20210330153711.28, 121.1, 5.1, 439.0
20210330153712.37, 121.1, 5.1, 438.0
20210330153713.5, 121.1, 5.1, 438.0
20210330153714.55, 121.1, 5.1, 439.0
20210330153715.62, 121.1, 5.1, 439.0
20210330153716.68, 121.2, 5.1, 442.0
20210330153717.74, 121.2, 5.1, 442.0
20210330153718.79, 121.1, 5.1, 442.0
20210330153719.86, 121.1, 5.1, 442.0
20210330153720.93, 121.1, 5.1, 440.0
20210330153722.01, 121.1, 5.1, 440.0
20210330153723.09, 121.2, 5.1, 442.0
20210330153724.15, 121.2, 5.1, 442.0
20210330153725.21, 121.2, 5.1, 442.0
20210330153726.29, 121.2, 5.1, 442.0
20210330153727.35, 121.2, 5.1, 443.0
20210330153728.42, 121.2, 5.1, 443.0
20210330153729.48, 121.3, 5.1, 445.0
20210330153730.54, 121.3, 5.1, 445.0
20210330153731.6, 121.3, 5.1, 441.0
20210330153732.68, 121.3, 5.1, 441.0
20210330153733.75, 121.3, 5.1, 439.0
20210330153734.83, 121.3, 5.1, 439.0
20210330153735.91, 121.3, 5.1, 437.0
20210330153736.98, 121.3, 5.1, 437.0
20210330153738.04, 121.3, 5.1, 437.0
20210330153739.12, 121.3, 5.1, 437.0
20210330153740.18, 121.3, 5.1, 442.0
20210330153741.27, 121.3, 5.1, 442.0
20210330153742.37, 121.2, 5.1, 442.0
20210330153743.44, 121.2, 5.1, 442.0
20210330153744.5, 121.2, 5.1, 444.0
20210330153745.58, 121.2, 5.1, 444.0
20210330153746.65, 121.3, 5.1, 442.0
20210330153747.73, 121.3, 5.1, 442.0
20210330153748.79, 121.2, 5.1, 440.0
20210330153749.86, 121.2, 5.1, 440.0
20210330153750.94, 121.2, 5.1, 443.0
20210330153752.02, 121.2, 5.1, 443.0
20210330153753.1, 121.2, 5.1, 440.0
20210330153754.19, 121.2, 5.1, 443.0
20210330153755.36, 121.2, 5.1, 443.0
20210330153756.43, 121.2, 5.1, 440.0
20210330153757.5, 121.2, 5.1, 440.0
20210330153758.61, 121.3, 5.1, 439.0
20210330153759.7, 121.3, 5.1, 439.0
20210330153800.77, 121.3, 5.1, 428.0
20210330153801.85, 121.3, 5.1, 428.0
20210330153802.94, 121.3, 5.1, 429.0
20210330153804.01, 121.3, 5.1, 429.0
20210330153805.08, 121.3, 5.1, 430.0
20210330153806.16, 121.3, 5.1, 430.0
20210330153807.23, 121.3, 5.1, 429.0
20210330153808.33, 121.3, 5.1, 429.0
20210330153809.4, 121.3, 4.9, 431.0
20210330153810.48, 121.3, 4.9, 431.0
20210330153811.55, 121.4, 4.9, 431.0
20210330153812.62, 121.4, 4.9, 431.0
