20210325093303.44, 121.1, 0.0, 0.0
20210325093304.51, 121.1, 0.0, 0.0
20210325093305.55, 121.2, 0.0, 0.0
20210325093306.66, 121.2, 0.0, 0.0
20210325093307.78, 121.1, 0.0, 0.0
20210325093308.87, 121.1, 0.0, 0.0
20210325093309.97, 121.2, 0.0, 0.0
20210325093311.06, 121.2, 0.0, 0.0
20210325093312.11, 121.2, 0.0, 0.0
20210325093313.19, 121.2, 0.0, 0.0
20210325093314.29, 121.1, 0.0, 0.0
20210325093315.41, 121.1, 0.0, 0.0
20210325093316.49, 121.2, 0.0, 0.0
20210325093317.57, 121.2, 0.0, 0.0
20210325093318.68, 121.2, 0.0, 0.0
20210325093319.76, 121.2, 0.0, 0.0
20210325093320.93, 121.3, 0.0, 0.0
20210325093321.98, 121.3, 0.0, 0.0
20210325093323.08, 121.3, 0.0, 0.0
20210325093324.21, 121.3, 0.0, 0.0
20210325093325.27, 121.3, 0.0, 0.0
20210325093326.41, 121.3, 0.0, 0.0
20210325093327.5, 121.3, 0.0, 0.0
20210325093328.63, 121.3, 0.0, 0.0
20210325093329.77, 121.3, 0.0, 0.0
20210325093330.89, 121.3, 0.0, 0.0
20210325093331.95, 121.3, 0.0, 0.0
20210325093333.0, 121.3, 0.0, 0.0
20210325093334.05, 121.3, 0.0, 0.0
20210325093335.18, 121.3, 0.0, 0.0
20210325093336.25, 121.3, 0.0, 0.0
20210325093337.42, 121.2, 0.0, 0.0
20210325093338.47, 121.2, 0.0, 0.0
20210325093339.62, 121.2, 0.0, 0.0
20210325093340.73, 121.2, 0.0, 0.0
20210325093341.8, 121.2, 0.0, 0.0
20210325093342.93, 121.2, 0.0, 0.0
20210325093343.99, 121.2, 0.0, 0.0
20210325093345.11, 121.2, 0.0, 0.0
20210325093346.24, 121.2, 0.0, 0.0
20210325093347.38, 121.2, 0.0, 0.0
20210325093348.46, 121.2, 0.0, 0.0
20210325093349.55, 121.2, 0.0, 0.0
20210325093350.64, 121.2, 0.0, 0.0
20210325093351.79, 121.1, 0.0, 0.0
20210325093352.92, 121.1, 0.0, 0.0
20210325093354.01, 121.1, 0.0, 0.0
20210325093355.07, 121.2, 0.0, 0.0
20210325093356.17, 121.2, 0.0, 0.0
20210325093357.3, 121.3, 0.0, 0.0
20210325093358.42, 121.3, 0.0, 0.0
20210325093359.55, 121.3, 0.0, 0.0
20210325093400.65, 121.3, 0.0, 0.0
20210325093401.72, 121.3, 0.0, 0.0
20210325093402.84, 121.3, 0.0, 0.0
20210325093403.9, 121.3, 0.0, 0.0
20210325093405.01, 121.3, 0.0, 0.0
20210325093406.06, 121.3, 0.0, 0.0
20210325093407.14, 121.3, 0.0, 0.0
20210325093408.25, 121.3, 0.0, 0.0
20210325093409.39, 121.3, 0.0, 0.0
20210325093410.46, 121.3, 0.0, 0.0
20210325093411.51, 121.4, 0.0, 0.0
20210325093412.61, 121.4, 0.0, 0.0
20210325093413.74, 121.3, 0.0, 0.0
20210325093414.89, 121.3, 0.0, 0.0
20210325093415.98, 121.3, 0.0, 0.0
20210325093417.1, 121.3, 0.0, 0.0
20210325093418.21, 121.2, 0.0, 0.0
20210325093419.33, 121.2, 0.0, 0.0
20210325093420.43, 121.2, 0.0, 0.0
20210325093421.54, 121.2, 0.0, 0.0
20210325093422.66, 121.2, 0.0, 0.0
20210325093423.71, 121.1, 0.0, 0.0
20210325093424.77, 121.1, 0.0, 0.0
20210325093425.84, 121.1, 0.0, 0.0
20210325093426.98, 121.1, 0.0, 0.0
20210325093428.08, 121.2, 0.0, 0.0
20210325093429.16, 121.2, 0.0, 0.0
20210325093430.21, 121.2, 0.0, 0.0
20210325093431.36, 121.2, 0.0, 0.0
20210325093432.46, 121.1, 0.0, 0.0
20210325093433.61, 121.1, 0.0, 0.0
20210325093434.74, 121.2, 0.0, 0.0
20210325093435.79, 121.2, 0.0, 0.0
20210325093436.9, 121.1, 0.0, 0.0
20210325093438.0, 121.1, 0.0, 0.0
20210325093439.12, 121.1, 0.0, 0.0
20210325093440.16, 121.2, 0.0, 0.0
20210325093441.24, 121.2, 0.0, 0.0
20210325093442.38, 121.2, 0.0, 0.0
20210325093443.46, 121.2, 0.0, 0.0
20210325093444.55, 121.2, 0.0, 0.0
20210325093445.61, 121.2, 0.0, 0.0
20210325093446.75, 121.3, 0.0, 0.0
20210325093447.83, 121.3, 0.0, 0.0
20210325093448.95, 121.2, 0.0, 0.0
20210325093450.0, 121.2, 0.0, 0.0
20210325093451.11, 121.2, 0.0, 0.0
20210325093452.2, 121.2, 0.0, 0.0
20210325093453.33, 121.2, 0.0, 0.0
20210325093454.44, 121.2, 0.0, 0.0
20210325093455.56, 121.2, 0.0, 0.0
20210325093456.71, 121.2, 0.0, 0.0
20210325093457.81, 121.2, 0.0, 0.0
20210325093458.95, 121.2, 0.0, 0.0
20210325093500.03, 121.2, 0.0, 0.0
20210325093501.08, 121.2, 0.0, 0.0
20210325093502.2, 121.2, 0.0, 0.0
20210325093503.27, 121.2, 0.0, 0.0
20210325093504.43, 121.2, 0.0, 0.0
20210325093505.5, 121.1, 0.0, 0.0
20210325093506.62, 121.1, 0.0, 0.0
20210325093507.73, 121.1, 0.0, 0.0
20210325093508.88, 121.1, 0.0, 0.0
20210325093509.98, 121.1, 0.0, 0.0
20210325093511.04, 121.1, 0.0, 0.0
20210325093512.1, 121.1, 0.0, 0.0
20210325093513.16, 121.2, 0.0, 0.0
20210325093514.23, 121.2, 0.0, 0.0
20210325093515.36, 121.2, 0.0, 0.0
20210325093516.5, 121.2, 0.0, 0.0
20210325093517.58, 121.2, 0.0, 0.0
20210325093518.73, 121.2, 0.0, 0.0
20210325093519.79, 121.1, 0.0, 0.0
20210325093520.93, 121.1, 0.0, 0.0
20210325093522.05, 121.0, 0.0, 0.0
20210325093523.28, 121.0, 0.0, 0.0
20210325093524.37, 121.0, 0.0, 0.0
20210325093525.43, 121.0, 0.0, 0.0
20210325093526.51, 121.0, 0.0, 0.0
20210325093527.62, 121.0, 0.0, 0.0
20210325093528.77, 121.0, 0.0, 0.0
20210325093529.83, 121.1, 0.0, 0.0
20210325093530.89, 121.1, 0.0, 0.0
20210325093532.01, 121.1, 0.0, 0.0
20210325093533.12, 121.1, 0.0, 0.0
20210325093534.24, 121.2, 0.0, 0.0
20210325093535.39, 121.2, 0.0, 0.0
20210325093536.45, 121.2, 0.0, 0.0
20210325093537.68, 121.2, 0.0, 0.0
20210325093538.79, 121.2, 0.0, 0.0
20210325093539.84, 121.2, 0.0, 0.0
20210325093540.9, 121.2, 0.0, 0.0
20210325093542.04, 121.1, 0.0, 0.0
20210325093543.14, 121.1, 0.0, 0.0
20210325093544.27, 121.2, 0.0, 0.0
20210325093545.36, 121.2, 0.0, 0.0
20210325093546.5, 121.1, 0.0, 0.0
20210325093547.58, 121.1, 0.0, 0.0
20210325093548.67, 121.2, 0.0, 0.0
20210325093549.76, 121.2, 0.0, 0.0
20210325093550.86, 121.2, 0.0, 0.0
20210325093552.0, 121.1, 0.0, 0.0
20210325093553.12, 121.1, 0.0, 0.0
20210325093554.23, 121.1, 0.0, 0.0
20210325093555.34, 121.1, 0.0, 0.0
20210325093556.45, 121.1, 0.0, 0.0
20210325093557.6, 121.1, 0.0, 0.0
20210325093558.68, 121.1, 0.0, 0.0
20210325093559.8, 121.1, 0.0, 0.0
20210325093600.93, 121.1, 0.0, 0.0
20210325093602.06, 121.1, 0.0, 0.0
20210325093603.17, 121.1, 0.0, 0.0
20210325093604.43, 121.1, 0.0, 0.0
20210325093605.54, 121.1, 0.0, 0.0
20210325093606.66, 121.2, 0.0, 0.0
20210325093607.78, 121.2, 0.0, 0.0
20210325093608.88, 121.1, 0.0, 0.0
20210325093609.96, 121.1, 0.0, 0.0
20210325093611.06, 121.1, 0.0, 0.0
20210325093612.21, 121.1, 0.0, 0.0
20210325093613.28, 121.2, 0.0, 0.0
20210325093614.39, 121.2, 0.0, 0.0
20210325093615.53, 121.3, 0.0, 0.0
20210325093616.69, 121.2, 0.0, 0.0
20210325093617.8, 121.2, 0.0, 0.0
20210325093618.91, 121.3, 0.0, 0.0
20210325093619.98, 121.3, 0.0, 0.0
20210325093621.06, 121.2, 0.0, 0.0
20210325093622.16, 121.2, 0.0, 0.0
20210325093623.28, 121.2, 0.0, 0.0
20210325093624.4, 121.2, 0.0, 0.0
20210325093625.45, 121.2, 0.0, 0.0
20210325093626.61, 121.2, 0.0, 0.0
20210325093627.73, 121.2, 0.0, 0.0
20210325093628.86, 121.2, 0.0, 0.0
20210325093629.98, 121.2, 0.0, 0.0
20210325093631.11, 121.2, 0.0, 0.0
20210325093632.18, 121.2, 0.0, 0.0
20210325093633.23, 121.1, 0.0, 0.0
20210325093634.35, 121.1, 0.0, 0.0
20210325093635.41, 121.1, 0.0, 0.0
20210325093636.48, 121.1, 0.0, 0.0
20210325093637.54, 121.1, 0.0, 0.0
20210325093638.6, 121.1, 0.0, 0.0
20210325093639.73, 121.2, 0.0, 0.0
20210325093640.8, 121.2, 0.0, 0.0
20210325093641.88, 121.1, 0.0, 0.0
20210325093642.96, 121.1, 0.0, 0.0
20210325093644.1, 121.2, 0.0, 0.0
20210325093645.23, 121.2, 0.0, 0.0
20210325093646.33, 121.2, 0.0, 0.0
20210325093647.58, 121.1, 0.0, 0.0
20210325093648.65, 121.1, 0.0, 0.0
20210325093649.75, 121.1, 0.0, 0.0
20210325093650.84, 121.1, 0.0, 0.0
20210325093651.97, 121.1, 0.0, 0.0
20210325093653.11, 121.1, 0.0, 0.0
20210325093654.21, 121.1, 0.0, 0.0
20210325093655.38, 121.1, 0.0, 0.0
20210325093656.47, 121.1, 0.0, 0.0
20210325093657.6, 121.1, 0.0, 0.0
20210325093658.67, 121.2, 0.0, 0.0
20210325093659.79, 121.2, 0.0, 0.0
20210325093700.95, 121.2, 0.0, 0.0
20210325093702.09, 121.2, 0.0, 0.0
20210325093703.18, 121.2, 0.0, 0.0
20210325093704.3, 121.2, 0.0, 0.0
20210325093705.38, 121.2, 0.0, 0.0
20210325093706.43, 121.2, 0.0, 0.0
20210325093707.54, 121.2, 0.0, 0.0
20210325093708.63, 121.2, 0.0, 0.0
20210325093709.72, 121.2, 0.0, 0.0
20210325093710.82, 121.1, 0.0, 0.0
20210325093711.91, 121.1, 0.0, 0.0
20210325093712.98, 121.1, 0.0, 0.0
20210325093714.11, 121.1, 0.0, 0.0
20210325093715.21, 121.2, 0.0, 0.0
20210325093716.32, 121.2, 0.0, 0.0
20210325093717.42, 121.2, 0.0, 0.0
20210325093718.55, 121.3, 0.0, 0.0
20210325093719.68, 121.3, 0.0, 0.0
20210325093720.79, 121.2, 0.0, 0.0
20210325093721.85, 121.2, 0.0, 0.0
20210325093722.98, 121.3, 0.0, 0.0
20210325093724.07, 121.3, 0.0, 0.0
20210325093725.12, 121.2, 0.0, 0.0
20210325093726.19, 121.2, 0.0, 0.0
20210325093727.29, 121.3, 0.0, 0.0
20210325093728.4, 121.3, 0.0, 0.0
20210325093729.48, 121.2, 0.0, 0.0
20210325093730.72, 121.2, 0.0, 0.0
20210325093731.79, 121.2, 0.0, 0.0
20210325093732.91, 121.3, 0.0, 0.0
20210325093734.0, 121.3, 0.0, 0.0
20210325093735.14, 121.3, 0.0, 0.0
20210325093736.2, 121.3, 0.0, 0.0
20210325093737.3, 121.2, 0.0, 0.0
20210325093738.44, 121.2, 0.0, 0.0
20210325093739.55, 121.2, 0.0, 0.0
20210325093740.62, 121.2, 0.0, 0.0
20210325093741.71, 121.2, 0.0, 0.0
20210325093742.8, 121.2, 0.0, 0.0
20210325093743.88, 121.2, 0.0, 0.0
20210325093745.09, 121.2, 0.0, 0.0
20210325093746.16, 121.2, 0.0, 0.0
20210325093747.28, 121.2, 0.0, 0.0
20210325093748.38, 121.2, 0.0, 0.0
20210325093749.49, 121.2, 0.0, 0.0
20210325093750.55, 121.2, 0.0, 0.0
20210325093751.6, 121.2, 0.0, 0.0
20210325093752.68, 121.2, 0.0, 0.0
20210325093753.73, 121.2, 0.0, 0.0
20210325093754.83, 121.2, 0.0, 0.0
20210325093755.88, 121.3, 0.0, 0.0
20210325093757.02, 121.3, 0.0, 0.0
20210325093758.07, 121.1, 0.0, 0.0
20210325093759.23, 121.1, 0.0, 0.0
20210325093800.36, 121.1, 0.0, 0.0
20210325093801.57, 121.2, 0.0, 0.0
20210325093802.65, 121.2, 0.0, 0.0
20210325093803.71, 121.2, 0.0, 0.0
20210325093804.81, 121.2, 0.0, 0.0
20210325093805.88, 121.2, 0.0, 0.0
20210325093806.93, 121.2, 0.0, 0.0
20210325093808.02, 121.2, 0.0, 0.0
20210325093809.09, 121.2, 0.0, 0.0
20210325093810.21, 121.2, 0.0, 0.0
20210325093811.32, 121.2, 0.0, 0.0
20210325093812.46, 121.2, 0.0, 0.0
20210325093813.55, 121.2, 0.0, 0.0
20210325093814.67, 121.2, 0.0, 0.0
20210325093815.79, 121.2, 0.0, 0.0
20210325093816.84, 121.2, 0.0, 0.0
20210325093818.04, 121.2, 0.0, 0.0
20210325093819.12, 121.2, 0.0, 0.0
20210325093820.26, 121.2, 0.0, 0.0
20210325093821.34, 121.2, 0.0, 0.0
20210325093822.47, 121.3, 0.0, 0.0
20210325093823.55, 121.3, 0.0, 0.0
20210325093824.65, 121.2, 0.0, 0.0
20210325093825.75, 121.2, 0.0, 0.0
20210325093826.84, 121.2, 0.0, 0.0
20210325093827.9, 121.2, 0.0, 0.0
20210325093829.02, 121.2, 0.0, 0.0
20210325093830.09, 121.2, 0.0, 0.0
20210325093831.2, 121.2, 0.0, 0.0
20210325093832.34, 121.2, 0.0, 0.0
20210325093833.45, 121.2, 0.0, 0.0
20210325093834.51, 121.1, 0.0, 0.0
20210325093835.64, 121.1, 0.0, 0.0
20210325093836.77, 121.2, 0.0, 0.0
20210325093837.82, 121.2, 0.0, 0.0
20210325093838.89, 121.2, 0.0, 0.0
20210325093840.03, 121.2, 0.0, 0.0
20210325093841.11, 121.3, 0.0, 0.0
20210325093842.2, 121.3, 0.0, 0.0
20210325093843.3, 121.2, 0.0, 0.0
20210325093844.41, 121.2, 0.0, 0.0
20210325093845.52, 121.2, 0.0, 0.0
20210325093846.67, 121.2, 0.0, 0.0
20210325093847.79, 121.2, 0.0, 0.0
20210325093848.88, 121.1, 0.0, 0.0
20210325093849.93, 121.1, 0.0, 0.0
20210325093851.05, 121.2, 0.0, 0.0
20210325093852.16, 121.2, 0.0, 0.0
20210325093853.29, 121.1, 0.0, 0.0
20210325093854.35, 121.1, 0.0, 0.0
20210325093855.4, 121.1, 0.0, 0.0
20210325093856.49, 121.1, 0.0, 0.0
20210325093857.58, 121.2, 0.0, 0.0
20210325093858.71, 121.2, 0.0, 0.0
20210325093859.8, 121.2, 0.0, 0.0
20210325093900.91, 121.2, 0.0, 0.0
20210325093901.98, 121.3, 0.0, 0.0
20210325093903.1, 121.3, 0.0, 0.0
20210325093904.16, 121.2, 0.0, 0.0
20210325093905.3, 121.2, 0.0, 0.0
20210325093906.36, 121.2, 0.0, 0.0
20210325093907.4, 121.2, 0.0, 0.0
20210325093908.46, 121.2, 0.0, 0.0
20210325093909.6, 121.2, 0.0, 0.0
20210325093910.73, 121.2, 0.0, 0.0
20210325093911.78, 121.2, 0.0, 0.0
20210325093912.84, 121.2, 0.0, 0.0
20210325093913.89, 121.2, 0.0, 0.0
20210325093914.97, 121.2, 0.0, 0.0
20210325093916.07, 121.1, 0.0, 0.0
20210325093917.15, 121.1, 0.0, 0.0
20210325093918.29, 121.2, 0.0, 0.0
20210325093919.36, 121.2, 0.0, 0.0
20210325093920.48, 121.2, 0.0, 0.0
20210325093921.54, 121.2, 0.0, 0.0
20210325093922.6, 121.2, 0.0, 0.0
20210325093923.65, 121.2, 0.0, 0.0
20210325093924.7, 121.2, 0.0, 0.0
20210325093925.77, 121.2, 0.0, 0.0
20210325093926.85, 121.2, 0.0, 0.0
20210325093927.98, 121.1, 0.0, 0.0
20210325093929.09, 121.1, 0.0, 0.0
20210325093930.23, 121.2, 0.0, 0.0
20210325093931.33, 121.2, 0.0, 0.0
20210325093932.4, 121.2, 0.0, 0.0
20210325093933.54, 121.2, 0.0, 0.0
20210325093934.59, 121.1, 0.0, 0.0
20210325093935.66, 121.1, 0.0, 0.0
20210325093936.77, 121.2, 0.0, 0.0
20210325093937.84, 121.2, 0.0, 0.0
20210325093938.9, 121.2, 0.0, 0.0
20210325093940.02, 121.2, 0.0, 0.0
20210325093941.07, 121.2, 0.0, 0.0
20210325093942.16, 121.1, 0.0, 0.0
20210325093943.3, 121.1, 0.0, 0.0
20210325093944.36, 121.1, 0.0, 0.0
20210325093945.42, 121.1, 0.0, 0.0
20210325093946.47, 121.2, 0.0, 0.0
20210325093947.55, 121.2, 0.0, 0.0
20210325093948.66, 121.2, 0.0, 0.0
20210325093949.78, 121.2, 0.0, 0.0
20210325093950.86, 121.2, 0.0, 0.0
20210325093951.96, 121.2, 0.0, 0.0
20210325093953.03, 121.2, 0.0, 0.0
20210325093954.09, 121.2, 0.0, 0.0
20210325093955.15, 121.2, 0.0, 0.0
20210325093956.21, 121.2, 0.0, 0.0
20210325093957.27, 121.2, 0.0, 0.0
20210325093958.37, 121.2, 0.0, 0.0
20210325093959.45, 121.1, 0.0, 0.0
20210325094000.57, 121.1, 0.0, 0.0
20210325094001.61, 121.2, 0.0, 0.0
20210325094002.74, 121.2, 0.0, 0.0
20210325094003.85, 121.2, 0.0, 0.0
20210325094004.95, 121.2, 0.0, 0.0
20210325094006.02, 121.2, 0.0, 0.0
20210325094007.1, 121.3, 0.0, 0.0
20210325094008.15, 121.3, 0.0, 0.0
20210325094009.21, 121.1, 0.0, 0.0
20210325094010.27, 121.1, 0.0, 0.0
20210325094011.32, 121.2, 0.0, 0.0
20210325094012.39, 121.2, 0.0, 0.0
20210325094013.44, 121.1, 0.0, 0.0
20210325094014.56, 121.1, 0.0, 0.0
20210325094015.66, 121.1, 0.0, 0.0
20210325094016.76, 121.1, 0.0, 0.0
20210325094017.81, 121.2, 0.0, 0.0
20210325094018.87, 121.2, 0.0, 0.0
20210325094019.91, 121.2, 0.0, 0.0
20210325094021.05, 121.2, 0.0, 0.0
20210325094022.11, 121.2, 0.0, 0.0
20210325094023.33, 121.1, 0.0, 0.0
20210325094024.39, 121.1, 0.0, 0.0
20210325094025.5, 121.2, 0.0, 0.0
20210325094026.55, 121.2, 0.0, 0.0
20210325094027.62, 121.1, 0.0, 0.0
20210325094028.7, 121.1, 0.0, 0.0
20210325094029.75, 121.1, 0.0, 0.0
20210325094030.86, 121.1, 0.0, 0.0
20210325094031.9, 121.2, 0.0, 0.0
20210325094033.05, 121.2, 0.0, 0.0
20210325094034.15, 121.2, 0.0, 0.0
20210325094035.21, 121.2, 0.0, 0.0
20210325094036.27, 121.1, 0.0, 0.0
20210325094037.32, 121.1, 0.0, 0.0
20210325094038.37, 121.2, 0.0, 0.0
20210325094039.43, 121.2, 0.0, 0.0
20210325094040.47, 121.2, 0.0, 0.0
20210325094041.53, 121.2, 0.0, 0.0
20210325094042.6, 121.2, 0.0, 0.0
20210325094043.65, 121.2, 0.0, 0.0
20210325094044.7, 121.2, 0.0, 0.0
20210325094045.75, 121.2, 0.0, 0.0
20210325094046.8, 121.2, 0.0, 0.0
20210325094047.93, 121.1, 0.0, 0.0
20210325094048.99, 121.1, 0.0, 0.0
20210325094050.04, 121.1, 0.0, 0.0
20210325094051.09, 121.1, 0.0, 0.0
20210325094052.14, 121.1, 0.0, 0.0
20210325094053.19, 121.1, 0.0, 0.0
20210325094054.24, 121.0, 0.0, 0.0
20210325094055.29, 121.0, 0.0, 0.0
20210325094056.34, 121.0, 0.0, 0.0
20210325094057.39, 121.0, 0.0, 0.0
20210325094058.44, 121.0, 0.0, 0.0
20210325094059.49, 121.0, 0.0, 0.0
20210325094100.54, 121.1, 0.0, 0.0
20210325094101.6, 121.1, 0.0, 0.0
20210325094102.65, 121.1, 0.0, 0.0
20210325094103.7, 121.1, 0.0, 0.0
20210325094104.75, 121.0, 0.0, 0.0
20210325094105.8, 121.0, 0.0, 0.0
20210325094106.84, 121.0, 0.0, 0.0
20210325094107.9, 121.0, 0.0, 0.0
20210325094108.95, 121.1, 0.0, 0.0
20210325094109.99, 121.1, 0.0, 0.0
20210325094111.04, 121.1, 0.0, 0.0
20210325094112.09, 121.1, 0.0, 0.0
20210325094113.14, 121.1, 0.0, 0.0
20210325094114.19, 121.1, 0.0, 0.0
20210325094115.24, 121.1, 0.0, 0.0
20210325094116.29, 121.1, 0.0, 0.0
20210325094117.34, 121.2, 0.0, 0.0
20210325094118.39, 121.2, 0.0, 0.0
20210325094119.5, 121.2, 0.0, 0.0
20210325094120.59, 121.2, 0.0, 0.0
20210325094121.76, 121.2, 0.0, 0.0
20210325094122.85, 121.1, 0.0, 0.0
20210325094123.95, 121.1, 0.0, 0.0
20210325094125.0, 121.1, 0.0, 0.0
20210325094126.05, 121.1, 0.0, 0.0
20210325094127.14, 121.1, 0.0, 0.0
20210325094128.25, 121.1, 0.0, 0.0
20210325094129.36, 121.1, 0.0, 0.0
20210325094130.44, 121.1, 0.0, 0.0
20210325094131.49, 121.2, 0.0, 0.0
20210325094132.57, 121.2, 0.0, 0.0
20210325094133.65, 121.2, 0.0, 0.0
20210325094134.7, 121.2, 0.0, 0.0
20210325094135.8, 121.2, 0.0, 0.0
20210325094136.86, 121.2, 0.0, 0.0
20210325094137.97, 121.2, 0.0, 0.0
20210325094139.07, 121.2, 0.0, 0.0
20210325094140.18, 121.1, 0.0, 0.0
20210325094141.24, 121.1, 0.0, 0.0
20210325094142.34, 121.1, 0.0, 0.0
20210325094143.4, 121.1, 0.0, 0.0
20210325094144.51, 121.1, 0.0, 0.0
20210325094145.59, 121.1, 0.0, 0.0
20210325094146.71, 121.1, 0.0, 0.0
20210325094147.77, 121.1, 0.0, 0.0
20210325094148.87, 121.1, 0.0, 0.0
20210325094149.93, 121.1, 0.0, 0.0
20210325094151.06, 121.1, 0.0, 0.0
20210325094152.17, 121.1, 0.0, 0.0
20210325094153.25, 121.1, 0.0, 0.0
20210325094154.33, 121.1, 0.0, 0.0
20210325094155.38, 121.1, 0.0, 0.0
20210325094156.5, 121.1, 0.0, 0.0
20210325094157.59, 121.1, 0.0, 0.0
20210325094158.76, 121.1, 0.0, 0.0
20210325094159.84, 121.1, 0.0, 0.0
20210325094200.89, 121.1, 0.0, 0.0
20210325094201.96, 121.2, 0.0, 0.0
20210325094203.07, 121.2, 0.0, 0.0
20210325094204.12, 121.3, 0.0, 0.0
20210325094205.22, 121.3, 0.0, 0.0
20210325094206.34, 121.2, 0.0, 0.0
20210325094207.4, 121.2, 0.0, 0.0
20210325094208.53, 121.2, 0.0, 0.0
20210325094209.66, 121.2, 0.0, 0.0
20210325094210.72, 121.3, 0.0, 0.0
20210325094211.81, 121.3, 0.0, 0.0
20210325094212.88, 121.2, 0.0, 0.0
20210325094213.93, 121.2, 0.0, 0.0
20210325094214.98, 121.3, 0.0, 0.0
20210325094216.03, 121.3, 0.0, 0.0
20210325094217.13, 121.3, 0.0, 0.0
20210325094218.24, 121.3, 0.0, 0.0
20210325094219.37, 121.3, 0.0, 0.0
20210325094220.45, 121.4, 0.0, 0.0
20210325094221.57, 121.4, 0.0, 0.0
20210325094222.62, 121.4, 0.0, 0.0
20210325094223.76, 121.4, 0.0, 0.0
20210325094224.86, 121.3, 0.0, 0.0
20210325094225.92, 121.3, 0.0, 0.0
20210325094227.03, 121.3, 0.0, 0.0
20210325094228.15, 121.3, 0.0, 0.0
20210325094229.23, 121.2, 0.0, 0.0
20210325094230.31, 121.2, 0.0, 0.0
20210325094231.38, 121.2, 0.0, 0.0
20210325094232.51, 121.2, 0.0, 0.0
20210325094233.62, 121.2, 0.0, 0.0
20210325094234.77, 121.2, 0.0, 0.0
20210325094235.84, 121.2, 0.0, 0.0
20210325094236.89, 121.3, 0.0, 0.0
20210325094237.94, 121.3, 0.0, 0.0
20210325094239.07, 121.2, 0.0, 0.0
20210325094240.22, 121.2, 0.0, 0.0
20210325094241.3, 121.3, 0.0, 0.0
20210325094242.4, 121.3, 0.0, 0.0
20210325094243.45, 121.2, 0.0, 0.0
20210325094244.56, 121.2, 0.0, 0.0
20210325094245.62, 121.2, 0.0, 0.0
20210325094246.7, 121.2, 0.0, 0.0
20210325094247.76, 121.2, 0.0, 0.0
20210325094248.88, 121.2, 0.0, 0.0
20210325094249.99, 121.3, 0.0, 0.0
20210325094251.15, 121.3, 0.0, 0.0
20210325094252.23, 121.3, 0.0, 0.0
20210325094253.29, 121.3, 0.0, 0.0
20210325094254.34, 121.3, 0.0, 0.0
20210325094255.39, 121.3, 0.0, 0.0
20210325094256.45, 121.3, 0.0, 0.0
20210325094257.58, 121.3, 0.0, 0.0
20210325094258.64, 121.3, 0.0, 0.0
20210325094259.75, 121.3, 0.0, 0.0
20210325094300.87, 121.3, 0.0, 0.0
20210325094301.93, 121.3, 0.0, 0.0
20210325094303.0, 121.3, 0.0, 0.0
20210325094304.11, 121.3, 0.0, 0.0
20210325094305.16, 121.3, 0.0, 0.0
20210325094306.25, 121.2, 0.0, 0.0
20210325094307.34, 121.2, 0.0, 0.0
20210325094308.48, 121.3, 0.0, 0.0
20210325094309.65, 121.3, 0.0, 0.0
20210325094310.7, 121.3, 0.0, 0.0
20210325094311.77, 121.3, 0.0, 0.0
20210325094312.84, 121.3, 0.0, 0.0
20210325094313.89, 121.3, 0.0, 0.0
20210325094315.01, 121.3, 0.0, 0.0
20210325094316.06, 121.2, 0.0, 0.0
20210325094317.12, 121.2, 0.0, 0.0
20210325094318.16, 121.2, 0.0, 0.0
20210325094319.28, 121.2, 0.0, 0.0
20210325094320.34, 121.2, 0.0, 0.0
20210325094321.45, 121.2, 0.0, 0.0
20210325094322.59, 121.2, 0.0, 0.0
20210325094323.68, 121.2, 0.0, 0.0
20210325094324.73, 121.2, 0.0, 0.0
20210325094325.8, 121.2, 0.0, 0.0
20210325094326.85, 121.2, 0.0, 0.0
20210325094327.95, 121.2, 0.0, 0.0
20210325094329.08, 121.2, 0.0, 0.0
20210325094330.14, 121.2, 0.0, 0.0
20210325094331.29, 121.2, 0.0, 0.0
20210325094332.35, 121.2, 0.0, 0.0
20210325094333.5, 121.2, 0.0, 0.0
20210325094334.55, 121.2, 0.0, 0.0
20210325094335.62, 121.2, 0.0, 0.0
20210325094336.66, 121.3, 0.0, 0.0
20210325094337.78, 121.3, 0.0, 0.0
20210325094338.84, 121.3, 0.0, 0.0
20210325094339.95, 121.3, 0.0, 0.0
20210325094341.09, 121.3, 0.0, 0.0
20210325094342.18, 121.3, 0.0, 0.0
20210325094343.23, 121.3, 0.0, 0.0
20210325094344.29, 121.3, 0.0, 0.0
20210325094345.37, 121.3, 0.0, 0.0
20210325094346.43, 121.3, 0.0, 0.0
20210325094347.56, 121.3, 0.0, 0.0
20210325094348.71, 121.2, 0.0, 0.0
20210325094349.77, 121.2, 0.0, 0.0
20210325094350.86, 121.2, 0.0, 0.0
20210325094351.91, 121.2, 0.0, 0.0
20210325094352.96, 121.3, 0.0, 0.0
20210325094354.02, 121.3, 0.0, 0.0
20210325094355.08, 121.2, 0.0, 0.0
20210325094356.15, 121.2, 0.0, 0.0
20210325094357.26, 121.3, 0.0, 0.0
20210325094358.34, 121.3, 0.0, 0.0
20210325094359.39, 121.3, 0.0, 0.0
20210325094400.45, 121.3, 0.0, 0.0
20210325094401.5, 121.2, 0.0, 0.0
20210325094402.56, 121.2, 0.0, 0.0
20210325094403.63, 121.2, 0.0, 0.0
20210325094404.73, 121.2, 0.0, 0.0
20210325094405.81, 121.2, 0.0, 0.0
20210325094406.87, 121.2, 0.0, 0.0
20210325094408.0, 121.2, 0.0, 0.0
20210325094409.05, 121.2, 0.0, 0.0
20210325094410.15, 121.2, 0.0, 0.0
20210325094411.29, 121.2, 0.0, 0.0
20210325094412.36, 121.2, 0.0, 0.0
20210325094413.47, 121.2, 0.0, 0.0
20210325094414.55, 121.2, 0.0, 0.0
20210325094415.62, 121.2, 0.0, 0.0
20210325094416.73, 121.2, 0.0, 0.0
20210325094417.8, 121.2, 0.0, 0.0
20210325094418.86, 121.2, 0.0, 0.0
20210325094419.91, 121.3, 0.0, 0.0
20210325094420.97, 121.3, 0.0, 0.0
20210325094422.02, 121.3, 0.0, 0.0
20210325094423.07, 121.3, 0.0, 0.0
20210325094424.12, 121.3, 0.0, 0.0
20210325094425.18, 121.3, 0.0, 0.0
20210325094426.28, 121.3, 0.0, 0.0
20210325094427.35, 121.3, 0.0, 0.0
20210325094428.4, 121.3, 0.0, 0.0
20210325094429.45, 121.3, 0.0, 0.0
20210325094430.58, 121.3, 0.0, 0.0
20210325094431.69, 121.3, 0.0, 0.0
20210325094432.74, 121.3, 0.0, 0.0
20210325094433.83, 121.4, 0.0, 0.0
20210325094434.9, 121.4, 0.0, 0.0
20210325094436.02, 121.3, 0.0, 0.0
20210325094437.14, 121.3, 0.0, 0.0
20210325094438.2, 121.3, 0.0, 0.0
20210325094439.28, 121.3, 0.0, 0.0
20210325094440.33, 121.3, 0.0, 0.0
20210325094441.43, 121.3, 0.0, 0.0
20210325094442.48, 121.3, 0.0, 0.0
20210325094443.53, 121.3, 0.0, 0.0
20210325094444.61, 121.3, 0.0, 0.0
20210325094445.66, 121.3, 0.0, 0.0
20210325094446.73, 121.3, 0.0, 0.0
20210325094447.84, 121.3, 0.0, 0.0
20210325094448.92, 121.2, 0.0, 0.0
20210325094450.05, 121.2, 0.0, 0.0
20210325094451.12, 121.3, 0.0, 0.0
20210325094452.18, 121.3, 0.0, 0.0
20210325094453.36, 121.3, 0.0, 0.0
20210325094454.41, 121.3, 0.0, 0.0
20210325094455.55, 121.3, 0.0, 0.0
20210325094456.65, 121.3, 0.0, 0.0
20210325094457.71, 121.3, 0.0, 0.0
20210325094458.82, 121.3, 0.0, 0.0
20210325094459.88, 121.3, 0.0, 0.0
20210325094500.97, 121.3, 0.0, 0.0
20210325094502.11, 121.3, 0.0, 0.0
20210325094503.17, 121.3, 0.0, 0.0
20210325094504.31, 121.3, 0.0, 0.0
20210325094505.38, 121.3, 0.0, 0.0
20210325094506.53, 121.3, 0.0, 0.0
20210325094507.6, 121.3, 0.0, 0.0
20210325094508.66, 121.3, 0.0, 0.0
20210325094509.8, 121.3, 0.0, 0.0
20210325094510.88, 121.4, 0.0, 0.0
20210325094511.92, 121.4, 0.0, 0.0
20210325094512.99, 121.4, 0.0, 0.0
20210325094514.05, 121.4, 0.0, 0.0
20210325094515.14, 121.4, 0.0, 0.0
20210325094516.2, 121.4, 0.0, 0.0
20210325094517.29, 121.4, 0.0, 0.0
20210325094518.38, 121.4, 0.0, 0.0
20210325094519.43, 121.3, 0.0, 0.0
20210325094520.57, 121.3, 0.0, 0.0
20210325094521.7, 121.3, 0.0, 0.0
20210325094522.75, 121.3, 0.0, 0.0
20210325094523.8, 121.4, 0.0, 0.0
20210325094524.88, 121.4, 0.0, 0.0
20210325094525.98, 121.4, 0.0, 0.0
20210325094527.09, 121.4, 0.0, 0.0
20210325094528.14, 121.4, 0.0, 0.0
20210325094529.22, 121.4, 0.0, 0.0
20210325094530.32, 121.4, 0.0, 0.0
20210325094531.39, 121.5, 0.0, 0.0
20210325094532.46, 121.5, 0.0, 0.0
20210325094533.56, 121.5, 0.0, 0.0
20210325094534.63, 121.5, 0.0, 0.0
20210325094535.69, 121.5, 0.1, 0.0
20210325094536.81, 121.5, 0.1, 0.0
20210325094537.87, 121.5, 0.1, 0.0
20210325094538.93, 121.5, 0.1, 0.0
20210325094540.0, 121.4, 0.1, 0.0
20210325094541.05, 121.4, 0.1, 0.0
20210325094542.14, 121.5, 0.1, 0.0
20210325094543.2, 121.5, 0.1, 0.0
20210325094544.31, 121.5, 0.1, 0.0
20210325094545.38, 121.5, 0.1, 0.0
20210325094546.45, 121.4, 0.1, 0.0
20210325094547.57, 121.4, 0.1, 0.0
20210325094548.7, 121.4, 0.1, 0.0
20210325094549.79, 121.4, 0.1, 0.0
20210325094550.88, 121.4, 0.1, 0.0
20210325094551.93, 121.4, 0.0, 0.0
20210325094553.05, 121.4, 0.0, 0.0
20210325094554.15, 121.5, 0.0, 0.0
20210325094555.21, 121.5, 0.0, 0.0
20210325094556.32, 121.4, 0.0, 0.0
20210325094557.37, 121.4, 0.0, 0.0
20210325094558.48, 121.4, 0.0, 0.0
20210325094559.6, 121.4, 0.0, 0.0
20210325094600.7, 121.4, 0.0, 0.0
20210325094601.8, 121.4, 0.0, 0.0
20210325094602.85, 121.4, 0.0, 0.0
20210325094603.91, 121.4, 0.0, 0.0
20210325094604.97, 121.4, 0.0, 0.0
20210325094606.09, 121.4, 0.0, 0.0
20210325094607.15, 121.4, 0.0, 0.0
20210325094608.25, 121.4, 0.0, 0.0
20210325094609.36, 121.4, 0.0, 0.0
20210325094610.41, 121.5, 0.0, 0.0
20210325094611.55, 121.5, 0.0, 0.0
20210325094612.64, 121.4, 0.0, 0.0
20210325094613.75, 121.4, 0.0, 0.0
20210325094614.81, 121.4, 0.0, 0.0
20210325094615.88, 121.4, 0.0, 0.0
20210325094616.95, 121.5, 0.0, 0.0
20210325094618.02, 121.5, 0.0, 0.0
20210325094619.16, 121.5, 0.0, 0.0
20210325094620.31, 121.5, 0.0, 0.0
20210325094621.37, 121.5, 0.0, 0.0
20210325094622.48, 121.5, 0.0, 0.0
20210325094623.54, 121.5, 0.0, 0.0
20210325094624.6, 121.5, 0.0, 0.0
20210325094625.66, 121.5, 0.0, 0.0
20210325094626.81, 121.4, 0.0, 0.0
20210325094627.86, 121.4, 0.0, 0.0
20210325094628.93, 121.4, 0.0, 0.0
20210325094629.98, 121.4, 0.0, 0.0
20210325094631.04, 121.4, 0.0, 0.0
20210325094632.19, 121.4, 0.0, 0.0
20210325094633.29, 121.4, 0.0, 0.0
20210325094634.37, 121.4, 0.0, 0.0
20210325094635.5, 121.4, 0.0, 0.0
20210325094636.57, 121.4, 0.0, 0.0
20210325094637.7, 121.4, 0.0, 0.0
20210325094638.76, 121.4, 0.0, 0.0
20210325094639.86, 121.4, 0.0, 0.0
20210325094640.93, 121.4, 0.0, 0.0
20210325094641.98, 121.4, 0.0, 0.0
20210325094643.2, 121.4, 0.0, 0.0
20210325094644.27, 121.4, 0.0, 0.0
20210325094645.32, 121.4, 0.0, 0.0
20210325094646.39, 121.4, 0.0, 0.0
20210325094647.46, 121.4, 0.0, 0.0
20210325094648.51, 121.4, 0.0, 0.0
20210325094649.6, 121.4, 0.0, 0.0
20210325094650.73, 121.4, 0.0, 0.0
20210325094651.8, 121.4, 0.0, 0.0
20210325094652.88, 121.4, 0.0, 0.0
20210325094653.99, 121.4, 0.0, 0.0
20210325094655.11, 121.4, 0.0, 0.0
20210325094656.23, 121.5, 0.0, 0.0
20210325094657.3, 121.5, 0.0, 0.0
20210325094658.37, 121.5, 0.0, 0.0
20210325094659.43, 121.5, 0.0, 0.0
20210325094700.53, 121.5, 0.0, 0.0
20210325094701.62, 121.5, 0.0, 0.0
20210325094702.75, 121.5, 0.0, 0.0
20210325094703.8, 121.5, 0.0, 0.0
20210325094704.88, 121.5, 0.0, 0.0
20210325094705.96, 121.5, 0.0, 0.0
20210325094707.02, 121.5, 0.0, 0.0
20210325094708.11, 121.4, 0.0, 0.0
20210325094709.18, 121.4, 0.0, 0.0
20210325094710.29, 121.4, 0.0, 0.0
20210325094711.38, 121.4, 0.0, 0.0
20210325094712.43, 121.4, 0.0, 0.0
20210325094713.5, 121.4, 0.0, 0.0
20210325094714.61, 121.4, 0.0, 0.0
20210325094715.73, 121.4, 0.0, 0.0
20210325094716.82, 121.5, 0.0, 0.0
20210325094717.93, 121.5, 0.0, 0.0
20210325094718.98, 121.5, 0.0, 0.0
20210325094720.17, 121.4, 0.0, 0.0
20210325094721.25, 121.4, 0.0, 0.0
20210325094722.31, 121.4, 0.0, 0.0
20210325094723.37, 121.4, 0.0, 0.0
20210325094724.44, 121.4, 0.0, 0.0
20210325094725.55, 121.4, 0.0, 0.0
20210325094726.67, 121.4, 0.0, 0.0
20210325094727.75, 121.4, 0.0, 0.0
20210325094728.8, 121.4, 0.0, 0.0
20210325094729.86, 121.4, 0.0, 0.0
20210325094730.95, 121.4, 0.0, 0.0
20210325094732.02, 121.4, 0.0, 0.0
20210325094733.08, 121.4, 0.0, 0.0
20210325094734.21, 121.4, 0.0, 0.0
20210325094735.26, 121.4, 0.0, 0.0
20210325094736.34, 121.4, 0.0, 0.0
20210325094737.43, 121.4, 0.0, 0.0
20210325094738.5, 121.4, 0.0, 0.0
20210325094739.6, 121.4, 0.0, 0.0
20210325094740.73, 121.4, 0.0, 0.0
20210325094741.77, 121.4, 0.0, 0.0
20210325094742.82, 121.3, 0.0, 0.0
20210325094743.89, 121.3, 0.0, 0.0
20210325094744.94, 121.3, 0.0, 0.0
20210325094746.02, 121.3, 0.0, 0.0
20210325094747.12, 121.3, 0.0, 0.0
20210325094748.22, 121.3, 0.0, 0.0
20210325094749.29, 121.3, 0.0, 0.0
20210325094750.36, 121.3, 0.0, 0.0
20210325094751.45, 121.3, 0.0, 0.0
20210325094752.57, 121.3, 0.0, 0.0
20210325094753.62, 121.4, 0.0, 0.0
20210325094754.71, 121.4, 0.0, 0.0
20210325094755.78, 121.4, 0.0, 0.0
20210325094756.84, 121.4, 0.0, 0.0
20210325094757.97, 121.4, 0.0, 0.0
20210325094759.14, 121.5, 0.0, 0.0
20210325094800.21, 121.5, 0.0, 0.0
20210325094801.31, 121.5, 0.0, 0.0
20210325094802.38, 121.5, 0.0, 0.0
20210325094803.45, 121.4, 0.0, 0.0
20210325094804.58, 121.4, 0.0, 0.0
20210325094805.64, 121.4, 0.0, 0.0
20210325094806.78, 121.4, 0.0, 0.0
20210325094807.84, 121.4, 0.0, 0.0
20210325094808.93, 121.4, 0.0, 0.0
20210325094810.0, 121.5, 0.0, 0.0
20210325094811.1, 121.5, 0.0, 0.0
20210325094812.23, 121.4, 0.0, 0.0
20210325094813.34, 121.4, 0.0, 0.0
20210325094814.39, 121.4, 0.0, 0.0
20210325094815.46, 121.4, 0.0, 0.0
20210325094816.54, 121.4, 0.0, 0.0
20210325094817.59, 121.4, 0.0, 0.0
20210325094818.71, 121.4, 0.0, 0.0
20210325094819.77, 121.4, 0.0, 0.0
20210325094820.87, 121.4, 0.0, 0.0
20210325094821.99, 121.4, 0.0, 0.0
20210325094823.11, 121.4, 0.0, 0.0
20210325094824.16, 121.3, 0.0, 0.0
20210325094825.23, 121.3, 0.0, 0.0
20210325094826.31, 121.4, 0.0, 0.0
20210325094827.38, 121.4, 0.0, 0.0
20210325094828.44, 121.3, 0.0, 0.0
20210325094829.52, 121.3, 0.0, 0.0
20210325094830.59, 121.3, 0.0, 0.0
20210325094831.68, 121.3, 0.0, 0.0
20210325094832.8, 121.2, 0.0, 0.0
20210325094833.86, 121.2, 0.0, 0.0
20210325094834.91, 121.3, 0.0, 0.0
20210325094835.96, 121.3, 0.0, 0.0
20210325094837.05, 121.4, 0.0, 0.0
20210325094838.18, 121.4, 0.0, 0.0
20210325094839.23, 121.4, 0.0, 0.0
20210325094840.29, 121.4, 0.0, 0.0
20210325094841.34, 121.4, 0.0, 0.0
20210325094842.41, 121.4, 0.0, 0.0
20210325094843.48, 121.4, 0.0, 0.0
20210325094844.6, 121.4, 0.0, 0.0
20210325094845.68, 121.4, 0.0, 0.0
20210325094846.73, 121.4, 0.0, 0.0
20210325094847.8, 121.4, 0.0, 0.0
20210325094848.85, 121.5, 0.0, 0.0
20210325094849.91, 121.5, 0.0, 0.0
20210325094850.97, 121.4, 0.0, 0.0
20210325094852.07, 121.4, 0.0, 0.0
20210325094853.19, 121.4, 0.0, 0.0
20210325094854.25, 121.4, 0.0, 0.0
20210325094855.36, 121.5, 0.0, 0.0
20210325094856.5, 121.5, 0.0, 0.0
20210325094857.64, 121.5, 0.0, 0.0
20210325094858.73, 121.4, 0.0, 0.0
20210325094859.83, 121.4, 0.0, 0.0
20210325094900.91, 121.5, 0.0, 0.0
20210325094901.99, 121.5, 0.0, 0.0
20210325094903.05, 121.5, 0.0, 0.0
20210325094904.11, 121.5, 0.0, 0.0
20210325094905.18, 121.4, 0.0, 0.0
20210325094906.28, 121.4, 0.0, 0.0
20210325094907.36, 121.3, 0.0, 0.0
20210325094908.46, 121.3, 0.0, 0.0
20210325094909.53, 121.4, 0.0, 0.0
20210325094910.63, 121.4, 0.0, 0.0
20210325094911.75, 121.3, 0.0, 0.0
20210325094912.84, 121.3, 0.0, 0.0
20210325094913.89, 121.4, 0.0, 0.0
20210325094915.01, 121.4, 0.0, 0.0
20210325094916.06, 121.4, 0.0, 0.0
20210325094917.14, 121.4, 0.0, 0.0
20210325094918.2, 121.2, 0.0, 0.0
20210325094919.32, 121.4, 0.0, 0.0
20210325094920.41, 121.4, 0.0, 0.0
20210325094921.47, 121.3, 0.0, 0.0
20210325094922.53, 121.3, 0.0, 0.0
20210325094923.66, 121.3, 0.0, 0.0
20210325094924.79, 121.3, 0.0, 0.0
20210325094925.84, 121.3, 0.0, 0.0
20210325094926.91, 121.3, 0.0, 0.0
20210325094928.03, 121.4, 0.0, 0.0
20210325094929.12, 121.4, 0.0, 0.0
20210325094930.17, 121.4, 0.0, 0.0
20210325094931.29, 121.4, 0.0, 0.0
20210325094932.38, 121.5, 0.0, 0.0
20210325094933.46, 121.5, 0.0, 0.0
20210325094934.59, 121.4, 0.0, 0.0
20210325094935.7, 121.4, 0.0, 0.0
20210325094936.81, 121.4, 0.0, 0.0
20210325094937.86, 121.4, 0.0, 0.0
20210325094938.93, 121.4, 0.0, 0.0
20210325094940.07, 121.4, 0.0, 0.0
20210325094941.12, 121.4, 0.0, 0.0
20210325094942.26, 121.5, 0.0, 0.0
20210325094943.36, 121.5, 0.0, 0.0
20210325094944.44, 121.5, 0.0, 0.0
20210325094945.57, 121.5, 0.0, 0.0
20210325094946.68, 121.4, 0.0, 0.0
20210325094947.81, 121.4, 0.0, 0.0
20210325094948.91, 121.4, 0.0, 0.0
20210325094950.01, 121.4, 0.0, 0.0
20210325094951.1, 121.4, 0.0, 0.0
20210325094952.25, 121.4, 0.0, 0.0
20210325094953.38, 121.4, 0.0, 0.0
20210325094954.43, 121.4, 0.0, 0.0
20210325094955.5, 121.4, 0.0, 0.0
20210325094956.62, 121.3, 0.0, 0.0
20210325094957.77, 121.3, 0.0, 0.0
20210325094958.87, 121.3, 0.0, 0.0
20210325094959.92, 121.3, 0.0, 0.0
20210325095001.03, 121.3, 0.0, 0.0
20210325095002.11, 121.3, 0.0, 0.0
20210325095003.16, 121.3, 0.0, 0.0
20210325095004.25, 121.3, 0.0, 0.0
20210325095005.32, 121.3, 0.0, 0.0
20210325095006.38, 121.3, 0.0, 0.0
20210325095007.42, 121.4, 0.0, 0.0
20210325095008.49, 121.4, 0.0, 0.0
20210325095009.6, 121.3, 0.0, 0.0
20210325095010.65, 121.3, 0.0, 0.0
20210325095011.77, 121.3, 0.0, 0.0
20210325095012.83, 121.4, 0.0, 0.0
20210325095013.9, 121.4, 0.0, 0.0
20210325095014.96, 121.3, 0.0, 0.0
20210325095016.09, 121.3, 0.0, 0.0
20210325095017.18, 121.4, 0.0, 0.0
20210325095018.33, 121.4, 0.0, 0.0
20210325095019.38, 121.4, 0.0, 0.0
20210325095020.54, 121.4, 0.0, 0.0
20210325095021.62, 121.4, 0.0, 0.0
20210325095022.7, 121.4, 0.0, 0.0
20210325095023.74, 121.4, 0.0, 0.0
20210325095024.83, 121.4, 0.0, 0.0
20210325095025.92, 121.4, 0.0, 0.0
20210325095027.15, 121.4, 0.0, 0.0
20210325095028.24, 121.4, 0.0, 0.0
20210325095029.3, 121.4, 0.0, 0.0
20210325095030.38, 121.4, 0.0, 0.0
20210325095031.45, 121.4, 0.0, 0.0
20210325095032.56, 121.4, 0.0, 0.0
20210325095033.64, 121.4, 0.0, 0.0
20210325095034.69, 121.4, 0.0, 0.0
20210325095035.78, 121.4, 0.0, 0.0
20210325095036.87, 121.4, 0.0, 0.0
20210325095037.94, 121.4, 0.0, 0.0
20210325095038.99, 121.4, 0.0, 0.0
20210325095040.05, 121.5, 0.0, 0.0
20210325095041.11, 121.5, 0.0, 0.0
20210325095042.19, 121.4, 0.0, 0.0
20210325095043.31, 121.4, 0.0, 0.0
20210325095044.38, 121.4, 0.0, 0.0
20210325095045.47, 121.4, 0.0, 0.0
20210325095046.53, 121.4, 0.0, 0.0
20210325095047.73, 121.4, 0.0, 0.0
20210325095048.82, 121.4, 0.0, 0.0
20210325095049.87, 121.3, 0.0, 0.0
20210325095050.98, 121.3, 0.0, 0.0
20210325095052.04, 121.3, 0.0, 0.0
20210325095053.13, 121.3, 0.0, 0.0
20210325095054.2, 121.3, 0.0, 0.0
20210325095055.29, 121.3, 0.0, 0.0
20210325095056.35, 121.3, 0.0, 0.0
20210325095057.41, 121.3, 0.0, 0.0
20210325095058.46, 121.3, 0.0, 0.0
20210325095059.54, 121.3, 0.0, 0.0
20210325095100.62, 121.3, 0.0, 0.0
20210325095101.71, 121.3, 0.0, 0.0
20210325095102.82, 121.3, 0.0, 0.0
20210325095103.88, 121.3, 0.0, 0.0
20210325095104.97, 121.3, 0.0, 0.0
20210325095106.04, 121.3, 0.0, 0.0
20210325095107.16, 121.2, 0.0, 0.0
20210325095108.26, 121.2, 0.0, 0.0
20210325095109.37, 121.2, 0.0, 0.0
20210325095110.42, 121.3, 0.0, 0.0
20210325095111.5, 121.3, 0.0, 0.0
20210325095112.55, 121.2, 0.0, 0.0
20210325095113.66, 121.2, 0.0, 0.0
20210325095114.71, 121.3, 0.0, 0.0
20210325095115.79, 121.3, 0.0, 0.0
20210325095116.84, 121.4, 0.0, 0.0
20210325095117.9, 121.4, 0.0, 0.0
20210325095119.02, 121.4, 0.0, 0.0
20210325095120.07, 121.4, 0.0, 0.0
20210325095121.13, 121.4, 0.0, 0.0
20210325095122.23, 121.4, 0.0, 0.0
20210325095123.29, 121.4, 0.0, 0.0
20210325095124.4, 121.4, 0.0, 0.0
20210325095125.52, 121.4, 0.0, 0.0
20210325095126.64, 121.4, 0.0, 0.0
20210325095127.8, 121.4, 0.0, 0.0
20210325095128.88, 121.4, 0.0, 0.0
20210325095129.96, 121.4, 0.0, 0.0
20210325095131.02, 121.4, 0.0, 0.0
20210325095132.11, 121.4, 0.0, 0.0
20210325095133.21, 121.4, 0.0, 0.0
20210325095134.31, 121.4, 0.0, 0.0
20210325095135.36, 121.4, 0.0, 0.0
20210325095136.49, 121.4, 0.0, 0.0
20210325095137.55, 121.4, 0.0, 0.0
20210325095138.69, 121.4, 0.0, 0.0
20210325095139.8, 121.4, 0.0, 0.0
20210325095140.88, 121.4, 0.0, 0.0
20210325095141.93, 121.4, 0.0, 0.0
20210325095143.03, 121.4, 0.0, 0.0
20210325095144.09, 121.3, 0.0, 0.0
20210325095145.21, 121.3, 0.0, 0.0
20210325095146.31, 121.3, 0.0, 0.0
20210325095147.36, 121.4, 0.0, 0.0
20210325095148.45, 121.4, 0.0, 0.0
20210325095149.52, 121.4, 0.0, 0.0
20210325095150.59, 121.4, 0.0, 0.0
20210325095151.64, 121.3, 0.0, 0.0
20210325095152.79, 121.3, 0.0, 0.0
20210325095153.84, 121.3, 0.0, 0.0
20210325095154.9, 121.3, 0.0, 0.0
20210325095155.95, 121.3, 0.0, 0.0
20210325095157.04, 121.3, 0.0, 0.0
20210325095158.12, 121.4, 0.0, 0.0
20210325095159.19, 121.4, 0.0, 0.0
20210325095200.32, 121.3, 0.0, 0.0
20210325095201.39, 121.3, 0.0, 0.0
20210325095202.48, 121.4, 0.0, 0.0
20210325095203.58, 121.4, 0.0, 0.0
20210325095204.69, 121.4, 0.0, 0.0
20210325095205.79, 121.4, 0.0, 0.0
20210325095206.89, 121.4, 0.0, 0.0
20210325095207.95, 121.4, 0.0, 0.0
20210325095209.01, 121.4, 0.0, 0.0
20210325095210.15, 121.4, 0.0, 0.0
20210325095211.22, 121.4, 0.0, 0.0
20210325095212.29, 121.4, 0.0, 0.0
20210325095213.36, 121.4, 0.0, 0.0
20210325095214.41, 121.4, 0.0, 0.0
20210325095215.51, 121.4, 0.0, 0.0
20210325095216.61, 121.4, 0.0, 0.0
20210325095217.73, 121.4, 0.0, 0.0
20210325095218.82, 121.4, 0.0, 0.0
20210325095219.9, 121.4, 0.0, 0.0
20210325095220.97, 121.4, 0.0, 0.0
20210325095222.03, 121.4, 0.0, 0.0
20210325095223.09, 121.4, 0.0, 0.0
20210325095224.23, 121.4, 0.0, 0.0
20210325095225.35, 121.4, 0.0, 0.0
20210325095226.4, 121.3, 0.0, 0.0
20210325095227.52, 121.3, 0.0, 0.0
20210325095228.57, 121.3, 0.0, 0.0
20210325095229.66, 121.3, 0.0, 0.0
20210325095230.76, 121.3, 0.0, 0.0
20210325095231.81, 121.3, 0.0, 0.0
20210325095232.86, 121.3, 0.0, 0.0
20210325095233.97, 121.3, 0.0, 0.0
20210325095235.04, 121.3, 0.0, 0.0
20210325095236.12, 121.3, 0.0, 0.0
20210325095237.2, 121.3, 0.0, 0.0
20210325095238.26, 121.3, 0.0, 0.0
20210325095239.34, 121.3, 0.0, 0.0
20210325095240.39, 121.3, 0.0, 0.0
20210325095241.45, 121.4, 0.0, 0.0
20210325095242.52, 121.4, 0.0, 0.0
20210325095243.59, 121.4, 0.0, 0.0
20210325095244.66, 121.4, 0.0, 0.0
20210325095245.78, 121.3, 0.0, 0.0
20210325095246.87, 121.4, 0.0, 0.0
20210325095247.94, 121.4, 0.0, 0.0
20210325095249.0, 121.4, 0.0, 0.0
20210325095250.11, 121.4, 0.0, 0.0
20210325095251.17, 121.4, 0.0, 0.0
20210325095252.3, 121.4, 0.0, 0.0
20210325095253.41, 121.4, 0.0, 0.0
20210325095254.46, 121.4, 0.0, 0.0
20210325095255.53, 121.4, 0.0, 0.0
20210325095256.6, 121.4, 0.0, 0.0
20210325095257.7, 121.4, 0.0, 0.0
20210325095258.75, 121.4, 0.0, 0.0
20210325095259.8, 121.5, 0.0, 0.0
20210325095300.9, 121.5, 0.0, 0.0
20210325095301.96, 121.4, 0.0, 0.0
20210325095303.11, 121.4, 0.0, 0.0
20210325095304.2, 121.4, 0.0, 0.0
20210325095305.33, 121.4, 0.0, 0.0
20210325095306.46, 121.4, 0.0, 0.0
20210325095307.56, 121.3, 0.0, 0.0
20210325095308.7, 121.3, 0.0, 0.0
20210325095309.8, 121.4, 0.0, 0.0
20210325095310.88, 121.4, 0.0, 0.0
20210325095311.94, 121.4, 0.0, 0.0
20210325095313.07, 121.4, 0.0, 0.0
20210325095314.15, 121.4, 0.0, 0.0
20210325095315.21, 121.4, 0.0, 0.0
20210325095316.26, 121.4, 0.0, 0.0
20210325095317.32, 121.4, 0.0, 0.0
20210325095318.38, 121.4, 0.0, 0.0
20210325095319.45, 121.4, 0.0, 0.0
20210325095320.54, 121.4, 0.0, 0.0
20210325095321.8, 121.4, 0.0, 0.0
20210325095322.87, 121.4, 0.0, 0.0
20210325095323.92, 121.4, 0.0, 0.0
20210325095324.98, 121.4, 0.0, 0.0
20210325095326.04, 121.4, 0.0, 0.0
20210325095327.14, 121.4, 0.0, 0.0
20210325095328.27, 121.4, 0.0, 0.0
20210325095329.35, 121.4, 0.0, 0.0
20210325095330.41, 121.4, 0.0, 0.0
20210325095331.47, 121.4, 0.0, 0.0
20210325095332.52, 121.5, 0.0, 0.0
20210325095333.6, 121.5, 0.0, 0.0
20210325095334.69, 121.4, 0.0, 0.0
20210325095335.77, 121.4, 0.0, 0.0
20210325095336.82, 121.4, 0.0, 0.0
20210325095337.88, 121.4, 0.0, 0.0
20210325095339.01, 121.4, 0.0, 0.0
20210325095340.12, 121.4, 0.0, 0.0
20210325095341.18, 121.4, 0.0, 0.0
20210325095342.24, 121.4, 0.0, 0.0
20210325095343.31, 121.4, 0.0, 0.0
20210325095344.36, 121.4, 0.0, 0.0
20210325095345.5, 121.4, 0.0, 0.0
20210325095346.6, 121.4, 0.0, 0.0
20210325095347.68, 121.4, 0.0, 0.0
20210325095348.74, 121.5, 0.0, 0.0
20210325095349.8, 121.5, 0.0, 0.0
20210325095350.88, 121.4, 0.0, 0.0
20210325095351.94, 121.4, 0.0, 0.0
20210325095352.99, 121.4, 0.0, 0.0
20210325095354.07, 121.4, 0.0, 0.0
20210325095355.14, 121.4, 0.0, 0.0
20210325095356.25, 121.4, 0.0, 0.0
20210325095357.36, 121.4, 0.0, 0.0
20210325095358.41, 121.4, 0.0, 0.0
20210325095359.49, 121.4, 0.0, 0.0
20210325095400.61, 121.4, 0.0, 0.0
20210325095401.7, 121.4, 0.0, 0.0
20210325095402.79, 121.4, 0.0, 0.0
20210325095403.84, 121.4, 0.0, 0.0
20210325095404.99, 121.4, 0.0, 0.0
20210325095406.1, 121.4, 0.0, 0.0
20210325095407.16, 121.4, 0.0, 0.0
20210325095408.25, 121.4, 0.0, 0.0
20210325095409.36, 121.4, 0.0, 0.0
20210325095410.41, 121.4, 0.0, 0.0
20210325095411.47, 121.4, 0.0, 0.0
20210325095412.55, 121.4, 0.0, 0.0
20210325095413.65, 121.4, 0.0, 0.0
20210325095414.75, 121.4, 0.0, 0.0
20210325095415.81, 121.4, 0.0, 0.0
20210325095416.86, 121.4, 0.0, 0.0
20210325095417.91, 121.5, 0.0, 0.0
20210325095419.03, 121.5, 0.0, 0.0
20210325095420.11, 121.4, 0.0, 0.0
20210325095421.25, 121.4, 0.0, 0.0
20210325095422.3, 121.4, 0.0, 0.0
20210325095423.39, 121.3, 0.0, 0.0
20210325095424.49, 121.3, 0.0, 0.0
20210325095425.57, 121.4, 0.0, 0.0
20210325095426.69, 121.4, 0.0, 0.0
20210325095427.79, 121.4, 0.0, 0.0
20210325095428.84, 121.4, 0.0, 0.0
20210325095429.89, 121.4, 0.0, 0.0
20210325095430.98, 121.4, 0.0, 0.0
20210325095432.03, 121.4, 0.0, 0.0
20210325095433.1, 121.4, 0.0, 0.0
20210325095434.15, 121.5, 0.0, 0.0
20210325095435.21, 121.5, 0.0, 0.0
20210325095436.26, 121.4, 0.0, 0.0
20210325095437.32, 121.4, 0.0, 0.0
20210325095438.38, 121.4, 0.0, 0.0
20210325095439.44, 121.4, 0.0, 0.0
20210325095440.55, 121.5, 0.0, 0.0
20210325095441.65, 121.5, 0.0, 0.0
20210325095442.74, 121.4, 0.0, 0.0
20210325095443.79, 121.4, 0.0, 0.0
20210325095444.85, 121.5, 0.0, 0.0
20210325095445.91, 121.5, 0.0, 0.0
20210325095446.95, 121.5, 0.0, 0.0
20210325095448.05, 121.4, 0.0, 0.0
20210325095449.14, 121.4, 0.0, 0.0
20210325095450.22, 121.4, 0.0, 0.0
20210325095451.27, 121.4, 0.0, 0.0
20210325095452.34, 121.4, 0.0, 0.0
20210325095453.4, 121.4, 0.0, 0.0
20210325095454.45, 121.4, 0.0, 0.0
20210325095455.54, 121.4, 0.0, 0.0
20210325095456.59, 121.4, 0.0, 0.0
20210325095457.71, 121.4, 0.0, 0.0
20210325095458.78, 121.4, 0.0, 0.0
20210325095459.84, 121.4, 0.0, 0.0
20210325095500.89, 121.4, 0.0, 0.0
20210325095501.95, 121.4, 0.0, 0.0
20210325095503.0, 121.3, 0.0, 0.0
20210325095504.05, 121.3, 0.0, 0.0
20210325095505.11, 121.3, 0.0, 0.0
20210325095506.16, 121.3, 0.0, 0.0
20210325095507.21, 121.3, 0.0, 0.0
20210325095508.28, 121.3, 0.0, 0.0
20210325095509.33, 121.3, 0.0, 0.0
20210325095510.38, 121.3, 0.0, 0.0
20210325095511.43, 121.3, 0.0, 0.0
20210325095512.48, 121.3, 0.0, 0.0
20210325095513.53, 121.3, 0.0, 0.0
20210325095514.58, 121.3, 0.0, 0.0
20210325095515.63, 121.3, 0.0, 0.0
20210325095516.68, 121.3, 0.0, 0.0
20210325095517.73, 121.3, 0.0, 0.0
20210325095518.78, 121.3, 0.0, 0.0
20210325095519.88, 121.3, 0.0, 0.0
20210325095520.93, 121.4, 0.0, 0.0
20210325095521.98, 121.4, 0.0, 0.0
20210325095523.03, 121.3, 0.0, 0.0
20210325095524.08, 121.3, 0.0, 0.0
20210325095525.13, 121.3, 0.0, 0.0
20210325095526.18, 121.3, 0.0, 0.0
20210325095527.23, 121.3, 0.0, 0.0
20210325095528.28, 121.3, 0.0, 0.0
20210325095529.32, 121.4, 0.0, 0.0
20210325095530.38, 121.4, 0.0, 0.0
20210325095531.43, 121.4, 0.0, 0.0
20210325095532.48, 121.4, 0.0, 0.0
20210325095533.52, 121.3, 0.0, 0.0
20210325095534.58, 121.3, 0.0, 0.0
20210325095535.62, 121.3, 0.0, 0.0
20210325095536.67, 121.3, 0.0, 0.0
20210325095537.71, 121.4, 0.0, 0.0
20210325095538.76, 121.4, 0.0, 0.0
20210325095539.81, 121.4, 0.0, 0.0
20210325095540.86, 121.4, 0.0, 0.0
20210325095541.91, 121.4, 0.0, 0.0
20210325095542.96, 121.4, 0.0, 0.0
20210325095544.01, 121.4, 0.0, 0.0
20210325095545.06, 121.4, 0.0, 0.0
20210325095546.11, 121.6, 0.0, 0.0
20210325095547.17, 121.6, 0.0, 0.0
20210325095548.22, 121.6, 0.0, 0.0
20210325095549.27, 121.6, 0.0, 0.0
20210325095550.32, 121.6, 0.0, 0.0
20210325095551.37, 121.6, 0.0, 0.0
20210325095552.42, 121.5, 0.0, 0.0
20210325095553.47, 121.5, 0.0, 0.0
20210325095554.52, 121.5, 0.0, 0.0
20210325095555.58, 121.5, 0.0, 0.0
20210325095556.62, 121.5, 0.0, 0.0
20210325095557.67, 121.5, 0.0, 0.0
20210325095558.72, 121.4, 0.0, 0.0
20210325095559.77, 121.4, 0.0, 0.0
20210325095600.86, 121.4, 0.0, 0.0
20210325095601.91, 121.5, 0.0, 0.0
20210325095602.96, 121.5, 0.0, 0.0
20210325095604.02, 121.4, 0.0, 0.0
20210325095605.07, 121.4, 0.0, 0.0
20210325095606.11, 121.4, 0.0, 0.0
20210325095607.17, 121.4, 0.0, 0.0
20210325095608.21, 121.4, 0.0, 0.0
20210325095609.26, 121.4, 0.0, 0.0
20210325095610.31, 121.5, 0.0, 0.0
20210325095611.36, 121.5, 0.0, 0.0
20210325095612.41, 121.5, 0.0, 0.0
20210325095613.46, 121.5, 0.0, 0.0
20210325095614.52, 121.4, 0.0, 0.0
20210325095615.57, 121.4, 0.0, 0.0
20210325095616.61, 121.4, 0.0, 0.0
20210325095617.67, 121.4, 0.0, 0.0
20210325095618.71, 121.4, 0.0, 0.0
20210325095619.76, 121.4, 0.0, 0.0
20210325095620.8, 121.4, 0.0, 0.0
20210325095621.86, 121.4, 0.0, 0.0
20210325095622.9, 121.5, 0.0, 0.0
20210325095623.96, 121.5, 0.0, 0.0
20210325095625.0, 121.4, 0.0, 0.0
20210325095626.06, 121.4, 0.0, 0.0
20210325095627.11, 121.3, 0.0, 0.0
20210325095628.16, 121.3, 0.0, 0.0
20210325095629.22, 121.3, 0.0, 0.0
20210325095630.27, 121.3, 0.0, 0.0
20210325095631.32, 121.3, 0.0, 0.0
20210325095632.38, 121.3, 0.0, 0.0
20210325095633.43, 121.3, 0.0, 0.0
20210325095634.48, 121.3, 0.0, 0.0
20210325095635.52, 121.3, 0.0, 0.0
20210325095636.58, 121.3, 0.0, 0.0
20210325095637.62, 121.4, 0.0, 0.0
20210325095638.77, 121.5, 0.0, 0.0
20210325095639.82, 121.5, 0.0, 0.0
20210325095640.91, 121.5, 0.0, 0.0
20210325095642.02, 121.5, 0.0, 0.0
20210325095643.11, 121.5, 0.0, 0.0
20210325095644.18, 121.5, 0.0, 0.0
20210325095645.25, 121.5, 0.0, 0.0
20210325095646.37, 121.5, 0.0, 0.0
20210325095647.45, 121.5, 0.0, 0.0
20210325095648.52, 121.5, 0.0, 0.0
20210325095649.59, 121.5, 0.0, 0.0
20210325095650.64, 121.5, 0.0, 0.0
20210325095651.69, 121.5, 0.0, 0.0
20210325095652.77, 121.5, 0.0, 0.0
20210325095653.82, 121.5, 0.0, 0.0
20210325095654.92, 121.5, 0.0, 0.0
20210325095655.97, 121.5, 0.0, 0.0
20210325095657.03, 121.5, 0.0, 0.0
20210325095658.17, 121.5, 0.0, 0.0
20210325095659.34, 121.4, 0.0, 0.0
20210325095700.41, 121.4, 0.0, 0.0
20210325095701.52, 121.4, 0.0, 0.0
20210325095702.6, 121.4, 0.0, 0.0
20210325095703.66, 121.3, 0.0, 0.0
20210325095704.74, 121.3, 0.0, 0.0
20210325095705.86, 121.3, 0.0, 0.0
20210325095706.92, 121.3, 0.0, 0.0
20210325095707.98, 121.3, 0.0, 0.0
20210325095709.04, 121.3, 0.0, 0.0
20210325095710.15, 121.3, 0.0, 0.0
20210325095711.29, 121.3, 0.0, 0.0
20210325095712.37, 121.3, 0.0, 0.0
20210325095713.42, 121.3, 0.0, 0.0
20210325095714.53, 121.3, 0.0, 0.0
20210325095715.61, 121.3, 0.0, 0.0
20210325095716.71, 121.4, 0.0, 0.0
20210325095717.83, 121.3, 0.0, 0.0
20210325095718.94, 121.3, 0.0, 0.0
20210325095720.07, 121.4, 0.0, 0.0
20210325095721.2, 121.4, 0.0, 0.0
20210325095722.28, 121.4, 0.0, 0.0
20210325095723.39, 121.4, 0.0, 0.0
20210325095724.49, 121.4, 0.0, 0.0
20210325095725.55, 121.4, 0.0, 0.0
20210325095726.63, 121.4, 0.0, 0.0
20210325095727.69, 121.4, 0.0, 0.0
20210325095728.82, 121.5, 0.0, 0.0
20210325095729.92, 121.5, 0.0, 0.0
20210325095731.03, 121.5, 0.0, 0.0
20210325095732.18, 121.6, 0.0, 0.0
20210325095733.34, 121.6, 0.0, 0.0
20210325095734.44, 121.6, 0.0, 0.0
20210325095735.51, 121.6, 0.0, 0.0
20210325095736.61, 121.6, 0.0, 0.0
20210325095737.72, 121.6, 0.0, 0.0
20210325095738.79, 121.5, 0.0, 0.0
20210325095739.84, 121.5, 0.0, 0.0
20210325095740.95, 121.5, 0.0, 0.0
20210325095742.02, 121.5, 0.0, 0.0
20210325095743.12, 121.5, 0.0, 0.0
20210325095744.23, 121.5, 0.0, 0.0
20210325095745.36, 121.4, 0.0, 0.0
20210325095746.57, 121.4, 0.0, 0.0
20210325095747.62, 121.4, 0.0, 0.0
20210325095748.68, 121.4, 0.0, 0.0
20210325095749.78, 121.4, 0.0, 0.0
20210325095750.86, 121.4, 0.0, 0.0
20210325095751.91, 121.4, 0.0, 0.0
20210325095753.02, 121.4, 0.0, 0.0
20210325095754.11, 121.4, 0.0, 0.0
20210325095755.21, 121.5, 0.0, 0.0
20210325095756.33, 121.5, 0.0, 0.0
20210325095757.43, 121.4, 0.0, 0.0
20210325095758.57, 121.4, 0.0, 0.0
20210325095759.65, 121.4, 0.0, 0.0
20210325095800.79, 121.4, 0.0, 0.0
20210325095801.89, 121.4, 0.0, 0.0
20210325095803.03, 121.4, 0.0, 0.0
20210325095804.12, 121.4, 0.0, 0.0
20210325095805.18, 121.4, 0.0, 0.0
20210325095806.3, 121.4, 0.0, 0.0
20210325095807.35, 121.4, 0.0, 0.0
20210325095808.41, 121.4, 0.0, 0.0
20210325095809.46, 121.4, 0.0, 0.0
20210325095810.57, 121.4, 0.0, 0.0
20210325095811.61, 121.5, 0.0, 0.0
20210325095812.73, 121.5, 0.0, 0.0
20210325095813.81, 121.4, 0.0, 0.0
20210325095814.86, 121.4, 0.0, 0.0
20210325095815.96, 121.5, 0.0, 0.0
20210325095817.04, 121.5, 0.0, 0.0
20210325095818.08, 121.5, 0.0, 0.0
20210325095819.18, 121.5, 0.0, 0.0
20210325095820.3, 121.6, 0.0, 0.0
20210325095821.4, 121.6, 0.0, 0.0
20210325095822.55, 121.5, 0.0, 0.0
20210325095823.67, 121.5, 0.0, 0.0
20210325095824.78, 121.5, 0.0, 0.0
20210325095825.83, 121.5, 0.0, 0.0
20210325095826.88, 121.5, 0.0, 0.0
20210325095828.0, 121.5, 0.0, 0.0
20210325095829.11, 121.5, 0.0, 0.0
20210325095830.16, 121.5, 0.0, 0.0
20210325095831.22, 121.5, 0.0, 0.0
20210325095832.27, 121.5, 0.0, 0.0
20210325095833.38, 121.5, 0.0, 0.0
20210325095834.44, 121.5, 0.0, 0.0
20210325095835.5, 121.5, 0.0, 0.0
20210325095836.56, 121.4, 0.0, 0.0
20210325095837.64, 121.4, 0.0, 0.0
20210325095838.75, 121.4, 0.0, 0.0
20210325095839.82, 121.4, 0.0, 0.0
20210325095840.89, 121.4, 0.0, 0.0
20210325095841.95, 121.4, 0.0, 0.0
20210325095843.05, 121.4, 0.0, 0.0
20210325095844.11, 121.4, 0.0, 0.0
20210325095845.16, 121.4, 0.0, 0.0
20210325095846.25, 121.5, 0.0, 0.0
20210325095847.32, 121.5, 0.0, 0.0
20210325095848.45, 121.4, 0.0, 0.0
20210325095849.55, 121.4, 0.0, 0.0
20210325095850.65, 121.5, 0.0, 0.0
20210325095851.73, 121.5, 0.0, 0.0
20210325095852.82, 121.4, 0.0, 0.0
20210325095853.88, 121.4, 0.0, 0.0
20210325095854.93, 121.4, 0.0, 0.0
20210325095856.07, 121.4, 0.0, 0.0
20210325095857.14, 121.5, 0.0, 0.0
20210325095858.22, 121.5, 0.0, 0.0
20210325095859.27, 121.5, 0.0, 0.0
20210325095900.33, 121.5, 0.0, 0.0
20210325095901.41, 121.5, 0.0, 0.0
20210325095902.47, 121.5, 0.0, 0.0
20210325095903.58, 121.5, 0.0, 0.0
20210325095904.64, 121.4, 0.0, 0.0
20210325095905.74, 121.4, 0.0, 0.0
20210325095906.84, 121.4, 0.0, 0.0
20210325095907.9, 121.4, 0.0, 0.0
20210325095908.95, 121.4, 0.0, 0.0
20210325095910.01, 121.4, 0.0, 0.0
20210325095911.07, 121.5, 0.0, 0.0
20210325095912.12, 121.5, 0.0, 0.0
20210325095913.18, 121.5, 0.0, 0.0
20210325095914.24, 121.5, 0.0, 0.0
20210325095915.29, 121.5, 0.0, 0.0
20210325095916.35, 121.5, 0.0, 0.0
20210325095917.42, 121.4, 0.0, 0.0
20210325095918.56, 121.4, 0.0, 0.0
20210325095919.64, 121.5, 0.0, 0.0
20210325095920.71, 121.5, 0.0, 0.0
20210325095921.77, 121.4, 0.0, 0.0
20210325095922.85, 121.4, 0.0, 0.0
20210325095923.91, 121.5, 0.0, 0.0
20210325095925.04, 121.4, 0.0, 0.0
20210325095926.17, 121.4, 0.0, 0.0
20210325095927.23, 121.4, 0.0, 0.0
20210325095928.32, 121.4, 0.0, 0.0
20210325095929.46, 121.4, 0.0, 0.0
20210325095930.58, 121.4, 0.0, 0.0
20210325095931.62, 121.5, 0.0, 0.0
20210325095932.73, 121.5, 0.0, 0.0
20210325095933.82, 121.4, 0.0, 0.0
20210325095934.93, 121.4, 0.0, 0.0
20210325095935.99, 121.4, 0.0, 0.0
20210325095937.06, 121.4, 0.0, 0.0
20210325095938.14, 121.4, 0.0, 0.0
20210325095939.2, 121.4, 0.0, 0.0
20210325095940.31, 121.4, 0.0, 0.0
20210325095941.39, 121.4, 0.0, 0.0
20210325095942.45, 121.4, 0.0, 0.0
20210325095943.61, 121.4, 0.0, 0.0
20210325095944.71, 121.4, 0.0, 0.0
20210325095945.81, 121.4, 0.0, 0.0
20210325095946.89, 121.4, 0.0, 0.0
20210325095947.98, 121.4, 0.0, 0.0
20210325095949.13, 121.4, 0.0, 0.0
20210325095950.25, 121.4, 0.0, 0.0
20210325095951.35, 121.4, 0.0, 0.0
20210325095952.42, 121.4, 0.0, 0.0
20210325095953.52, 121.4, 0.0, 0.0
20210325095954.66, 121.4, 0.0, 0.0
20210325095955.77, 121.4, 0.0, 0.0
20210325095956.86, 121.5, 0.0, 0.0
20210325095957.96, 121.4, 0.0, 0.0
20210325095959.11, 121.4, 0.0, 0.0
