20210323145304.71, 0.0
20210323145305.78, 0.0
20210323145306.83, 0.0
20210323145307.88, 0.0
20210323145308.93, 0.0
20210323145310.04, 0.0
20210323145311.09, 0.0
20210323145312.18, 0.0
20210323145313.24, 0.0
20210323145314.3, 0.0
20210323145315.38, 0.0
20210323145316.44, 0.0
20210323145317.5, 0.0
20210323145318.56, 0.0
20210323145319.61, 0.0
20210323145320.67, 0.0
20210323145321.73, 0.0
20210323145322.78, 0.0
20210323145323.87, 0.0
20210323145324.99, 0.0
20210323145326.12, 0.0
20210323145327.2, 0.0
20210323145328.26, 0.0
20210323145329.34, 0.0
20210323145330.43, 0.0
20210323145331.55, 0.0
20210323145332.61, 0.0
20210323145333.74, 0.0
20210323145334.84, 0.0
20210323145335.9, 0.0
20210323145337.02, 0.0
20210323145338.09, 0.0
20210323145339.2, 0.0
20210323145340.28, 0.0
20210323145341.33, 0.0
20210323145342.38, 0.0
20210323145343.46, 0.0
20210323145344.53, 0.0
20210323145345.59, 0.0
20210323145346.64, 0.0
20210323145347.7, 0.0
20210323145348.84, 0.0
20210323145349.91, 0.0
20210323145350.96, 0.0
20210323145352.02, 0.0
20210323145353.09, 0.0
20210323145354.14, 0.0
20210323145355.25, 0.0
20210323145356.33, 0.0
20210323145357.43, 0.0
20210323145358.48, 0.0
20210323145359.55, 0.0
20210323145400.68, 0.0
20210323145401.73, 0.0
20210323145402.83, 0.0
20210323145403.94, 0.0
20210323145405.07, 0.0
20210323145406.17, 0.0
20210323145407.26, 0.0
20210323145408.36, 0.0
20210323145409.48, 0.0
20210323145410.53, 0.0
20210323145411.62, 0.0
20210323145412.76, 0.0
20210323145413.87, 0.0
20210323145414.91, 0.0
20210323145416.02, 0.0
20210323145417.11, 0.0
20210323145418.16, 0.0
20210323145419.28, 0.0
20210323145420.38, 0.0
20210323145421.45, 0.0
20210323145422.55, 0.0
20210323145423.61, 0.0
20210323145424.7, 0.0
20210323145425.79, 0.0
20210323145426.95, 0.0
20210323145428.0, 0.0
20210323145429.06, 0.0
20210323145430.11, 0.0
20210323145431.21, 0.0
20210323145432.27, 0.0
20210323145433.32, 0.0
20210323145434.38, 0.0
20210323145435.43, 0.0
20210323145436.49, 0.0
20210323145437.54, 0.0
20210323145438.59, 0.0
20210323145439.69, 0.0
20210323145440.75, 0.0
20210323145441.88, 0.0
20210323145443.01, 0.0
20210323145444.12, 0.0
20210323145445.27, 0.0
20210323145446.42, 0.0
20210323145447.55, 0.0
20210323145448.64, 0.0
20210323145449.75, 0.0
20210323145450.82, 0.0
20210323145451.95, 0.0
20210323145453.08, 0.0
20210323145454.19, 0.0
20210323145455.28, 0.0
20210323145456.41, 0.0
20210323145457.55, 0.0
20210323145458.66, 0.0
20210323145459.73, 0.0
20210323145500.81, 0.0
20210323145501.96, 0.0
20210323145503.04, 0.0
20210323145504.14, 0.0
20210323145505.23, 0.0
20210323145506.27, 0.0
20210323145507.37, 0.0
20210323145508.43, 0.0
20210323145509.55, 0.0
20210323145510.69, 0.0
20210323145511.82, 0.0
20210323145512.95, 0.0
20210323145514.09, 0.0
20210323145515.23, 0.0
20210323145516.32, 0.0
20210323145517.45, 0.0
20210323145518.53, 0.0
20210323145519.58, 0.0
20210323145520.7, 0.0
20210323145521.78, 0.0
20210323145522.83, 0.0
20210323145523.95, 0.0
20210323145525.02, 0.0
20210323145526.15, 0.0
20210323145527.28, 0.0
20210323145528.39, 0.0
20210323145529.48, 0.0
20210323145530.61, 0.0
20210323145531.67, 0.0
20210323145532.82, 0.0
20210323145533.95, 0.0
20210323145535.09, 0.0
20210323145536.2, 0.0
20210323145537.31, 0.0
20210323145538.36, 0.0
20210323145539.44, 0.0
20210323145540.55, 0.0
20210323145541.61, 0.0
20210323145542.73, 0.0
20210323145543.84, 0.0
20210323145544.95, 0.0
20210323145546.06, 0.0
20210323145547.17, 0.0
20210323145548.25, 0.0
20210323145549.34, 0.0
20210323145550.45, 0.0
20210323145551.57, 0.0
20210323145552.63, 0.0
20210323145553.76, 0.0
20210323145554.89, 0.0
20210323145556.03, 0.0
20210323145557.12, 0.0
20210323145558.22, 0.0
20210323145559.34, 0.0
20210323145600.43, 0.0
20210323145601.51, 0.0
20210323145602.64, 0.0
20210323145603.77, 0.0
20210323145604.85, 0.0
20210323145605.99, 0.0
20210323145607.1, 0.0
20210323145608.21, 0.0
20210323145609.31, 0.0
20210323145610.41, 0.0
20210323145611.53, 0.0
20210323145612.64, 0.0
20210323145613.7, 0.0
20210323145614.84, 0.0
20210323145615.98, 0.0
20210323145617.09, 0.0
20210323145618.23, 0.0
20210323145619.32, 0.0
20210323145620.43, 0.0
20210323145621.52, 0.0
20210323145622.57, 0.0
20210323145623.62, 0.0
20210323145624.72, 0.0
20210323145625.78, 0.0
20210323145626.87, 0.0
20210323145628.01, 0.0
20210323145629.09, 0.0
20210323145630.21, 0.0
20210323145631.35, 0.0
20210323145632.46, 0.0
20210323145633.53, 0.0
20210323145634.6, 0.0
20210323145635.68, 0.0
20210323145636.75, 0.0
20210323145637.86, 0.0
20210323145638.98, 0.0
20210323145640.05, 0.0
20210323145641.12, 0.0
20210323145642.22, 0.0
20210323145643.31, 0.0
20210323145644.42, 0.0
20210323145645.51, 0.0
20210323145646.63, 0.0
20210323145647.71, 0.0
20210323145648.84, 0.0
20210323145649.91, 0.0
20210323145651.09, 0.0
20210323145652.15, 0.0
20210323145653.28, 0.0
20210323145654.43, 0.0
20210323145655.52, 0.0
20210323145656.67, 0.0
20210323145657.78, 0.0
20210323145658.9, 0.0
20210323145700.05, 0.0
20210323145701.11, 0.0
20210323145702.19, 0.0
20210323145703.45, 0.0
20210323145704.5, 0.0
20210323145705.57, 0.0
20210323145706.68, 0.0
20210323145707.79, 0.0
20210323145708.91, 0.0
20210323145709.99, 0.0
20210323145711.09, 0.0
20210323145712.21, 0.0
20210323145713.32, 0.0
20210323145714.44, 0.0
20210323145715.55, 0.0
20210323145716.69, 0.0
20210323145717.81, 0.0
20210323145718.96, 0.0
20210323145720.06, 0.0
20210323145721.21, 0.0
20210323145722.35, 0.0
20210323145723.41, 0.0
20210323145724.55, 0.0
20210323145725.63, 0.0
20210323145726.71, 0.0
20210323145727.82, 0.0
20210323145728.88, 0.0
20210323145729.97, 0.0
20210323145731.1, 0.0
20210323145732.26, 0.0
20210323145733.35, 0.0
20210323145734.5, 0.0
20210323145735.57, 0.0
20210323145736.68, 0.0
20210323145737.79, 0.0
20210323145738.91, 0.0
20210323145740.03, 0.0
20210323145741.13, 0.0
20210323145742.27, 0.0
20210323145743.4, 0.0
20210323145744.57, 0.0
20210323145745.69, 0.0
20210323145746.77, 0.0
20210323145747.83, 0.0
20210323145748.92, 0.0
20210323145749.97, 0.0
20210323145751.09, 0.0
20210323145752.22, 0.0
20210323145753.32, 0.0
20210323145754.45, 0.0
20210323145755.57, 0.0
20210323145756.68, 0.0
20210323145757.73, 0.0
20210323145758.79, 0.0
20210323145759.94, 0.0
20210323145801.06, 0.0
20210323145802.17, 0.0
20210323145803.24, 0.0
20210323145804.33, 0.0
20210323145805.48, 0.0
20210323145806.55, 0.0
20210323145807.63, 0.0
20210323145808.75, 0.0
20210323145809.89, 0.0
20210323145811.03, 0.0
20210323145812.14, 0.0
20210323145813.27, 0.0
20210323145814.35, 0.0
20210323145815.47, 0.0
20210323145816.61, 0.0
20210323145817.66, 0.0
20210323145818.76, 0.0
20210323145819.82, 0.0
20210323145820.91, 0.0
20210323145821.98, 0.0
20210323145823.1, 0.0
20210323145824.15, 0.0
20210323145825.27, 0.0
20210323145826.4, 0.0
20210323145827.51, 0.0
20210323145828.63, 0.0
20210323145829.69, 0.0
20210323145830.79, 0.0
20210323145831.87, 0.0
20210323145833.07, 0.0
20210323145834.16, 0.0
20210323145835.23, 0.0
20210323145836.3, 0.0
20210323145837.44, 0.0
20210323145838.56, 0.0
20210323145839.66, 0.0
20210323145840.73, 0.0
20210323145841.85, 0.0
20210323145842.98, 0.0
20210323145844.1, 0.0
20210323145845.24, 0.0
20210323145846.38, 0.0
20210323145847.48, 0.0
20210323145848.62, 0.0
20210323145849.68, 0.0
20210323145850.8, 0.0
20210323145851.95, 0.0
20210323145853.01, 0.0
20210323145854.17, 0.0
20210323145855.31, 0.0
20210323145856.43, 0.0
20210323145857.54, 0.0
20210323145858.68, 0.0
20210323145859.8, 0.0
20210323145900.92, 0.0
20210323145902.03, 0.0
20210323145903.17, 0.0
20210323145904.33, 0.0
20210323145905.41, 0.0
20210323145906.52, 0.0
20210323145907.6, 0.0
20210323145908.71, 0.0
20210323145909.76, 0.0
20210323145910.87, 0.0
20210323145912.0, 0.0
20210323145913.11, 0.0
20210323145914.2, 0.0
20210323145915.27, 0.0
20210323145916.39, 0.0
20210323145917.5, 0.0
20210323145918.63, 0.0
20210323145919.68, 0.0
20210323145920.79, 0.0
20210323145921.88, 0.0
20210323145923.0, 0.0
20210323145924.14, 0.0
20210323145925.27, 0.0
20210323145926.4, 0.0
20210323145927.54, 0.0
20210323145928.65, 0.0
20210323145929.74, 0.0
20210323145930.82, 0.0
20210323145931.95, 0.0
20210323145933.07, 0.0
20210323145934.18, 0.0
20210323145935.28, 0.0
20210323145936.42, 0.0
20210323145937.49, 0.0
20210323145938.59, 0.0
20210323145939.65, 0.0
20210323145940.76, 0.0
20210323145941.82, 0.0
20210323145942.89, 0.0
20210323145944.04, 0.0
20210323145945.11, 0.0
20210323145946.17, 0.0
20210323145947.27, 0.0
20210323145948.32, 0.0
20210323145949.38, 0.0
20210323145950.42, 0.0
20210323145951.49, 0.0
20210323145952.62, 0.0
20210323145953.76, 0.0
20210323145954.83, 0.0
20210323145955.96, 0.0
20210323145957.06, 0.0
20210323145958.18, 0.0
20210323145959.27, 0.0
