time,voltage,current,power
20210401000000.32, 121.7, 2.5, 239.0
20210401000001.48, 121.6, 2.5, 236.0
20210401000002.56, 121.5, 2.5, 237.0
20210401000003.64, 121.5, 2.5, 237.0
20210401000004.71, 121.5, 2.7, 237.0
20210401000005.77, 121.5, 2.7, 237.0
20210401000006.83, 121.5, 2.7, 238.0
20210401000007.89, 121.5, 2.7, 238.0
20210401000008.95, 121.6, 2.7, 236.0
20210401000010.02, 121.6, 2.7, 236.0
20210401000011.1, 121.6, 2.7, 239.0
20210401000012.17, 121.6, 2.7, 239.0
20210401000013.23, 121.6, 2.7, 236.0
20210401000014.3, 121.6, 2.7, 236.0
20210401000015.36, 121.6, 2.7, 240.0
20210401000016.41, 121.6, 2.7, 240.0
20210401000017.49, 121.5, 2.7, 238.0
20210401000018.6, 121.5, 2.7, 238.0
20210401000019.68, 121.6, 2.6, 240.0
20210401000020.75, 121.6, 2.6, 240.0
20210401000021.82, 121.6, 2.6, 239.0
20210401000022.89, 121.6, 2.6, 239.0
20210401000023.95, 121.6, 2.6, 236.0
20210401000025.03, 121.6, 2.6, 236.0
20210401000026.09, 121.6, 2.6, 236.0
20210401000027.16, 121.6, 2.6, 236.0
20210401000028.23, 121.7, 2.6, 239.0
20210401000029.3, 121.7, 2.6, 239.0
20210401000030.36, 121.6, 2.6, 237.0
20210401000031.43, 121.6, 2.6, 237.0
20210401000032.5, 121.6, 2.6, 237.0
20210401000033.57, 121.6, 2.6, 237.0
20210401000034.64, 121.6, 2.6, 236.0
20210401000035.72, 121.6, 2.6, 236.0
20210401000036.79, 121.6, 2.6, 237.0
20210401000037.87, 121.6, 2.6, 237.0
20210401000038.94, 121.5, 2.6, 237.0
20210401000040.02, 121.5, 2.6, 237.0
20210401000041.08, 121.5, 2.6, 236.0
20210401000042.29, 121.5, 2.6, 234.0
20210401000043.37, 121.5, 2.6, 234.0
20210401000044.44, 121.5, 2.6, 232.0
20210401000045.52, 121.5, 2.6, 232.0
20210401000046.59, 121.5, 2.6, 235.0
20210401000047.67, 121.5, 2.6, 235.0
20210401000048.74, 121.5, 2.6, 239.0
20210401000049.82, 121.5, 2.6, 239.0
20210401000050.9, 121.5, 2.6, 234.0
20210401000051.97, 121.5, 2.6, 234.0
20210401000053.04, 121.5, 2.6, 235.0
20210401000054.11, 121.5, 2.6, 235.0
20210401000055.19, 121.5, 2.6, 234.0
20210401000056.25, 121.5, 2.6, 234.0
20210401000057.32, 121.6, 2.6, 237.0
20210401000058.4, 121.6, 2.6, 237.0
20210401000059.47, 121.5, 2.6, 240.0
20210401000100.54, 121.5, 2.6, 240.0
20210401000101.61, 121.5, 2.6, 237.0
20210401000102.68, 121.5, 2.6, 237.0
20210401000103.74, 121.5, 2.6, 240.0
20210401000104.82, 121.5, 2.6, 240.0
20210401000105.88, 121.6, 2.4000000000000004, 242.0
20210401000106.95, 121.6, 2.4000000000000004, 242.0
20210401000108.03, 121.6, 2.4000000000000004, 234.0
20210401000109.1, 121.6, 2.4000000000000004, 234.0
20210401000110.17, 121.6, 2.4000000000000004, 239.0
20210401000111.25, 121.6, 2.4000000000000004, 239.0
20210401000112.31, 121.5, 2.4000000000000004, 241.0
20210401000113.38, 121.5, 2.4000000000000004, 241.0
20210401000114.46, 121.6, 2.4000000000000004, 242.0
20210401000115.55, 121.6, 2.4000000000000004, 242.0
20210401000116.61, 121.6, 2.4000000000000004, 238.0
20210401000117.68, 121.6, 2.4000000000000004, 238.0
20210401000118.78, 121.5, 2.4000000000000004, 240.0
20210401000119.95, 121.5, 2.5, 233.0
20210401000121.03, 121.5, 2.5, 233.0
20210401000122.09, 121.5, 2.5, 234.0
20210401000123.17, 121.5, 2.5, 234.0
20210401000124.23, 121.5, 2.5, 234.0
20210401000125.31, 121.5, 2.5, 234.0
20210401000126.37, 121.5, 2.5, 238.0
20210401000127.45, 121.5, 2.5, 238.0
20210401000128.52, 121.5, 2.5, 238.0
20210401000129.6, 121.5, 2.5, 238.0
20210401000130.68, 121.5, 2.5, 232.0
20210401000131.75, 121.5, 2.5, 232.0
20210401000132.83, 121.5, 2.5, 237.0
20210401000133.92, 121.5, 2.5, 237.0
20210401000134.98, 121.5, 2.6, 235.0
20210401000136.06, 121.5, 2.6, 235.0
20210401000137.12, 121.5, 2.6, 239.0
20210401000138.2, 121.5, 2.6, 239.0
20210401000139.25, 121.6, 2.6, 240.0
20210401000140.33, 121.6, 2.6, 240.0
20210401000141.41, 121.5, 2.6, 237.0
20210401000142.48, 121.5, 2.6, 237.0
20210401000143.55, 121.6, 2.6, 235.0
20210401000144.62, 121.6, 2.6, 235.0
20210401000145.7, 121.5, 2.6, 237.0
20210401000146.78, 121.5, 2.6, 237.0
20210401000147.86, 121.6, 2.6, 235.0
20210401000148.93, 121.6, 2.6, 235.0
20210401000149.98, 121.6, 2.6, 239.0
20210401000151.06, 121.6, 2.6, 239.0
20210401000152.12, 121.6, 2.6, 238.0
20210401000153.2, 121.6, 2.6, 238.0
20210401000154.27, 121.5, 2.6, 239.0
20210401000155.35, 121.5, 2.6, 239.0
20210401000156.42, 121.5, 2.6, 238.0
20210401000157.49, 121.5, 2.6, 238.0
20210401000158.56, 121.5, 2.6, 237.0
20210401000159.64, 121.5, 2.6, 237.0
20210401000200.8, 121.5, 2.6, 237.0
20210401000201.87, 121.5, 2.6, 234.0
20210401000202.93, 121.5, 2.6, 234.0
20210401000204.0, 121.5, 2.6, 237.0
20210401000205.05, 121.5, 2.6, 237.0
20210401000206.13, 121.5, 2.5, 237.0
20210401000207.21, 121.5, 2.5, 237.0
20210401000208.29, 121.5, 2.5, 239.0
20210401000209.37, 121.5, 2.5, 239.0
20210401000210.45, 121.6, 2.5, 239.0
20210401000211.52, 121.6, 2.5, 239.0
20210401000212.59, 121.5, 2.5, 237.0
20210401000213.66, 121.5, 2.5, 237.0
20210401000214.73, 121.5, 2.5, 234.0
20210401000215.82, 121.5, 2.5, 234.0
20210401000216.9, 121.5, 2.5, 239.0
20210401000217.96, 121.5, 2.5, 239.0
20210401000219.04, 121.5, 2.5, 238.0
20210401000220.12, 121.5, 2.5, 238.0
20210401000221.2, 121.5, 2.6, 234.0
20210401000222.28, 121.5, 2.6, 234.0
20210401000223.34, 121.5, 2.6, 237.0
20210401000224.41, 121.5, 2.6, 237.0
20210401000225.48, 121.5, 2.6, 239.0
20210401000226.56, 121.5, 2.6, 239.0
20210401000227.62, 121.5, 2.6, 242.0
20210401000228.7, 121.5, 2.6, 242.0
20210401000229.77, 121.5, 2.6, 239.0
20210401000230.85, 121.5, 2.6, 239.0
20210401000231.93, 121.5, 2.6, 239.0
20210401000233.0, 121.5, 2.6, 239.0
20210401000234.07, 121.5, 2.6, 235.0
20210401000235.14, 121.5, 2.6, 235.0
20210401000236.21, 121.5, 2.6, 234.0
20210401000237.3, 121.5, 2.6, 234.0
20210401000238.37, 121.5, 2.5, 234.0
20210401000239.57, 121.5, 2.5, 237.0
20210401000240.65, 121.5, 2.5, 237.0
20210401000241.73, 121.5, 2.5, 240.0
20210401000242.81, 121.5, 2.5, 240.0
20210401000243.87, 121.5, 2.5, 238.0
20210401000244.95, 121.5, 2.5, 238.0
20210401000246.02, 121.6, 2.5, 238.0
20210401000247.11, 121.6, 2.5, 238.0
20210401000248.18, 121.6, 2.5, 238.0
20210401000249.26, 121.6, 2.5, 238.0
20210401000250.32, 121.6, 2.5, 239.0
20210401000251.41, 121.6, 2.5, 239.0
20210401000252.49, 121.6, 2.5, 240.0
20210401000253.57, 121.6, 2.5, 240.0
20210401000254.63, 121.6, 2.5, 240.0
20210401000255.7, 121.6, 2.5, 240.0
20210401000256.78, 121.6, 2.5, 235.0
20210401000257.85, 121.6, 2.5, 235.0
20210401000258.91, 121.5, 2.5, 237.0
20210401000259.99, 121.5, 2.5, 237.0
20210401000301.07, 121.6, 2.5, 238.0
20210401000302.14, 121.6, 2.5, 238.0
20210401000303.21, 121.5, 2.5, 239.0
20210401000304.28, 121.5, 2.5, 239.0
20210401000305.35, 121.5, 2.5, 238.0
20210401000306.42, 121.5, 2.5, 238.0
20210401000307.49, 121.6, 2.6, 239.0
20210401000308.57, 121.6, 2.6, 239.0
20210401000309.64, 121.5, 2.6, 232.0
20210401000310.71, 121.5, 2.6, 232.0
20210401000311.79, 121.6, 2.6, 236.0
20210401000312.88, 121.6, 2.6, 236.0
20210401000313.95, 121.6, 2.6, 234.0
20210401000315.15, 121.6, 2.6, 235.0
20210401000316.22, 121.6, 2.6, 235.0
20210401000317.29, 121.5, 2.6, 239.0
20210401000318.36, 121.5, 2.6, 239.0
20210401000319.43, 121.5, 2.6, 239.0
20210401000320.51, 121.5, 2.6, 239.0
20210401000321.59, 121.6, 2.6, 239.0
20210401000322.67, 121.6, 2.6, 239.0
20210401000323.75, 121.5, 2.7, 237.0
20210401000324.82, 121.5, 2.7, 237.0
20210401000325.88, 121.5, 2.7, 239.0
20210401000326.98, 121.5, 2.7, 239.0
20210401000328.05, 121.5, 2.7, 236.0
20210401000329.13, 121.5, 2.7, 236.0
20210401000330.2, 121.5, 2.7, 238.0
20210401000331.28, 121.5, 2.7, 238.0
20210401000332.35, 121.5, 2.7, 238.0
20210401000333.43, 121.5, 2.7, 238.0
20210401000334.49, 121.6, 2.7, 242.0
20210401000335.56, 121.6, 2.7, 242.0
20210401000336.63, 121.5, 2.7, 237.0
20210401000337.7, 121.5, 2.7, 237.0
20210401000338.78, 121.6, 2.6, 237.0
20210401000339.86, 121.6, 2.6, 237.0
20210401000340.92, 121.6, 2.6, 239.0
20210401000342.0, 121.6, 2.6, 239.0
20210401000343.07, 121.6, 2.6, 237.0
20210401000344.15, 121.6, 2.6, 237.0
20210401000345.21, 121.6, 2.6, 237.0
20210401000346.29, 121.6, 2.6, 237.0
20210401000347.36, 121.6, 2.6, 240.0
20210401000348.44, 121.6, 2.6, 240.0
20210401000349.5, 121.6, 2.6, 238.0
20210401000350.57, 121.6, 2.6, 238.0
20210401000351.65, 121.6, 2.6, 240.0
20210401000352.83, 121.6, 2.5, 236.0
20210401000353.92, 121.6, 2.5, 236.0
20210401000355.0, 121.6, 2.5, 238.0
20210401000356.06, 121.6, 2.5, 238.0
20210401000357.14, 121.6, 2.5, 236.0
20210401000358.21, 121.6, 2.5, 236.0
20210401000359.29, 121.6, 2.5, 236.0
20210401000400.37, 121.6, 2.5, 236.0
20210401000401.44, 121.6, 2.5, 234.0
20210401000402.52, 121.6, 2.5, 234.0
20210401000403.6, 121.5, 2.5, 235.0
20210401000404.67, 121.5, 2.5, 235.0
20210401000405.73, 121.5, 2.5, 237.0
20210401000406.81, 121.5, 2.5, 237.0
20210401000407.88, 121.6, 2.6, 233.0
20210401000408.95, 121.6, 2.6, 233.0
20210401000410.01, 121.6, 2.6, 237.0
20210401000411.08, 121.6, 2.6, 237.0
20210401000412.14, 121.6, 2.6, 238.0
20210401000413.22, 121.6, 2.6, 238.0
20210401000414.28, 121.5, 2.6, 237.0
20210401000415.35, 121.5, 2.6, 237.0
20210401000416.42, 121.5, 2.6, 241.0
20210401000417.51, 121.5, 2.6, 241.0
20210401000418.58, 121.6, 2.6, 237.0
20210401000419.66, 121.6, 2.6, 237.0
20210401000420.72, 121.5, 2.6, 237.0
20210401000421.79, 121.5, 2.6, 237.0
20210401000422.85, 121.5, 2.6, 234.0
20210401000423.92, 121.5, 2.6, 234.0
20210401000424.98, 121.5, 2.6, 234.0
20210401000426.04, 121.5, 2.6, 234.0
20210401000427.11, 121.5, 2.6, 237.0
20210401000428.17, 121.5, 2.6, 237.0
20210401000429.23, 121.5, 2.6, 236.0
20210401000430.31, 121.5, 2.6, 236.0
20210401000431.37, 121.5, 2.6, 242.0
20210401000432.44, 121.5, 2.6, 242.0
20210401000433.51, 121.4, 2.6, 237.0
20210401000434.59, 121.4, 2.6, 239.0
20210401000435.75, 121.4, 2.6, 239.0
20210401000436.81, 121.4, 2.6, 237.0
20210401000437.89, 121.4, 2.6, 237.0
20210401000438.96, 121.5, 2.5, 239.0
20210401000440.03, 121.5, 2.5, 239.0
20210401000441.09, 121.4, 2.5, 254.0
20210401000442.16, 121.4, 2.5, 254.0
20210401000443.23, 121.4, 2.5, 239.0
20210401000444.3, 121.4, 2.5, 239.0
20210401000445.38, 121.5, 2.5, 235.0
20210401000446.46, 121.5, 2.5, 235.0
20210401000447.54, 121.5, 2.5, 238.0
20210401000448.61, 121.5, 2.5, 238.0
20210401000449.7, 121.5, 2.5, 236.0
20210401000450.77, 121.5, 2.5, 236.0
20210401000451.84, 121.4, 2.5, 237.0
20210401000452.91, 121.4, 2.5, 237.0
20210401000453.98, 121.5, 2.5, 236.0
20210401000455.05, 121.5, 2.5, 236.0
20210401000456.11, 121.5, 2.5, 236.0
20210401000457.19, 121.5, 2.5, 236.0
20210401000458.28, 121.5, 2.5, 236.0
20210401000459.36, 121.5, 2.5, 236.0
20210401000500.44, 121.4, 2.5, 237.0
20210401000501.52, 121.4, 2.5, 237.0
20210401000502.57, 121.4, 2.5, 236.0
20210401000503.65, 121.4, 2.5, 236.0
20210401000504.73, 121.4, 2.5, 236.0
20210401000505.8, 121.4, 2.5, 236.0
20210401000506.88, 121.4, 2.5, 237.0
20210401000507.95, 121.4, 2.5, 237.0
20210401000509.03, 121.4, 2.5, 234.0
20210401000510.11, 121.4, 2.5, 234.0
20210401000511.16, 121.5, 2.5, 242.0
20210401000512.24, 121.5, 2.5, 242.0
20210401000513.32, 121.5, 2.5, 237.0
20210401000514.41, 121.5, 2.5, 237.0
20210401000515.57, 121.5, 2.5, 237.0
20210401000516.65, 121.5, 2.5, 237.0
20210401000517.73, 121.5, 2.5, 237.0
20210401000518.81, 121.5, 2.5, 240.0
20210401000519.89, 121.5, 2.5, 240.0
20210401000520.95, 121.5, 2.5, 236.0
20210401000522.04, 121.5, 2.5, 236.0
20210401000523.11, 121.5, 2.5, 238.0
20210401000524.2, 121.5, 2.5, 238.0
20210401000525.29, 121.5, 2.5, 236.0
20210401000526.37, 121.5, 2.5, 236.0
20210401000527.43, 121.5, 2.5, 239.0
20210401000528.5, 121.5, 2.5, 239.0
20210401000529.56, 121.5, 2.5, 237.0
20210401000530.62, 121.5, 2.5, 237.0
20210401000531.7, 121.5, 2.5, 234.0
20210401000532.78, 121.5, 2.5, 234.0
20210401000533.84, 121.5, 2.5, 237.0
20210401000534.92, 121.5, 2.5, 237.0
20210401000535.99, 121.5, 2.5, 238.0
20210401000537.09, 121.5, 2.5, 238.0
20210401000538.15, 121.4, 2.5, 237.0
20210401000539.23, 121.4, 2.5, 237.0
20210401000540.3, 121.5, 2.6, 236.0
20210401000541.37, 121.5, 2.6, 236.0
20210401000542.45, 121.4, 2.6, 236.0
20210401000543.53, 121.4, 2.6, 236.0
20210401000544.61, 121.4, 2.6, 235.0
20210401000545.68, 121.4, 2.6, 235.0
20210401000546.74, 121.5, 2.6, 236.0
20210401000547.82, 121.5, 2.6, 236.0
20210401000548.89, 121.4, 2.6, 234.0
20210401000549.98, 121.4, 2.6, 243.0
20210401000551.14, 121.4, 2.6, 243.0
20210401000552.21, 121.4, 2.6, 236.0
20210401000553.27, 121.4, 2.6, 236.0
20210401000554.33, 121.4, 2.6, 237.0
20210401000555.41, 121.4, 2.6, 237.0
20210401000556.49, 121.4, 2.5, 238.0
20210401000557.57, 121.4, 2.5, 238.0
20210401000558.64, 121.4, 2.5, 237.0
20210401000559.72, 121.4, 2.5, 237.0
20210401000600.8, 121.4, 2.5, 236.0
20210401000601.88, 121.4, 2.5, 236.0
20210401000602.95, 121.3, 2.5, 239.0
20210401000604.02, 121.3, 2.5, 239.0
20210401000605.09, 121.3, 2.5, 237.0
20210401000606.16, 121.3, 2.5, 237.0
20210401000607.24, 121.3, 2.5, 237.0
20210401000608.32, 121.3, 2.5, 237.0
20210401000609.38, 121.4, 2.5, 237.0
20210401000610.46, 121.4, 2.5, 237.0
20210401000611.52, 121.4, 2.6, 237.0
20210401000612.61, 121.4, 2.6, 237.0
20210401000613.68, 121.4, 2.6, 232.0
20210401000614.77, 121.4, 2.6, 232.0
20210401000615.83, 121.4, 2.6, 237.0
20210401000616.92, 121.4, 2.6, 237.0
20210401000618.0, 121.4, 2.6, 235.0
20210401000619.08, 121.4, 2.6, 235.0
20210401000620.16, 121.4, 2.6, 239.0
20210401000621.22, 121.4, 2.6, 239.0
20210401000622.29, 121.4, 2.6, 237.0
20210401000623.35, 121.4, 2.6, 237.0
20210401000624.41, 121.4, 2.6, 237.0
20210401000625.49, 121.4, 2.6, 237.0
20210401000626.56, 121.4, 2.7, 240.0
20210401000627.64, 121.4, 2.7, 240.0
20210401000628.69, 121.4, 2.7, 232.0
20210401000629.88, 121.4, 2.7, 236.0
20210401000630.94, 121.4, 2.7, 236.0
20210401000632.01, 121.4, 2.7, 241.0
20210401000633.07, 121.4, 2.7, 241.0
20210401000634.13, 121.3, 2.7, 237.0
20210401000635.21, 121.3, 2.7, 237.0
20210401000636.28, 121.4, 2.7, 235.0
20210401000637.34, 121.4, 2.7, 235.0
20210401000638.39, 121.4, 2.7, 237.0
20210401000639.47, 121.4, 2.7, 237.0
20210401000640.53, 121.4, 2.7, 235.0
20210401000641.59, 121.4, 2.7, 235.0
20210401000642.66, 121.4, 2.5, 237.0
20210401000643.73, 121.4, 2.5, 237.0
20210401000644.8, 121.4, 2.5, 235.0
20210401000645.86, 121.4, 2.5, 235.0
20210401000646.93, 121.4, 2.5, 238.0
20210401000648.0, 121.4, 2.5, 238.0
20210401000649.06, 121.4, 2.5, 237.0
20210401000650.14, 121.4, 2.5, 237.0
20210401000651.22, 121.4, 2.5, 237.0
20210401000652.27, 121.4, 2.5, 237.0
20210401000653.33, 121.4, 2.5, 234.0
20210401000654.4, 121.4, 2.5, 234.0
20210401000655.47, 121.3, 2.5, 237.0
20210401000656.55, 121.3, 2.5, 237.0
20210401000657.61, 121.3, 2.6, 239.0
20210401000658.67, 121.3, 2.6, 239.0
20210401000659.75, 121.4, 2.6, 237.0
20210401000700.82, 121.4, 2.6, 237.0
20210401000701.89, 121.3, 2.6, 234.0
20210401000702.95, 121.3, 2.6, 234.0
20210401000704.01, 121.2, 2.6, 237.0
20210401000705.08, 121.2, 2.6, 237.0
20210401000706.14, 121.3, 2.6, 239.0
20210401000707.21, 121.3, 2.6, 239.0
20210401000708.27, 121.3, 2.6, 237.0
20210401000709.34, 121.3, 2.6, 237.0
20210401000710.39, 121.3, 2.6, 239.0
20210401000711.46, 121.3, 2.6, 239.0
20210401000712.53, 121.3, 2.5, 237.0
20210401000713.6, 121.3, 2.5, 237.0
20210401000714.65, 121.3, 2.5, 237.0
20210401000715.84, 121.3, 2.5, 237.0
20210401000716.91, 121.3, 2.5, 237.0
20210401000717.97, 121.3, 2.5, 237.0
20210401000719.05, 121.3, 2.5, 237.0
20210401000720.11, 121.3, 2.5, 234.0
20210401000721.18, 121.3, 2.5, 234.0
20210401000722.25, 121.3, 2.5, 239.0
20210401000723.31, 121.3, 2.5, 239.0
20210401000724.38, 121.3, 2.5, 239.0
20210401000725.44, 121.3, 2.5, 239.0
20210401000726.5, 121.3, 2.6, 239.0
20210401000727.59, 121.3, 2.6, 239.0
20210401000728.64, 121.3, 2.6, 236.0
20210401000729.71, 121.3, 2.6, 236.0
20210401000730.79, 121.3, 2.6, 237.0
20210401000731.87, 121.3, 2.6, 237.0
20210401000732.94, 121.4, 2.6, 237.0
20210401000734.02, 121.4, 2.6, 237.0
20210401000735.08, 121.3, 2.6, 239.0
20210401000736.16, 121.3, 2.6, 239.0
20210401000737.23, 121.4, 2.6, 238.0
20210401000738.29, 121.4, 2.6, 238.0
20210401000739.36, 121.4, 2.6, 239.0
20210401000740.43, 121.4, 2.6, 239.0
20210401000741.48, 121.3, 2.6, 237.0
20210401000742.55, 121.3, 2.6, 237.0
20210401000743.62, 121.3, 2.5, 236.0
20210401000744.69, 121.3, 2.5, 236.0
20210401000745.76, 121.3, 2.5, 237.0
20210401000746.82, 121.3, 2.5, 237.0
20210401000747.89, 121.3, 2.5, 237.0
20210401000748.96, 121.3, 2.5, 237.0
20210401000750.02, 121.3, 2.5, 235.0
20210401000751.08, 121.3, 2.5, 235.0
20210401000752.14, 121.3, 2.5, 237.0
20210401000753.2, 121.3, 2.5, 237.0
20210401000754.27, 121.3, 2.5, 238.0
20210401000755.34, 121.3, 2.5, 238.0
20210401000756.41, 121.3, 2.5, 236.0
20210401000757.6, 121.3, 2.5, 237.0
20210401000758.65, 121.3, 2.5, 237.0
20210401000759.74, 121.4, 2.5, 239.0
20210401000800.82, 121.4, 2.5, 239.0
20210401000801.9, 121.3, 2.5, 234.0
20210401000802.97, 121.3, 2.5, 234.0
20210401000804.04, 121.3, 2.5, 237.0
20210401000805.1, 121.3, 2.5, 237.0
20210401000806.17, 121.3, 2.5, 237.0
20210401000807.25, 121.3, 2.5, 237.0
20210401000808.32, 121.4, 2.5, 239.0
20210401000809.39, 121.4, 2.5, 239.0
20210401000810.47, 121.4, 2.5, 237.0
20210401000811.52, 121.4, 2.5, 237.0
20210401000812.58, 121.4, 2.4000000000000004, 241.0
20210401000813.64, 121.4, 2.4000000000000004, 241.0
20210401000814.72, 121.4, 2.4000000000000004, 236.0
20210401000815.78, 121.4, 2.4000000000000004, 236.0
20210401000816.84, 121.4, 2.4000000000000004, 237.0
20210401000817.9, 121.4, 2.4000000000000004, 237.0
20210401000818.96, 121.4, 2.4000000000000004, 238.0
20210401000820.04, 121.4, 2.4000000000000004, 238.0
20210401000821.11, 121.4, 2.4000000000000004, 239.0
20210401000822.18, 121.4, 2.4000000000000004, 239.0
20210401000823.24, 121.2, 2.4000000000000004, 236.0
20210401000824.31, 121.2, 2.4000000000000004, 236.0
20210401000825.39, 121.2, 2.4000000000000004, 232.0
20210401000826.46, 121.2, 2.4000000000000004, 232.0
20210401000827.53, 121.3, 2.6, 239.0
20210401000828.6, 121.3, 2.6, 239.0
20210401000829.67, 121.4, 2.6, 237.0
20210401000830.74, 121.4, 2.6, 237.0
20210401000831.8, 121.3, 2.6, 237.0
20210401000832.87, 121.3, 2.6, 237.0
20210401000833.94, 121.4, 2.6, 235.0
20210401000835.02, 121.4, 2.6, 235.0
20210401000836.09, 121.3, 2.6, 235.0
20210401000837.19, 121.3, 2.6, 237.0
20210401000838.38, 121.4, 2.6, 237.0
20210401000839.47, 121.4, 2.6, 239.0
20210401000840.57, 121.4, 2.6, 239.0
20210401000841.65, 121.4, 2.6, 236.0
20210401000842.75, 121.4, 2.6, 236.0
20210401000843.85, 121.4, 2.5, 237.0
20210401000844.95, 121.4, 2.5, 237.0
20210401000846.04, 121.3, 2.5, 237.0
20210401000847.14, 121.3, 2.5, 237.0
20210401000848.23, 121.3, 2.5, 236.0
20210401000849.32, 121.3, 2.5, 236.0
20210401000850.42, 121.3, 2.5, 240.0
20210401000851.51, 121.3, 2.5, 240.0
20210401000852.61, 121.3, 2.5, 237.0
20210401000853.7, 121.3, 2.5, 237.0
20210401000854.79, 121.4, 2.5, 238.0
20210401000855.86, 121.4, 2.5, 238.0
20210401000856.92, 121.3, 2.5, 237.0
20210401000857.99, 121.3, 2.5, 237.0
20210401000859.06, 121.3, 2.5, 234.0
20210401000900.12, 121.3, 2.5, 234.0
20210401000901.19, 121.4, 2.5, 237.0
20210401000902.25, 121.4, 2.5, 234.0
20210401000903.42, 121.4, 2.5, 234.0
20210401000904.47, 121.3, 2.5, 236.0
20210401000905.53, 121.3, 2.5, 236.0
20210401000906.61, 121.4, 2.5, 235.0
20210401000907.67, 121.4, 2.5, 235.0
20210401000908.74, 121.4, 2.5, 234.0
20210401000909.81, 121.4, 2.5, 234.0
20210401000910.88, 121.4, 2.5, 236.0
20210401000911.95, 121.4, 2.5, 236.0
20210401000913.01, 121.4, 2.6, 233.0
20210401000914.07, 121.4, 2.6, 233.0
20210401000915.14, 121.3, 2.6, 237.0
20210401000916.21, 121.3, 2.6, 237.0
20210401000917.28, 121.4, 2.6, 238.0
20210401000918.36, 121.4, 2.6, 238.0
20210401000919.42, 121.3, 2.6, 240.0
20210401000920.48, 121.3, 2.6, 240.0
20210401000921.55, 121.3, 2.6, 237.0
20210401000922.62, 121.3, 2.6, 237.0
20210401000923.7, 121.4, 2.6, 237.0
20210401000924.77, 121.4, 2.6, 237.0
20210401000925.84, 121.4, 2.6, 236.0
20210401000926.9, 121.4, 2.6, 236.0
20210401000927.97, 121.4, 2.6, 236.0
20210401000929.03, 121.4, 2.6, 236.0
20210401000930.09, 121.3, 2.6, 235.0
20210401000931.17, 121.3, 2.6, 235.0
20210401000932.24, 121.3, 2.6, 235.0
20210401000933.32, 121.3, 2.6, 235.0
20210401000934.38, 121.4, 2.6, 234.0
20210401000935.45, 121.4, 2.6, 234.0
20210401000936.52, 121.3, 2.6, 238.0
20210401000937.58, 121.3, 2.6, 238.0
20210401000938.64, 121.3, 2.6, 236.0
20210401000939.71, 121.3, 2.6, 236.0
20210401000940.79, 121.3, 2.6, 236.0
20210401000941.87, 121.3, 2.6, 236.0
20210401000942.93, 121.3, 2.6, 237.0
20210401000943.99, 121.3, 2.6, 237.0
20210401000945.05, 121.3, 2.5, 234.0
20210401000946.21, 121.3, 2.5, 235.0
20210401000947.29, 121.3, 2.5, 235.0
20210401000948.36, 121.2, 2.5, 237.0
20210401000949.44, 121.2, 2.5, 237.0
20210401000950.51, 121.3, 2.5, 238.0
20210401000951.59, 121.3, 2.5, 238.0
20210401000952.65, 121.3, 2.5, 236.0
20210401000953.73, 121.3, 2.5, 236.0
20210401000954.79, 121.3, 2.5, 240.0
20210401000955.87, 121.3, 2.5, 240.0
20210401000956.93, 121.2, 2.5, 236.0
20210401000958.0, 121.2, 2.5, 236.0
20210401000959.07, 121.2, 2.5, 235.0
20210401001000.14, 121.2, 2.5, 235.0
20210401001001.2, 121.2, 2.5, 236.0
20210401001002.27, 121.2, 2.5, 236.0
20210401001003.34, 121.2, 2.5, 237.0
20210401001004.41, 121.2, 2.5, 237.0
20210401001005.48, 121.2, 2.5, 239.0
20210401001006.55, 121.2, 2.5, 239.0
20210401001007.61, 121.3, 2.5, 239.0
20210401001008.68, 121.3, 2.5, 239.0
20210401001009.74, 121.3, 2.5, 239.0
20210401001010.82, 121.3, 2.5, 239.0
20210401001011.88, 121.3, 2.5, 239.0
20210401001012.95, 121.3, 2.5, 239.0
20210401001014.02, 121.3, 2.5, 239.0
20210401001015.09, 121.3, 2.5, 239.0
20210401001016.16, 121.3, 2.5, 236.0
20210401001017.24, 121.3, 2.5, 236.0
20210401001018.31, 121.3, 2.5, 239.0
20210401001019.37, 121.3, 2.5, 239.0
20210401001020.43, 121.3, 2.5, 235.0
20210401001021.51, 121.3, 2.5, 235.0
20210401001022.57, 121.3, 2.5, 232.0
20210401001023.64, 121.3, 2.5, 232.0
20210401001024.7, 121.3, 2.5, 232.0
20210401001025.77, 121.3, 2.5, 236.0
20210401001026.93, 121.3, 2.5, 236.0
20210401001028.0, 121.2, 2.5, 234.0
20210401001029.07, 121.2, 2.5, 234.0
20210401001030.12, 121.2, 2.5, 238.0
20210401001031.21, 121.2, 2.5, 238.0
20210401001032.3, 121.2, 2.5, 235.0
20210401001033.37, 121.2, 2.5, 235.0
20210401001034.44, 121.2, 2.5, 232.0
20210401001035.51, 121.2, 2.5, 232.0
20210401001036.58, 121.2, 2.5, 234.0
20210401001037.65, 121.2, 2.5, 234.0
20210401001038.72, 121.2, 2.5, 239.0
20210401001039.8, 121.2, 2.5, 239.0
20210401001040.86, 121.2, 2.5, 235.0
20210401001041.94, 121.2, 2.5, 235.0
20210401001043.0, 121.2, 2.5, 234.0
20210401001044.07, 121.2, 2.5, 234.0
20210401001045.12, 121.2, 2.4000000000000004, 236.0
20210401001046.2, 121.2, 2.4000000000000004, 236.0
20210401001047.27, 121.3, 2.4000000000000004, 238.0
20210401001048.34, 121.3, 2.4000000000000004, 238.0
20210401001049.42, 121.3, 2.4000000000000004, 235.0
20210401001050.49, 121.3, 2.4000000000000004, 235.0
20210401001051.55, 121.2, 2.4000000000000004, 237.0
20210401001052.62, 121.2, 2.4000000000000004, 237.0
20210401001053.7, 121.3, 2.4000000000000004, 236.0
20210401001054.78, 121.3, 2.4000000000000004, 236.0
20210401001055.84, 121.2, 2.4000000000000004, 237.0
20210401001056.92, 121.2, 2.4000000000000004, 237.0
20210401001057.99, 121.2, 2.4000000000000004, 235.0
20210401001059.07, 121.2, 2.4000000000000004, 235.0
20210401001100.13, 121.2, 2.4000000000000004, 239.0
20210401001101.2, 121.2, 2.4000000000000004, 239.0
20210401001102.27, 121.2, 2.5, 235.0
20210401001103.34, 121.2, 2.5, 235.0
20210401001104.4, 121.2, 2.5, 239.0
20210401001105.47, 121.2, 2.5, 239.0
20210401001106.53, 121.2, 2.5, 239.0
20210401001107.6, 121.2, 2.5, 239.0
20210401001108.66, 121.2, 2.5, 240.0
20210401001109.72, 121.2, 2.5, 237.0
20210401001110.86, 121.2, 2.5, 237.0
20210401001111.93, 121.2, 2.5, 239.0
20210401001113.0, 121.2, 2.5, 239.0
20210401001114.07, 121.2, 2.5, 234.0
20210401001115.12, 121.2, 2.5, 234.0
20210401001116.19, 121.2, 2.5, 235.0
20210401001117.27, 121.2, 2.5, 235.0
20210401001118.33, 121.2, 2.5, 236.0
20210401001119.41, 121.2, 2.5, 236.0
20210401001120.48, 121.1, 2.5, 236.0
20210401001121.55, 121.1, 2.5, 236.0
20210401001122.63, 121.2, 2.5, 239.0
20210401001123.71, 121.2, 2.5, 239.0
20210401001124.77, 121.1, 2.5, 234.0
20210401001125.84, 121.1, 2.5, 234.0
20210401001126.91, 121.2, 2.5, 236.0
20210401001127.98, 121.2, 2.5, 236.0
20210401001129.05, 121.2, 2.5, 233.0
20210401001130.12, 121.2, 2.5, 233.0
20210401001131.19, 121.2, 2.4000000000000004, 235.0
20210401001132.26, 121.2, 2.4000000000000004, 235.0
20210401001133.31, 121.2, 2.4000000000000004, 235.0
20210401001134.38, 121.2, 2.4000000000000004, 235.0
20210401001135.45, 121.2, 2.4000000000000004, 238.0
20210401001136.52, 121.2, 2.4000000000000004, 238.0
20210401001137.58, 121.1, 2.4000000000000004, 234.0
20210401001138.66, 121.1, 2.4000000000000004, 234.0
20210401001139.72, 121.1, 2.4000000000000004, 237.0
20210401001140.79, 121.1, 2.4000000000000004, 237.0
20210401001141.86, 121.2, 2.4000000000000004, 235.0
20210401001142.93, 121.2, 2.4000000000000004, 235.0
20210401001143.98, 121.1, 2.4000000000000004, 239.0
20210401001145.04, 121.1, 2.4000000000000004, 239.0
20210401001146.11, 121.1, 2.4000000000000004, 237.0
20210401001147.18, 121.1, 2.4000000000000004, 237.0
20210401001148.25, 121.2, 2.5, 239.0
20210401001149.31, 121.2, 2.5, 239.0
20210401001150.38, 121.2, 2.5, 232.0
20210401001151.45, 121.2, 2.5, 232.0
20210401001152.53, 121.2, 2.5, 238.0
20210401001153.59, 121.2, 2.5, 238.0
20210401001154.74, 121.2, 2.5, 237.0
20210401001155.81, 121.2, 2.5, 239.0
20210401001156.88, 121.2, 2.5, 239.0
20210401001157.95, 121.2, 2.5, 236.0
20210401001159.02, 121.2, 2.5, 236.0
20210401001200.07, 121.2, 2.5, 238.0
20210401001201.14, 121.2, 2.5, 238.0
20210401001202.2, 121.2, 2.5, 237.0
20210401001203.25, 121.2, 2.5, 237.0
20210401001204.32, 121.2, 2.5, 234.0
20210401001205.39, 121.2, 2.5, 234.0
20210401001206.45, 121.2, 2.5, 239.0
20210401001207.51, 121.2, 2.5, 239.0
20210401001208.58, 121.1, 2.5, 235.0
20210401001209.64, 121.1, 2.5, 235.0
20210401001210.71, 121.2, 2.5, 241.0
20210401001211.8, 121.2, 2.5, 241.0
20210401001212.87, 121.2, 2.5, 233.0
20210401001213.95, 121.2, 2.5, 233.0
20210401001215.02, 121.2, 2.5, 236.0
20210401001216.11, 121.2, 2.5, 236.0
20210401001217.18, 121.2, 2.5, 239.0
20210401001218.24, 121.2, 2.5, 239.0
20210401001219.32, 121.2, 2.5, 240.0
20210401001220.38, 121.2, 2.5, 240.0
20210401001221.44, 121.3, 2.5, 235.0
20210401001222.52, 121.3, 2.5, 235.0
20210401001223.57, 121.2, 2.5, 236.0
20210401001224.64, 121.2, 2.5, 236.0
20210401001225.7, 121.2, 2.5, 233.0
20210401001226.78, 121.2, 2.5, 233.0
20210401001227.84, 121.2, 2.5, 239.0
20210401001228.91, 121.2, 2.5, 239.0
20210401001229.97, 121.2, 2.5, 233.0
20210401001231.03, 121.2, 2.5, 233.0
20210401001232.1, 121.2, 2.5, 236.0
20210401001233.18, 121.2, 2.5, 236.0
20210401001234.24, 121.2, 2.5, 235.0
20210401001235.3, 121.2, 2.5, 235.0
20210401001236.38, 121.1, 2.5, 237.0
20210401001237.45, 121.1, 2.5, 237.0
20210401001238.5, 121.2, 2.5, 238.0
20210401001239.56, 121.2, 2.5, 233.0
20210401001240.71, 121.2, 2.5, 233.0
20210401001241.78, 121.2, 2.5, 236.0
20210401001242.85, 121.2, 2.5, 236.0
20210401001243.91, 121.2, 2.5, 237.0
20210401001244.98, 121.2, 2.5, 237.0
20210401001246.04, 121.2, 2.5, 238.0
20210401001247.12, 121.2, 2.5, 238.0
20210401001248.2, 121.2, 2.5, 233.0
20210401001249.26, 121.2, 2.5, 233.0
20210401001250.33, 121.2, 2.5, 239.0
20210401001251.39, 121.2, 2.5, 239.0
20210401001252.46, 121.3, 2.5, 234.0
20210401001253.52, 121.3, 2.5, 234.0
20210401001254.59, 121.3, 2.5, 235.0
20210401001255.65, 121.3, 2.5, 235.0
20210401001256.72, 121.2, 2.5, 237.0
20210401001257.79, 121.2, 2.5, 237.0
20210401001258.86, 121.2, 2.5, 235.0
20210401001259.91, 121.2, 2.5, 235.0
20210401001300.98, 121.2, 2.5, 236.0
20210401001302.07, 121.2, 2.5, 236.0
20210401001303.13, 121.2, 2.5, 238.0
20210401001304.21, 121.2, 2.5, 238.0
20210401001305.29, 121.2, 2.5, 240.0
20210401001306.36, 121.2, 2.5, 240.0
20210401001307.44, 121.2, 2.5, 234.0
20210401001308.5, 121.2, 2.5, 234.0
20210401001309.56, 121.2, 2.5, 235.0
20210401001310.64, 121.2, 2.5, 235.0
20210401001311.7, 121.2, 2.5, 240.0
20210401001312.78, 121.2, 2.5, 240.0
20210401001313.83, 121.2, 2.5, 236.0
20210401001314.89, 121.2, 2.5, 236.0
20210401001315.97, 121.3, 2.5, 241.0
20210401001317.05, 121.3, 2.5, 241.0
20210401001318.11, 121.3, 2.5, 237.0
20210401001319.17, 121.3, 2.5, 237.0
20210401001320.24, 121.2, 2.5, 236.0
20210401001321.32, 121.2, 2.5, 236.0
20210401001322.4, 121.2, 2.5, 239.0
20210401001323.46, 121.2, 2.5, 238.0
20210401001324.6, 121.3, 2.5, 238.0
20210401001325.67, 121.3, 2.5, 237.0
20210401001326.75, 121.3, 2.5, 237.0
20210401001327.82, 121.2, 2.5, 234.0
20210401001328.89, 121.2, 2.5, 234.0
20210401001329.95, 121.3, 2.5, 236.0
20210401001331.0, 121.3, 2.5, 236.0
20210401001332.07, 121.2, 2.5, 237.0
20210401001333.14, 121.2, 2.5, 237.0
20210401001334.2, 121.3, 2.5, 238.0
20210401001335.26, 121.3, 2.5, 238.0
20210401001336.32, 121.2, 2.5, 237.0
20210401001337.38, 121.2, 2.5, 237.0
20210401001338.45, 121.2, 2.5, 236.0
20210401001339.53, 121.2, 2.5, 236.0
20210401001340.59, 121.2, 2.5, 234.0
20210401001341.66, 121.2, 2.5, 234.0
20210401001342.74, 121.2, 2.5, 237.0
20210401001343.81, 121.2, 2.5, 237.0
20210401001344.88, 121.2, 2.5, 236.0
20210401001345.95, 121.2, 2.5, 236.0
20210401001347.02, 121.1, 2.5, 239.0
20210401001348.09, 121.1, 2.5, 239.0
20210401001349.15, 121.2, 2.6, 234.0
20210401001350.23, 121.2, 2.6, 234.0
20210401001351.29, 121.1, 2.6, 237.0
20210401001352.37, 121.1, 2.6, 237.0
20210401001353.45, 121.1, 2.6, 236.0
20210401001354.5, 121.1, 2.6, 236.0
20210401001355.57, 121.2, 2.6, 232.0
20210401001356.64, 121.2, 2.6, 232.0
20210401001357.72, 121.2, 2.6, 238.0
20210401001358.77, 121.2, 2.6, 238.0
20210401001359.84, 121.2, 2.6, 237.0
20210401001400.9, 121.2, 2.6, 237.0
20210401001401.95, 121.2, 2.6, 239.0
20210401001403.02, 121.2, 2.6, 239.0
20210401001404.09, 121.2, 2.5, 236.0
20210401001405.15, 121.2, 2.5, 236.0
20210401001406.21, 121.2, 2.5, 241.0
20210401001407.29, 121.2, 2.5, 241.0
20210401001408.36, 121.2, 2.5, 236.0
20210401001409.41, 121.2, 2.5, 237.0
20210401001410.56, 121.2, 2.5, 237.0
20210401001411.63, 121.2, 2.5, 235.0
20210401001412.71, 121.2, 2.5, 235.0
20210401001413.77, 121.2, 2.5, 239.0
20210401001414.85, 121.2, 2.5, 239.0
20210401001415.92, 121.2, 2.5, 234.0
20210401001417.0, 121.2, 2.5, 234.0
20210401001418.07, 121.3, 2.5, 236.0
20210401001419.14, 121.3, 2.5, 236.0
20210401001420.2, 121.2, 2.5, 236.0
20210401001421.27, 121.2, 2.5, 236.0
20210401001422.34, 121.2, 2.5, 238.0
20210401001423.4, 121.2, 2.5, 238.0
20210401001424.46, 121.2, 2.5, 238.0
20210401001425.53, 121.2, 2.5, 238.0
20210401001426.59, 121.3, 2.5, 236.0
20210401001427.67, 121.3, 2.5, 236.0
20210401001428.74, 121.2, 2.5, 237.0
20210401001429.8, 121.2, 2.5, 237.0
20210401001430.85, 121.2, 2.5, 238.0
20210401001431.93, 121.2, 2.5, 238.0
20210401001432.98, 121.2, 2.5, 237.0
20210401001434.05, 121.2, 2.5, 237.0
20210401001435.12, 121.3, 2.5, 240.0
20210401001436.2, 121.3, 2.5, 240.0
20210401001437.25, 121.3, 2.5, 236.0
20210401001438.33, 121.3, 2.5, 236.0
20210401001439.4, 121.2, 2.5, 237.0
20210401001440.48, 121.2, 2.5, 237.0
20210401001441.54, 121.2, 2.5, 253.0
20210401001442.62, 121.2, 2.5, 253.0
20210401001443.69, 121.2, 2.5, 237.0
20210401001444.77, 121.2, 2.5, 237.0
20210401001445.84, 121.2, 2.5, 237.0
20210401001446.9, 121.2, 2.5, 237.0
20210401001447.98, 121.2, 2.5, 234.0
20210401001449.07, 121.2, 2.5, 234.0
20210401001450.13, 121.2, 2.5, 234.0
20210401001451.2, 121.2, 2.5, 234.0
20210401001452.26, 121.2, 2.5, 239.0
20210401001453.33, 121.2, 2.5, 239.0
20210401001454.48, 121.2, 2.5, 239.0
20210401001455.55, 121.3, 2.5, 237.0
20210401001456.63, 121.3, 2.5, 237.0
20210401001457.7, 121.3, 2.5, 238.0
20210401001458.76, 121.3, 2.5, 238.0
20210401001459.83, 121.3, 2.5, 234.0
20210401001500.9, 121.3, 2.5, 234.0
20210401001501.96, 121.2, 2.5, 236.0
20210401001503.04, 121.2, 2.5, 236.0
20210401001504.09, 121.2, 2.7, 235.0
20210401001505.18, 121.2, 2.7, 235.0
20210401001506.24, 121.3, 2.7, 239.0
20210401001507.3, 121.3, 2.7, 239.0
20210401001508.36, 121.3, 2.7, 236.0
20210401001509.43, 121.3, 2.7, 236.0
20210401001510.49, 121.3, 2.7, 239.0
20210401001511.57, 121.3, 2.7, 239.0
20210401001512.63, 121.3, 2.7, 237.0
20210401001513.71, 121.3, 2.7, 237.0
20210401001514.79, 121.3, 2.7, 234.0
20210401001515.87, 121.3, 2.7, 234.0
20210401001516.94, 121.2, 2.7, 234.0
20210401001518.02, 121.2, 2.7, 234.0
20210401001519.08, 121.3, 2.5, 236.0
20210401001520.14, 121.3, 2.5, 236.0
20210401001521.21, 121.2, 2.5, 236.0
20210401001522.29, 121.2, 2.5, 236.0
20210401001523.36, 121.2, 2.5, 239.0
20210401001524.42, 121.2, 2.5, 239.0
20210401001525.5, 121.2, 2.5, 237.0
20210401001526.57, 121.2, 2.5, 237.0
20210401001527.63, 121.2, 2.5, 237.0
20210401001528.71, 121.2, 2.5, 237.0
20210401001529.77, 121.2, 2.5, 236.0
20210401001530.85, 121.2, 2.5, 236.0
20210401001531.91, 121.2, 2.5, 235.0
20210401001532.99, 121.2, 2.5, 235.0
20210401001534.05, 121.2, 2.5, 236.0
20210401001535.21, 121.2, 2.6, 237.0
20210401001536.29, 121.2, 2.6, 237.0
20210401001537.35, 121.3, 2.6, 235.0
20210401001538.43, 121.3, 2.6, 235.0
20210401001539.5, 121.2, 2.6, 238.0
20210401001540.59, 121.2, 2.6, 238.0
20210401001541.66, 121.3, 2.6, 236.0
20210401001542.73, 121.3, 2.6, 236.0
20210401001543.8, 121.3, 2.6, 235.0
20210401001544.86, 121.3, 2.6, 235.0
20210401001545.93, 121.3, 2.6, 239.0
20210401001547.01, 121.3, 2.6, 239.0
20210401001548.08, 121.3, 2.6, 239.0
20210401001549.14, 121.3, 2.6, 239.0
20210401001550.21, 121.3, 2.5, 238.0
20210401001551.29, 121.3, 2.5, 238.0
20210401001552.36, 121.2, 2.5, 236.0
20210401001553.43, 121.2, 2.5, 236.0
20210401001554.5, 121.3, 2.5, 236.0
20210401001555.57, 121.3, 2.5, 236.0
20210401001556.63, 121.3, 2.5, 239.0
20210401001557.69, 121.3, 2.5, 239.0
20210401001558.75, 121.3, 2.5, 235.0
20210401001559.83, 121.3, 2.5, 235.0
20210401001600.89, 121.2, 2.5, 234.0
20210401001601.98, 121.2, 2.5, 234.0
20210401001603.04, 121.2, 2.5, 238.0
20210401001604.11, 121.2, 2.5, 238.0
20210401001605.17, 121.2, 2.5, 234.0
20210401001606.23, 121.2, 2.5, 234.0
20210401001607.3, 121.3, 2.5, 236.0
20210401001608.37, 121.3, 2.5, 236.0
20210401001609.43, 121.3, 2.5, 236.0
20210401001610.51, 121.3, 2.5, 236.0
20210401001611.57, 121.3, 2.5, 237.0
20210401001612.64, 121.3, 2.5, 237.0
20210401001613.7, 121.3, 2.5, 233.0
20210401001614.77, 121.3, 2.5, 233.0
20210401001615.84, 121.3, 2.5, 237.0
20210401001616.91, 121.3, 2.5, 238.0
20210401001618.06, 121.3, 2.5, 238.0
20210401001619.12, 121.3, 2.5, 236.0
20210401001620.19, 121.3, 2.5, 236.0
20210401001621.26, 121.3, 2.6, 235.0
20210401001622.32, 121.3, 2.6, 235.0
20210401001623.39, 121.2, 2.6, 235.0
20210401001624.46, 121.2, 2.6, 235.0
20210401001625.52, 121.3, 2.6, 236.0
20210401001626.59, 121.3, 2.6, 236.0
20210401001627.65, 121.2, 2.6, 235.0
20210401001628.73, 121.2, 2.6, 235.0
20210401001629.8, 121.2, 2.6, 236.0
20210401001630.87, 121.2, 2.6, 236.0
20210401001631.94, 121.3, 2.6, 237.0
20210401001633.01, 121.3, 2.6, 237.0
20210401001634.07, 121.3, 2.6, 236.0
20210401001635.14, 121.3, 2.6, 236.0
20210401001636.2, 121.3, 2.6, 236.0
20210401001637.28, 121.3, 2.6, 236.0
20210401001638.36, 121.3, 2.6, 235.0
20210401001639.43, 121.3, 2.6, 235.0
20210401001640.5, 121.3, 2.6, 236.0
20210401001641.57, 121.3, 2.6, 236.0
20210401001642.62, 121.3, 2.6, 237.0
20210401001643.7, 121.3, 2.6, 237.0
20210401001644.77, 121.3, 2.6, 238.0
20210401001645.83, 121.3, 2.6, 238.0
20210401001646.91, 121.3, 2.6, 237.0
20210401001647.99, 121.3, 2.6, 237.0
20210401001649.07, 121.3, 2.6, 234.0
20210401001650.14, 121.3, 2.6, 234.0
20210401001651.21, 121.3, 2.6, 235.0
20210401001652.28, 121.3, 2.6, 235.0
20210401001653.34, 121.3, 2.5, 235.0
20210401001654.41, 121.3, 2.5, 235.0
20210401001655.47, 121.3, 2.5, 235.0
20210401001656.54, 121.3, 2.5, 235.0
20210401001657.61, 121.3, 2.5, 234.0
20210401001658.79, 121.3, 2.5, 238.0
20210401001659.85, 121.3, 2.5, 238.0
20210401001700.91, 121.3, 2.5, 237.0
20210401001702.0, 121.3, 2.5, 237.0
20210401001703.08, 121.3, 2.5, 237.0
20210401001704.16, 121.3, 2.5, 237.0
20210401001705.23, 121.3, 2.5, 237.0
20210401001706.29, 121.3, 2.5, 237.0
20210401001707.35, 121.2, 2.5, 233.0
20210401001708.42, 121.2, 2.5, 233.0
20210401001709.47, 121.3, 2.5, 239.0
20210401001710.54, 121.3, 2.5, 239.0
20210401001711.61, 121.3, 2.5, 239.0
20210401001712.68, 121.3, 2.5, 239.0
20210401001713.74, 121.3, 2.5, 239.0
20210401001714.8, 121.3, 2.5, 239.0
20210401001715.87, 121.3, 2.5, 239.0
20210401001716.93, 121.3, 2.5, 239.0
20210401001718.01, 121.3, 2.5, 236.0
20210401001719.09, 121.3, 2.5, 236.0
20210401001720.16, 121.3, 2.5, 237.0
20210401001721.25, 121.3, 2.5, 237.0
20210401001722.34, 121.3, 2.5, 234.0
20210401001723.41, 121.3, 2.5, 234.0
20210401001724.48, 121.3, 2.5, 234.0
20210401001725.55, 121.3, 2.5, 234.0
20210401001726.62, 121.3, 2.5, 238.0
20210401001727.68, 121.3, 2.5, 238.0
20210401001728.75, 121.3, 2.5, 237.0
20210401001729.83, 121.3, 2.5, 237.0
20210401001730.91, 121.3, 2.5, 236.0
20210401001731.98, 121.3, 2.5, 236.0
20210401001733.04, 121.3, 2.5, 237.0
20210401001734.11, 121.3, 2.5, 237.0
20210401001735.2, 121.3, 2.5, 237.0
20210401001736.27, 121.3, 2.5, 237.0
20210401001737.36, 121.3, 2.5, 236.0
20210401001738.56, 121.3, 2.5, 237.0
20210401001739.64, 121.3, 2.5, 237.0
20210401001740.7, 121.2, 2.5, 235.0
20210401001741.78, 121.2, 2.5, 235.0
20210401001742.84, 121.3, 2.5, 237.0
20210401001743.9, 121.3, 2.5, 237.0
20210401001744.97, 121.3, 2.5, 237.0
20210401001746.06, 121.3, 2.5, 237.0
20210401001747.15, 121.3, 2.5, 237.0
20210401001748.23, 121.3, 2.5, 237.0
20210401001749.29, 121.3, 2.5, 235.0
20210401001750.36, 121.3, 2.5, 235.0
20210401001751.42, 121.2, 2.5, 237.0
20210401001752.49, 121.2, 2.5, 237.0
20210401001753.55, 121.2, 2.5, 239.0
20210401001754.62, 121.2, 2.5, 239.0
20210401001755.68, 121.3, 2.5, 236.0
20210401001756.75, 121.3, 2.5, 236.0
20210401001757.8, 121.2, 2.5, 234.0
20210401001758.87, 121.2, 2.5, 234.0
20210401001759.94, 121.2, 2.5, 237.0
20210401001801.0, 121.2, 2.5, 237.0
20210401001802.07, 121.2, 2.5, 235.0
20210401001803.15, 121.2, 2.5, 235.0
20210401001804.22, 121.2, 2.5, 236.0
20210401001805.28, 121.2, 2.5, 236.0
20210401001806.34, 121.2, 2.5, 235.0
20210401001807.41, 121.2, 2.5, 235.0
20210401001808.47, 121.2, 2.7, 237.0
20210401001809.54, 121.2, 2.7, 237.0
20210401001810.61, 121.2, 2.7, 234.0
20210401001811.66, 121.2, 2.7, 234.0
20210401001812.73, 121.2, 2.7, 235.0
20210401001813.79, 121.2, 2.7, 235.0
20210401001814.86, 121.2, 2.7, 236.0
20210401001815.94, 121.2, 2.7, 236.0
20210401001817.02, 121.2, 2.7, 234.0
20210401001818.09, 121.2, 2.7, 234.0
20210401001819.16, 121.2, 2.7, 232.0
20210401001820.23, 121.2, 2.7, 232.0
20210401001821.3, 121.2, 2.7, 237.0
20210401001822.39, 121.2, 2.5, 239.0
20210401001823.55, 121.2, 2.5, 239.0
20210401001824.62, 121.2, 2.5, 240.0
20210401001825.69, 121.2, 2.5, 240.0
20210401001826.77, 121.2, 2.5, 235.0
20210401001827.84, 121.2, 2.5, 235.0
20210401001828.91, 121.2, 2.5, 239.0
20210401001829.97, 121.2, 2.5, 239.0
20210401001831.04, 121.2, 2.5, 237.0
20210401001832.1, 121.2, 2.5, 237.0
20210401001833.18, 121.2, 2.5, 239.0
20210401001834.25, 121.2, 2.5, 239.0
20210401001835.32, 121.2, 2.5, 236.0
20210401001836.4, 121.2, 2.5, 236.0
20210401001837.46, 121.3, 2.5, 235.0
20210401001838.53, 121.3, 2.5, 235.0
20210401001839.59, 121.3, 2.5, 236.0
20210401001840.64, 121.3, 2.5, 236.0
20210401001841.7, 121.2, 2.5, 234.0
20210401001842.77, 121.2, 2.5, 234.0
20210401001843.84, 121.2, 2.5, 236.0
20210401001844.91, 121.2, 2.5, 236.0
20210401001845.97, 121.2, 2.5, 235.0
20210401001847.05, 121.2, 2.5, 235.0
20210401001848.12, 121.2, 2.5, 237.0
20210401001849.2, 121.2, 2.5, 237.0
20210401001850.25, 121.2, 2.5, 238.0
20210401001851.33, 121.2, 2.5, 238.0
20210401001852.41, 121.1, 2.5, 237.0
20210401001853.47, 121.1, 2.5, 237.0
20210401001854.53, 121.2, 2.5, 237.0
20210401001855.59, 121.2, 2.5, 237.0
20210401001856.64, 121.2, 2.5, 236.0
20210401001857.72, 121.2, 2.5, 236.0
20210401001858.8, 121.2, 2.5, 236.0
20210401001900.47, 121.2, 2.5, 236.0
20210401001901.54, 121.2, 2.5, 240.0
20210401001902.61, 121.2, 2.5, 240.0
20210401001903.68, 121.2, 2.5, 235.0
20210401001904.76, 121.2, 2.5, 235.0
20210401001905.81, 121.2, 2.5, 237.0
20210401001906.87, 121.2, 2.5, 237.0
20210401001907.93, 121.2, 2.6, 238.0
20210401001909.0, 121.2, 2.6, 238.0
20210401001910.06, 121.2, 2.6, 237.0
20210401001911.12, 121.2, 2.6, 237.0
20210401001912.17, 121.2, 2.6, 235.0
20210401001913.24, 121.2, 2.6, 235.0
20210401001914.3, 121.2, 2.6, 235.0
20210401001915.37, 121.2, 2.6, 235.0
20210401001916.44, 121.2, 2.6, 234.0
20210401001917.51, 121.2, 2.6, 234.0
20210401001918.57, 121.2, 2.6, 236.0
20210401001919.64, 121.2, 2.6, 236.0
20210401001920.7, 121.2, 2.6, 236.0
20210401001921.76, 121.2, 2.6, 236.0
20210401001922.83, 121.2, 2.5, 240.0
20210401001923.91, 121.2, 2.5, 240.0
20210401001924.97, 121.2, 2.5, 236.0
20210401001926.05, 121.2, 2.5, 236.0
20210401001927.12, 121.2, 2.5, 239.0
20210401001928.19, 121.2, 2.5, 239.0
20210401001929.26, 121.2, 2.5, 239.0
20210401001930.32, 121.2, 2.5, 239.0
20210401001931.39, 121.2, 2.5, 234.0
20210401001932.46, 121.2, 2.5, 234.0
20210401001933.52, 121.2, 2.5, 234.0
20210401001934.59, 121.2, 2.5, 234.0
20210401001935.65, 121.2, 2.5, 236.0
20210401001936.71, 121.2, 2.5, 236.0
20210401001937.77, 121.2, 2.5, 237.0
20210401001938.83, 121.2, 2.5, 237.0
20210401001939.89, 121.2, 2.6, 239.0
20210401001940.96, 121.2, 2.6, 239.0
20210401001942.02, 121.2, 2.6, 253.0
20210401001943.08, 121.2, 2.6, 253.0
20210401001944.15, 121.2, 2.6, 235.0
20210401001945.21, 121.2, 2.6, 235.0
20210401001946.28, 121.2, 2.6, 232.0
20210401001947.36, 121.2, 2.6, 232.0
20210401001948.43, 121.2, 2.6, 237.0
20210401001949.61, 121.2, 2.6, 239.0
20210401001950.69, 121.2, 2.6, 239.0
20210401001951.76, 121.2, 2.6, 238.0
20210401001952.82, 121.2, 2.6, 238.0
20210401001953.91, 121.2, 2.6, 236.0
20210401001954.98, 121.2, 2.6, 236.0
20210401001956.05, 121.2, 2.6, 234.0
20210401001957.12, 121.2, 2.6, 234.0
20210401001958.19, 121.2, 2.6, 232.0
20210401001959.29, 121.2, 2.6, 232.0
20210401002000.36, 121.1, 2.6, 238.0
20210401002001.42, 121.1, 2.6, 238.0
20210401002002.49, 121.2, 2.6, 239.0
20210401002003.56, 121.2, 2.6, 239.0
20210401002004.62, 121.2, 2.6, 239.0
20210401002005.7, 121.2, 2.6, 239.0
20210401002006.77, 121.2, 2.6, 237.0
20210401002007.84, 121.2, 2.6, 237.0
20210401002008.91, 121.2, 2.6, 239.0
20210401002010.0, 121.2, 2.6, 239.0
20210401002011.07, 121.2, 2.5, 236.0
20210401002012.14, 121.2, 2.5, 236.0
20210401002013.21, 121.1, 2.5, 234.0
20210401002014.29, 121.1, 2.5, 234.0
20210401002015.36, 121.1, 2.5, 236.0
20210401002016.44, 121.1, 2.5, 236.0
20210401002017.5, 121.1, 2.5, 236.0
20210401002018.59, 121.1, 2.5, 236.0
20210401002019.65, 121.1, 2.5, 235.0
20210401002020.73, 121.1, 2.5, 235.0
20210401002021.78, 121.1, 2.5, 233.0
20210401002022.85, 121.1, 2.5, 233.0
20210401002023.91, 121.2, 2.5, 236.0
20210401002025.1, 121.1, 2.6, 236.0
20210401002026.18, 121.1, 2.6, 236.0
20210401002027.25, 121.2, 2.6, 236.0
20210401002028.32, 121.2, 2.6, 236.0
20210401002029.38, 121.2, 2.6, 237.0
20210401002030.45, 121.2, 2.6, 237.0
20210401002031.5, 121.2, 2.6, 236.0
20210401002032.57, 121.2, 2.6, 236.0
20210401002033.64, 121.2, 2.6, 239.0
20210401002034.71, 121.2, 2.6, 239.0
20210401002035.77, 121.2, 2.6, 238.0
20210401002036.84, 121.2, 2.6, 238.0
20210401002037.91, 121.1, 2.6, 236.0
20210401002038.98, 121.1, 2.6, 236.0
20210401002040.05, 121.2, 2.5, 234.0
20210401002041.12, 121.2, 2.5, 234.0
20210401002042.17, 121.1, 2.5, 240.0
20210401002043.24, 121.1, 2.5, 240.0
20210401002044.31, 121.1, 2.5, 236.0
20210401002045.39, 121.1, 2.5, 236.0
20210401002046.46, 121.1, 2.5, 236.0
20210401002047.54, 121.1, 2.5, 236.0
20210401002048.61, 121.1, 2.5, 236.0
20210401002049.68, 121.1, 2.5, 236.0
20210401002050.75, 121.1, 2.5, 239.0
20210401002051.84, 121.1, 2.5, 239.0
20210401002052.9, 121.0, 2.5, 239.0
20210401002053.98, 121.0, 2.5, 239.0
20210401002055.06, 121.1, 2.5, 240.0
20210401002056.13, 121.1, 2.5, 240.0
20210401002057.2, 121.1, 2.5, 237.0
20210401002058.28, 121.1, 2.5, 237.0
20210401002059.34, 121.1, 2.5, 236.0
20210401002100.41, 121.1, 2.5, 236.0
20210401002101.46, 121.2, 2.5, 236.0
20210401002102.54, 121.2, 2.5, 236.0
20210401002103.61, 121.1, 2.5, 234.0
20210401002104.8, 121.1, 2.5, 239.0
20210401002105.86, 121.1, 2.5, 239.0
20210401002106.92, 121.1, 2.5, 237.0
20210401002107.99, 121.1, 2.5, 237.0
20210401002109.05, 121.2, 2.5, 234.0
20210401002110.11, 121.2, 2.5, 234.0
20210401002111.18, 121.1, 2.6, 234.0
20210401002112.25, 121.1, 2.6, 234.0
20210401002113.31, 121.1, 2.6, 234.0
20210401002114.38, 121.1, 2.6, 234.0
20210401002115.45, 121.2, 2.6, 237.0
20210401002116.52, 121.2, 2.6, 237.0
20210401002117.58, 121.2, 2.6, 238.0
20210401002118.65, 121.2, 2.6, 238.0
20210401002119.71, 121.2, 2.6, 236.0
20210401002120.8, 121.2, 2.6, 236.0
20210401002121.87, 121.2, 2.6, 237.0
20210401002122.93, 121.2, 2.6, 237.0
20210401002123.99, 121.2, 2.6, 234.0
20210401002125.07, 121.2, 2.6, 234.0
20210401002126.13, 121.1, 2.5, 239.0
20210401002127.2, 121.1, 2.5, 239.0
20210401002128.27, 121.2, 2.5, 234.0
20210401002129.35, 121.2, 2.5, 234.0
20210401002130.43, 121.1, 2.5, 239.0
20210401002131.49, 121.1, 2.5, 239.0
20210401002132.56, 121.1, 2.5, 236.0
20210401002133.63, 121.1, 2.5, 236.0
20210401002134.7, 121.1, 2.5, 234.0
20210401002135.77, 121.1, 2.5, 234.0
20210401002136.84, 121.2, 2.5, 237.0
20210401002137.91, 121.2, 2.5, 237.0
20210401002138.98, 121.2, 2.5, 239.0
20210401002140.06, 121.2, 2.5, 239.0
20210401002141.12, 121.2, 2.5, 237.0
20210401002142.2, 121.2, 2.5, 237.0
20210401002143.28, 121.2, 2.6, 235.0
20210401002144.35, 121.2, 2.6, 235.0
20210401002145.42, 121.1, 2.6, 235.0
20210401002146.5, 121.1, 2.6, 235.0
20210401002147.64, 121.1, 2.6, 235.0
20210401002148.7, 121.1, 2.6, 236.0
20210401002149.77, 121.1, 2.6, 236.0
20210401002150.85, 121.1, 2.6, 238.0
20210401002151.93, 121.1, 2.6, 238.0
20210401002153.0, 121.1, 2.6, 238.0
20210401002154.06, 121.1, 2.6, 238.0
20210401002155.13, 121.1, 2.6, 239.0
20210401002156.21, 121.1, 2.6, 239.0
20210401002157.28, 121.1, 2.5, 234.0
20210401002158.34, 121.1, 2.5, 234.0
20210401002159.4, 121.2, 2.5, 238.0
20210401002200.48, 121.2, 2.5, 238.0
20210401002201.55, 121.2, 2.5, 241.0
20210401002202.61, 121.2, 2.5, 241.0
20210401002203.68, 121.1, 2.5, 236.0
20210401002204.76, 121.1, 2.5, 236.0
20210401002205.82, 121.2, 2.5, 238.0
20210401002206.89, 121.2, 2.5, 238.0
20210401002207.95, 121.2, 2.5, 236.0
20210401002209.02, 121.2, 2.5, 236.0
20210401002210.09, 121.1, 2.5, 236.0
20210401002211.16, 121.1, 2.5, 236.0
20210401002212.23, 121.2, 2.5, 235.0
20210401002213.3, 121.2, 2.5, 235.0
20210401002214.36, 121.3, 2.5, 238.0
20210401002215.44, 121.3, 2.5, 238.0
20210401002216.49, 121.3, 2.5, 237.0
20210401002217.56, 121.3, 2.5, 237.0
20210401002218.64, 121.3, 2.5, 236.0
20210401002219.71, 121.3, 2.5, 236.0
20210401002220.79, 121.3, 2.5, 235.0
20210401002221.86, 121.3, 2.5, 235.0
20210401002222.91, 121.3, 2.5, 238.0
20210401002223.98, 121.3, 2.5, 238.0
20210401002225.04, 121.3, 2.5, 236.0
20210401002226.11, 121.3, 2.5, 236.0
20210401002227.17, 121.3, 2.5, 239.0
20210401002228.23, 121.3, 2.5, 239.0
20210401002229.29, 121.3, 2.5, 236.0
20210401002230.35, 121.3, 2.5, 236.0
20210401002231.5, 121.3, 2.5, 236.0
20210401002232.56, 121.3, 2.5, 236.0
20210401002233.65, 121.3, 2.5, 236.0
20210401002234.71, 121.3, 2.5, 238.0
20210401002235.79, 121.3, 2.5, 238.0
20210401002236.86, 121.3, 2.5, 235.0
20210401002237.91, 121.3, 2.5, 235.0
20210401002238.98, 121.2, 2.5, 237.0
20210401002240.06, 121.2, 2.5, 237.0
20210401002241.12, 121.2, 2.5, 236.0
20210401002242.2, 121.2, 2.5, 236.0
20210401002243.27, 121.2, 2.5, 234.0
20210401002244.34, 121.2, 2.5, 234.0
20210401002245.41, 121.2, 2.5, 235.0
20210401002246.48, 121.2, 2.5, 235.0
20210401002247.55, 121.2, 2.5, 235.0
20210401002248.63, 121.2, 2.5, 235.0
20210401002249.69, 121.2, 2.5, 237.0
20210401002250.77, 121.2, 2.5, 237.0
20210401002251.84, 121.2, 2.5, 234.0
20210401002252.91, 121.2, 2.5, 234.0
20210401002253.98, 121.2, 2.5, 239.0
20210401002255.05, 121.2, 2.5, 239.0
20210401002256.12, 121.2, 2.5, 238.0
20210401002257.2, 121.2, 2.5, 238.0
20210401002258.26, 121.2, 2.6, 236.0
20210401002259.32, 121.2, 2.6, 236.0
20210401002300.39, 121.1, 2.6, 234.0
20210401002301.46, 121.1, 2.6, 234.0
