time,voltage,current,power
20210327231311.5, 121.6, 0.0, 0.0
20210327231312.61, 121.6, 0.0, 0.0
20210327231313.66, 121.6, 0.0, 0.0
20210327231314.72, 121.6, 0.0, 0.0
20210327231315.81, 121.6, 0.0, 0.0
20210327231316.92, 121.6, 0.0, 0.0
20210327231317.97, 121.6, 0.0, 0.0
20210327231319.05, 121.6, 0.0, 0.0
20210327231320.12, 121.6, 0.0, 0.0
20210327231321.19, 121.6, 0.0, 0.0
20210327231322.26, 121.6, 0.0, 0.0
20210327231323.34, 121.6, 0.0, 0.0
20210327231324.41, 121.6, 0.0, 0.0
20210327231325.48, 121.6, 0.0, 0.0
20210327231326.58, 121.7, 0.0, 0.0
20210327231327.69, 121.7, 0.0, 0.0
20210327231328.76, 121.6, 0.0, 0.0
20210327231329.89, 121.6, 0.0, 0.0
20210327231330.99, 121.6, 0.0, 0.0
20210327231332.09, 121.6, 0.0, 0.0
20210327231333.26, 121.7, 0.0, 0.0
20210327231334.33, 121.7, 0.0, 0.0
20210327231335.43, 121.7, 0.0, 0.0
20210327231336.54, 121.7, 0.0, 0.0
20210327231337.61, 121.7, 0.0, 0.0
20210327231338.66, 121.7, 0.0, 0.0
20210327231339.71, 121.7, 0.0, 0.0
20210327231340.82, 121.6, 0.0, 0.0
20210327231341.94, 121.6, 0.0, 0.0
20210327231342.98, 121.6, 0.0, 0.0
20210327231344.05, 121.6, 0.0, 0.0
20210327231345.1, 121.6, 0.0, 0.0
20210327231346.15, 121.6, 0.0, 0.0
20210327231347.2, 121.7, 0.0, 0.0
20210327231348.25, 121.7, 0.0, 0.0
20210327231349.29, 121.6, 0.0, 0.0
20210327231350.38, 121.6, 0.0, 0.0
20210327231351.48, 121.7, 0.0, 0.0
20210327231352.59, 121.7, 0.0, 0.0
20210327231353.72, 121.6, 0.0, 0.0
20210327231354.81, 121.6, 0.0, 0.0
20210327231355.9, 121.6, 0.0, 0.0
20210327231357.0, 121.6, 0.0, 0.0
20210327231358.11, 121.6, 0.0, 0.0
20210327231359.2, 121.6, 0.0, 0.0
20210327231400.27, 121.6, 0.0, 0.0
20210327231401.39, 121.6, 0.0, 0.0
20210327231402.52, 121.6, 0.0, 0.0
20210327231403.59, 121.6, 0.0, 0.0
20210327231404.63, 121.6, 0.0, 0.0
20210327231405.67, 121.5, 0.0, 0.0
20210327231406.77, 121.5, 0.0, 0.0
20210327231407.88, 121.6, 0.0, 0.0
20210327231408.96, 121.6, 0.0, 0.0
20210327231410.07, 121.6, 0.0, 0.0
20210327231411.2, 121.6, 0.0, 0.0
20210327231412.27, 121.5, 0.0, 0.0
20210327231413.38, 121.6, 0.0, 0.0
20210327231414.43, 121.6, 0.0, 0.0
20210327231415.53, 121.6, 0.0, 0.0
20210327231416.64, 121.6, 0.0, 0.0
20210327231417.72, 121.6, 0.0, 0.0
20210327231418.78, 121.6, 0.0, 0.0
20210327231419.85, 121.6, 0.0, 0.0
20210327231420.97, 121.6, 0.0, 0.0
20210327231422.05, 121.5, 0.0, 0.0
20210327231423.11, 121.5, 0.0, 0.0
20210327231424.18, 121.5, 0.0, 0.0
20210327231425.3, 121.5, 0.0, 0.0
20210327231426.34, 121.5, 0.0, 0.0
20210327231427.44, 121.5, 0.0, 0.0
20210327231428.5, 121.5, 0.0, 0.0
20210327231429.65, 121.5, 0.0, 0.0
20210327231430.71, 121.5, 0.0, 0.0
20210327231431.84, 121.5, 0.0, 0.0
20210327231432.94, 121.5, 0.0, 0.0
20210327231434.03, 121.6, 0.0, 0.0
20210327231435.12, 121.6, 0.0, 0.0
20210327231436.17, 121.6, 0.0, 0.0
20210327231437.27, 121.6, 0.0, 0.0
20210327231438.32, 121.6, 0.0, 0.0
20210327231439.42, 121.6, 0.0, 0.0
20210327231440.47, 121.6, 0.0, 0.0
20210327231441.55, 121.6, 0.0, 0.0
20210327231442.65, 121.7, 0.0, 0.0
20210327231443.72, 121.7, 0.0, 0.0
20210327231444.76, 121.6, 0.0, 0.0
20210327231445.85, 121.6, 0.0, 0.0
20210327231446.93, 121.6, 0.0, 0.0
20210327231448.01, 121.6, 0.0, 0.0
20210327231449.1, 121.5, 0.0, 0.0
20210327231450.2, 121.5, 0.0, 0.0
20210327231451.31, 121.6, 0.0, 0.0
20210327231452.43, 121.6, 0.0, 0.0
20210327231453.57, 121.6, 0.0, 0.0
20210327231454.66, 121.6, 0.0, 0.0
20210327231455.73, 121.6, 0.0, 0.0
20210327231456.78, 121.6, 0.0, 0.0
20210327231457.91, 121.6, 0.0, 0.0
20210327231459.02, 121.6, 0.0, 0.0
20210327231500.11, 121.6, 0.0, 0.0
20210327231501.15, 121.5, 0.0, 0.0
20210327231502.22, 121.5, 0.0, 0.0
20210327231503.32, 121.6, 0.0, 0.0
20210327231504.44, 121.6, 0.0, 0.0
20210327231505.52, 121.6, 0.0, 0.0
20210327231506.64, 121.6, 0.0, 0.0
20210327231507.75, 121.6, 0.0, 0.0
20210327231508.84, 121.6, 0.0, 0.0
20210327231510.02, 121.5, 0.0, 0.0
20210327231511.12, 121.6, 0.0, 0.0
20210327231512.19, 121.6, 0.0, 0.0
20210327231513.29, 121.6, 0.0, 0.0
20210327231514.44, 121.6, 0.0, 0.0
20210327231515.51, 121.7, 0.0, 0.0
20210327231516.59, 121.7, 0.0, 0.0
20210327231517.72, 121.6, 0.0, 0.0
20210327231518.81, 121.6, 0.0, 0.0
20210327231519.92, 121.7, 0.0, 0.0
20210327231521.04, 121.7, 0.0, 0.0
20210327231522.14, 121.6, 0.0, 0.0
20210327231523.26, 121.6, 0.0, 0.0
20210327231524.42, 121.7, 0.0, 0.0
20210327231525.54, 121.7, 0.0, 0.0
20210327231526.63, 121.7, 0.0, 0.0
20210327231527.76, 121.7, 0.0, 0.0
20210327231528.85, 121.7, 0.0, 0.0
20210327231529.98, 121.7, 0.0, 0.0
20210327231531.09, 121.7, 0.0, 0.0
20210327231532.19, 121.7, 0.0, 0.0
20210327231533.29, 121.7, 0.0, 0.0
20210327231534.36, 121.7, 0.0, 0.0
20210327231535.46, 121.7, 0.0, 0.0
20210327231536.56, 121.7, 0.0, 0.0
20210327231537.6, 121.7, 0.0, 0.0
20210327231538.69, 121.7, 0.0, 0.0
20210327231539.8, 121.7, 0.0, 0.0
20210327231540.91, 121.7, 0.0, 0.0
20210327231541.99, 121.7, 0.0, 0.0
20210327231543.05, 121.7, 0.0, 0.0
20210327231544.15, 121.7, 0.0, 0.0
20210327231545.26, 121.7, 0.0, 0.0
20210327231546.34, 121.7, 0.0, 0.0
20210327231547.4, 121.7, 0.0, 0.0
20210327231548.52, 121.7, 0.0, 0.0
20210327231549.62, 121.7, 0.0, 0.0
20210327231550.71, 121.7, 0.0, 0.0
20210327231551.82, 121.7, 0.0, 0.0
20210327231552.92, 121.6, 0.0, 0.0
20210327231554.01, 121.6, 0.0, 0.0
20210327231555.11, 121.7, 0.0, 0.0
20210327231556.21, 121.6, 0.0, 0.0
20210327231557.36, 121.6, 0.0, 0.0
20210327231558.47, 121.6, 0.0, 0.0
20210327231559.51, 121.6, 0.0, 0.0
20210327231600.64, 121.6, 0.0, 0.0
20210327231601.75, 121.6, 0.0, 0.0
20210327231602.8, 121.6, 0.0, 0.0
20210327231603.89, 121.6, 0.0, 0.0
20210327231605.01, 121.5, 0.0, 0.0
20210327231606.13, 121.5, 0.0, 0.0
20210327231607.18, 121.5, 0.0, 0.0
20210327231608.23, 121.5, 0.0, 0.0
20210327231609.35, 121.5, 0.0, 0.0
20210327231610.44, 121.5, 0.0, 0.0
20210327231611.57, 121.6, 0.0, 0.0
20210327231612.64, 121.6, 0.0, 0.0
20210327231613.69, 121.6, 0.0, 0.0
20210327231614.82, 121.7, 0.0, 0.0
20210327231615.88, 121.7, 0.0, 0.0
20210327231616.96, 121.7, 0.0, 0.0
20210327231618.05, 121.7, 0.0, 0.0
20210327231619.14, 121.7, 0.0, 0.0
20210327231620.21, 121.7, 0.0, 0.0
20210327231621.33, 121.7, 0.0, 0.0
20210327231622.45, 121.7, 0.0, 0.0
20210327231623.48, 121.7, 0.0, 0.0
20210327231624.62, 121.7, 0.0, 0.0
20210327231625.75, 121.7, 0.0, 0.0
20210327231626.89, 121.7, 0.0, 0.0
20210327231628.04, 121.7, 0.0, 0.0
20210327231629.11, 121.7, 0.0, 0.0
20210327231630.2, 121.7, 0.0, 0.0
20210327231631.32, 121.6, 0.0, 0.0
20210327231632.44, 121.6, 0.0, 0.0
20210327231633.58, 121.6, 0.0, 0.0
20210327231634.73, 121.6, 0.0, 0.0
20210327231635.86, 121.6, 0.0, 0.0
20210327231636.99, 121.6, 0.0, 0.0
20210327231638.1, 121.6, 0.0, 0.0
20210327231639.15, 121.6, 0.0, 0.0
20210327231640.23, 121.6, 0.0, 0.0
20210327231641.36, 121.6, 0.0, 0.0
20210327231642.52, 121.6, 0.0, 0.0
20210327231643.62, 121.6, 0.0, 0.0
20210327231644.71, 121.6, 0.0, 0.0
20210327231645.75, 121.6, 0.0, 0.0
20210327231646.86, 121.6, 0.0, 0.0
20210327231647.89, 121.6, 0.0, 0.0
20210327231649.03, 121.6, 0.0, 0.0
20210327231650.1, 121.6, 0.0, 0.0
20210327231651.15, 121.6, 0.0, 0.0
20210327231652.25, 121.6, 0.0, 0.0
20210327231653.31, 121.6, 0.0, 0.0
20210327231654.35, 121.6, 0.0, 0.0
20210327231655.45, 121.6, 0.0, 0.0
20210327231656.57, 121.6, 0.0, 0.0
20210327231657.66, 121.6, 0.0, 0.0
20210327231658.77, 121.5, 0.0, 0.0
20210327231659.87, 121.5, 0.0, 0.0
20210327231701.04, 121.5, 0.0, 0.0
20210327231702.13, 121.5, 0.0, 0.0
20210327231703.2, 121.5, 0.0, 0.0
20210327231704.24, 121.5, 0.0, 0.0
20210327231705.35, 121.5, 0.0, 0.0
20210327231706.48, 121.5, 0.0, 0.0
20210327231707.6, 121.5, 0.0, 0.0
20210327231708.73, 121.5, 0.0, 0.0
20210327231709.82, 121.5, 0.0, 0.0
20210327231710.95, 121.6, 0.0, 0.0
20210327231712.02, 121.6, 0.0, 0.0
20210327231713.13, 121.6, 0.0, 0.0
20210327231714.21, 121.6, 0.0, 0.0
20210327231715.29, 121.6, 0.0, 0.0
20210327231716.48, 121.6, 0.0, 0.0
20210327231717.53, 121.6, 0.0, 0.0
20210327231718.63, 121.7, 0.0, 0.0
20210327231719.69, 121.7, 0.0, 0.0
20210327231720.79, 121.6, 0.0, 0.0
20210327231721.86, 121.6, 0.0, 0.0
20210327231722.97, 121.6, 0.0, 0.0
20210327231724.09, 121.6, 0.0, 0.0
20210327231725.23, 121.6, 0.0, 0.0
20210327231726.28, 121.6, 0.0, 0.0
20210327231727.39, 121.6, 0.0, 0.0
20210327231728.52, 121.6, 0.0, 0.0
20210327231729.64, 121.6, 0.0, 0.0
20210327231730.71, 121.6, 0.0, 0.0
20210327231731.81, 121.6, 0.0, 0.0
20210327231732.96, 121.7, 0.0, 0.0
20210327231734.04, 121.7, 0.0, 0.0
20210327231735.16, 121.6, 0.0, 0.0
20210327231736.25, 121.6, 0.0, 0.0
20210327231737.33, 121.6, 0.0, 0.0
20210327231738.44, 121.6, 0.0, 0.0
20210327231739.52, 121.6, 0.0, 0.0
20210327231740.61, 121.6, 0.0, 0.0
20210327231741.75, 121.6, 0.0, 0.0
20210327231742.82, 121.6, 0.0, 0.0
20210327231743.94, 121.6, 0.0, 0.0
20210327231745.07, 121.6, 0.0, 0.0
20210327231746.17, 121.6, 0.0, 0.0
20210327231747.29, 121.6, 0.0, 0.0
20210327231748.42, 121.6, 0.0, 0.0
20210327231749.53, 121.6, 0.0, 0.0
20210327231750.67, 121.6, 0.0, 0.0
20210327231751.77, 121.7, 0.0, 0.0
20210327231752.88, 121.7, 0.0, 0.0
20210327231753.98, 121.7, 0.0, 0.0
20210327231755.09, 121.7, 0.0, 0.0
20210327231756.16, 121.6, 0.0, 0.0
20210327231757.28, 121.6, 0.0, 0.0
20210327231758.42, 121.7, 0.0, 0.0
20210327231759.52, 121.7, 0.0, 0.0
20210327231800.62, 121.6, 0.0, 0.0
20210327231801.72, 121.6, 0.0, 0.0
20210327231802.8, 121.6, 0.0, 0.0
20210327231803.88, 121.7, 0.0, 0.0
20210327231804.99, 121.7, 0.0, 0.0
20210327231806.09, 121.7, 0.0, 0.0
20210327231807.23, 121.7, 0.0, 0.0
20210327231808.35, 121.7, 0.0, 0.0
20210327231809.46, 121.7, 0.0, 0.0
20210327231810.59, 121.7, 0.0, 0.0
20210327231811.71, 121.7, 0.0, 0.0
20210327231812.84, 121.7, 0.0, 0.0
20210327231813.96, 121.7, 0.0, 0.0
20210327231815.03, 121.7, 0.0, 0.0
20210327231816.07, 121.7, 0.0, 0.0
20210327231817.15, 121.7, 0.0, 0.0
20210327231818.21, 121.7, 0.0, 0.0
20210327231819.36, 121.7, 0.0, 0.0
20210327231820.48, 121.7, 0.0, 0.0
20210327231821.62, 121.7, 0.0, 0.0
20210327231822.72, 121.7, 0.0, 0.0
20210327231823.83, 121.7, 0.0, 0.0
20210327231824.92, 121.7, 0.0, 0.0
20210327231826.04, 121.7, 0.0, 0.0
20210327231827.16, 121.7, 0.0, 0.0
20210327231828.23, 121.7, 0.0, 0.0
20210327231829.31, 121.6, 0.0, 0.0
20210327231830.45, 121.6, 0.0, 0.0
20210327231831.55, 121.7, 0.0, 0.0
20210327231832.61, 121.6, 0.0, 0.0
20210327231833.79, 121.6, 0.0, 0.0
20210327231834.84, 121.6, 0.0, 0.0
20210327231835.93, 121.6, 0.0, 0.0
20210327231837.05, 121.6, 0.0, 0.0
20210327231838.18, 121.6, 0.0, 0.0
20210327231839.31, 121.7, 0.0, 0.0
20210327231840.42, 121.7, 0.0, 0.0
20210327231841.53, 121.7, 0.0, 0.0
20210327231842.65, 121.7, 0.0, 0.0
20210327231843.77, 121.7, 0.0, 0.0
20210327231844.86, 121.7, 0.0, 0.0
20210327231845.95, 121.7, 0.0, 0.0
20210327231847.02, 121.7, 0.0, 0.0
20210327231848.12, 121.7, 0.0, 0.0
20210327231849.24, 121.7, 0.0, 0.0
20210327231850.36, 121.7, 0.0, 0.0
20210327231851.47, 121.7, 0.0, 0.0
20210327231852.55, 121.7, 0.0, 0.0
20210327231853.6, 121.7, 0.0, 0.0
20210327231854.72, 121.7, 0.0, 0.0
20210327231855.83, 121.7, 0.0, 0.0
20210327231856.98, 121.7, 0.0, 0.0
20210327231858.08, 121.6, 0.0, 0.0
20210327231859.16, 121.6, 0.0, 0.0
20210327231900.21, 121.7, 0.0, 0.0
20210327231901.36, 121.7, 0.0, 0.0
20210327231902.48, 121.7, 0.0, 0.0
20210327231903.61, 121.7, 0.0, 0.0
20210327231904.69, 121.7, 0.0, 0.0
20210327231905.79, 121.6, 0.0, 0.0
20210327231906.91, 121.6, 0.0, 0.0
20210327231908.04, 121.7, 0.0, 0.0
20210327231909.15, 121.7, 0.0, 0.0
20210327231910.25, 121.7, 0.0, 0.0
20210327231911.38, 121.7, 0.0, 0.0
20210327231912.5, 121.7, 0.0, 0.0
20210327231913.77, 121.8, 0.0, 0.0
20210327231914.86, 121.8, 0.0, 0.0
20210327231915.96, 121.7, 0.0, 0.0
20210327231917.09, 121.7, 0.0, 0.0
20210327231918.16, 121.7, 0.0, 0.0
20210327231919.29, 121.7, 0.0, 0.0
20210327231920.33, 121.7, 0.0, 0.0
20210327231921.47, 121.7, 0.0, 0.0
20210327231922.58, 121.7, 0.0, 0.0
20210327231923.67, 121.7, 0.0, 0.0
20210327231924.77, 121.7, 0.0, 0.0
20210327231925.92, 121.7, 0.0, 0.0
20210327231927.0, 121.6, 0.0, 0.0
20210327231928.07, 121.6, 0.0, 0.0
20210327231929.2, 121.6, 0.0, 0.0
20210327231930.29, 121.6, 0.0, 0.0
20210327231931.37, 121.6, 0.0, 0.0
20210327231932.41, 121.6, 0.0, 0.0
20210327231933.54, 121.6, 0.0, 0.0
20210327231934.65, 121.6, 0.0, 0.0
20210327231935.77, 121.6, 0.0, 0.0
20210327231936.92, 121.6, 0.0, 0.0
20210327231938.05, 121.6, 0.0, 0.0
20210327231939.12, 121.7, 0.0, 0.0
20210327231940.17, 121.7, 0.0, 0.0
20210327231941.29, 121.6, 0.0, 0.0
20210327231942.34, 121.6, 0.0, 0.0
20210327231943.38, 121.6, 0.0, 0.0
20210327231944.44, 121.6, 0.0, 0.0
20210327231945.48, 121.6, 0.0, 0.0
20210327231946.56, 121.6, 0.0, 0.0
20210327231947.78, 121.6, 0.0, 0.0
20210327231948.86, 121.6, 0.0, 0.0
20210327231950.0, 121.6, 0.0, 0.0
20210327231951.1, 121.6, 0.0, 0.0
20210327231952.18, 121.6, 0.0, 0.0
20210327231953.3, 121.6, 0.0, 0.0
20210327231954.44, 121.6, 0.0, 0.0
20210327231955.49, 121.7, 0.0, 0.0
20210327231956.61, 121.7, 0.0, 0.0
20210327231957.71, 121.7, 0.0, 0.0
20210327231958.83, 121.7, 0.0, 0.0
20210327231959.91, 121.7, 0.0, 0.0
20210327232001.04, 121.7, 0.0, 0.0
20210327232002.12, 121.7, 0.0, 0.0
20210327232003.26, 121.7, 0.0, 0.0
20210327232004.31, 121.7, 0.0, 0.0
20210327232005.44, 121.6, 0.0, 0.0
20210327232006.52, 121.6, 0.0, 0.0
20210327232007.58, 121.7, 0.0, 0.0
20210327232008.63, 121.7, 0.0, 0.0
20210327232009.67, 121.6, 0.0, 0.0
20210327232010.75, 121.6, 0.0, 0.0
20210327232011.83, 121.7, 0.0, 0.0
20210327232012.95, 121.7, 0.0, 0.0
20210327232014.07, 121.7, 0.0, 0.0
20210327232015.18, 121.7, 0.0, 0.0
20210327232016.23, 121.7, 0.0, 0.0
20210327232017.35, 121.7, 0.0, 0.0
20210327232018.53, 121.7, 0.0, 0.0
20210327232019.68, 121.7, 0.0, 0.0
20210327232020.77, 121.7, 0.0, 0.0
20210327232021.86, 121.7, 0.0, 0.0
20210327232022.94, 121.7, 0.0, 0.0
20210327232023.98, 121.7, 0.0, 0.0
20210327232025.06, 121.7, 0.0, 0.0
20210327232026.16, 121.7, 0.0, 0.0
20210327232027.24, 121.7, 0.0, 0.0
20210327232028.32, 121.7, 0.0, 0.0
20210327232029.43, 121.7, 0.0, 0.0
20210327232030.56, 121.7, 0.0, 0.0
20210327232031.67, 121.7, 0.0, 0.0
20210327232032.75, 121.6, 0.0, 0.0
20210327232033.93, 121.7, 0.0, 0.0
20210327232034.99, 121.7, 0.0, 0.0
20210327232036.09, 121.7, 0.0, 0.0
20210327232037.2, 121.7, 0.0, 0.0
20210327232038.25, 121.7, 0.0, 0.0
20210327232039.34, 121.7, 0.0, 0.0
20210327232040.45, 121.7, 0.0, 0.0
20210327232041.56, 121.7, 0.0, 0.0
20210327232042.68, 121.7, 0.0, 0.0
20210327232043.84, 121.7, 0.0, 0.0
20210327232044.96, 121.7, 0.0, 0.0
20210327232046.03, 121.7, 0.0, 0.0
20210327232047.11, 121.6, 0.0, 0.0
20210327232048.16, 121.6, 0.0, 0.0
20210327232049.23, 121.7, 0.0, 0.0
20210327232050.37, 121.6, 0.0, 0.0
20210327232051.41, 121.6, 0.0, 0.0
20210327232052.45, 121.7, 0.0, 0.0
20210327232053.58, 121.7, 0.0, 0.0
20210327232054.69, 121.7, 0.0, 0.0
20210327232055.77, 121.7, 0.0, 0.0
20210327232056.85, 121.7, 0.0, 0.0
20210327232057.94, 121.7, 0.0, 0.0
20210327232059.06, 121.7, 0.0, 0.0
20210327232100.17, 121.7, 0.0, 0.0
20210327232101.21, 121.7, 0.0, 0.0
20210327232102.26, 121.7, 0.0, 0.0
20210327232103.36, 121.7, 0.0, 0.0
20210327232104.45, 121.7, 0.0, 0.0
20210327232105.56, 121.7, 0.0, 0.0
20210327232106.66, 121.7, 0.0, 0.0
20210327232107.75, 121.8, 0.0, 0.0
20210327232108.86, 121.8, 0.0, 0.0
20210327232109.95, 121.8, 0.0, 0.0
20210327232111.09, 121.8, 0.0, 0.0
20210327232112.16, 121.8, 0.0, 0.0
20210327232113.27, 121.9, 0.0, 0.0
20210327232114.41, 121.9, 0.0, 0.0
20210327232115.53, 121.9, 0.0, 0.0
20210327232116.61, 121.9, 0.0, 0.0
20210327232117.71, 121.9, 0.0, 0.0
20210327232118.8, 121.9, 0.0, 0.0
20210327232119.84, 121.8, 0.0, 0.0
20210327232120.96, 121.8, 0.0, 0.0
20210327232122.02, 121.8, 0.0, 0.0
20210327232123.09, 121.8, 0.0, 0.0
20210327232124.2, 121.8, 0.0, 0.0
20210327232125.3, 121.8, 0.0, 0.0
20210327232126.35, 121.8, 0.0, 0.0
20210327232127.43, 121.8, 0.0, 0.0
20210327232128.58, 121.8, 0.0, 0.0
20210327232129.7, 121.7, 0.0, 0.0
20210327232130.81, 121.7, 0.0, 0.0
20210327232131.88, 121.7, 0.0, 0.0
20210327232132.98, 121.7, 0.0, 0.0
20210327232134.04, 121.7, 0.0, 0.0
20210327232135.18, 121.7, 0.0, 0.0
20210327232136.29, 121.7, 0.0, 0.0
20210327232137.36, 121.7, 0.0, 0.0
20210327232138.43, 121.7, 0.0, 0.0
20210327232139.66, 121.7, 0.0, 0.0
20210327232140.73, 121.7, 0.0, 0.0
20210327232141.83, 121.7, 0.0, 0.0
20210327232142.95, 121.7, 0.0, 0.0
20210327232144.03, 121.7, 0.0, 0.0
20210327232145.1, 121.7, 0.0, 0.0
20210327232146.2, 121.7, 0.0, 0.0
20210327232147.34, 121.7, 0.0, 0.0
20210327232148.47, 121.7, 0.0, 0.0
20210327232149.52, 121.7, 0.0, 0.0
20210327232150.59, 121.7, 0.0, 0.0
20210327232151.72, 121.7, 0.0, 0.0
20210327232152.82, 121.7, 0.0, 0.0
20210327232153.93, 121.7, 0.0, 0.0
20210327232155.02, 121.7, 0.0, 0.0
20210327232156.15, 121.7, 0.0, 0.0
20210327232157.29, 121.7, 0.0, 0.0
20210327232158.35, 121.7, 0.0, 0.0
20210327232159.43, 121.7, 0.0, 0.0
20210327232200.53, 121.7, 0.0, 0.0
20210327232201.61, 121.7, 0.0, 0.0
20210327232202.71, 121.7, 0.0, 0.0
20210327232203.8, 121.7, 0.0, 0.0
20210327232204.85, 121.6, 0.0, 0.0
20210327232205.99, 121.6, 0.0, 0.0
20210327232207.09, 121.6, 0.0, 0.0
20210327232208.2, 121.6, 0.0, 0.0
20210327232209.31, 121.7, 0.0, 0.0
20210327232210.37, 121.7, 0.0, 0.0
20210327232211.42, 121.7, 0.0, 0.0
20210327232212.54, 121.7, 0.0, 0.0
20210327232213.65, 121.7, 0.0, 0.0
20210327232214.78, 121.7, 0.0, 0.0
20210327232215.89, 121.7, 0.0, 0.0
20210327232217.04, 121.6, 0.0, 0.0
20210327232218.14, 121.6, 0.0, 0.0
20210327232219.27, 121.7, 0.0, 0.0
20210327232220.31, 121.7, 0.0, 0.0
20210327232221.37, 121.6, 0.0, 0.0
20210327232222.48, 121.6, 0.0, 0.0
20210327232223.59, 121.7, 0.0, 0.0
20210327232224.67, 121.7, 0.0, 0.0
20210327232225.79, 121.7, 0.0, 0.0
20210327232226.88, 121.7, 0.0, 0.0
20210327232228.04, 121.7, 0.0, 0.0
20210327232229.08, 121.6, 0.0, 0.0
20210327232230.14, 121.6, 0.0, 0.0
20210327232231.22, 121.6, 0.0, 0.0
20210327232232.36, 121.6, 0.0, 0.0
20210327232233.48, 121.7, 0.0, 0.0
20210327232234.59, 121.7, 0.0, 0.0
20210327232235.7, 121.7, 0.0, 0.0
20210327232236.83, 121.7, 0.0, 0.0
20210327232237.92, 121.7, 0.0, 0.0
20210327232239.06, 121.7, 0.0, 0.0
20210327232240.16, 121.7, 0.0, 0.0
20210327232241.36, 121.7, 0.0, 0.0
20210327232242.42, 121.7, 0.0, 0.0
20210327232243.52, 121.6, 0.0, 0.0
20210327232244.63, 121.6, 0.0, 0.0
20210327232245.77, 121.6, 0.0, 0.0
20210327232246.85, 121.6, 0.0, 0.0
20210327232247.93, 121.6, 0.0, 0.0
20210327232249.05, 121.6, 0.0, 0.0
20210327232250.16, 121.6, 0.0, 0.0
20210327232251.29, 121.6, 0.0, 0.0
20210327232252.38, 121.6, 0.0, 0.0
20210327232253.48, 121.6, 0.0, 0.0
20210327232254.6, 121.7, 0.0, 0.0
20210327232255.68, 121.6, 0.0, 0.0
20210327232256.8, 121.6, 0.0, 0.0
20210327232257.83, 121.7, 0.0, 0.0
20210327232258.96, 121.7, 0.0, 0.0
20210327232300.01, 121.6, 0.0, 0.0
20210327232301.07, 121.6, 0.0, 0.0
20210327232302.19, 121.6, 0.0, 0.0
20210327232303.3, 121.6, 0.0, 0.0
20210327232304.41, 121.6, 0.0, 0.0
20210327232305.48, 121.6, 0.0, 0.0
20210327232306.56, 121.6, 0.0, 0.0
20210327232307.7, 121.6, 0.0, 0.0
20210327232308.79, 121.6, 0.0, 0.0
20210327232309.88, 121.6, 0.0, 0.0
20210327232310.92, 121.6, 0.0, 0.0
20210327232312.19, 121.6, 0.0, 0.0
20210327232313.28, 121.6, 0.0, 0.0
20210327232314.38, 121.6, 0.0, 0.0
20210327232315.52, 121.6, 0.0, 0.0
20210327232316.62, 121.6, 0.0, 0.0
20210327232317.71, 121.6, 0.0, 0.0
20210327232318.81, 121.6, 0.0, 0.0
20210327232319.91, 121.6, 0.0, 0.0
20210327232321.04, 121.6, 0.0, 0.0
20210327232322.14, 121.6, 0.0, 0.0
20210327232323.28, 121.6, 0.0, 0.0
20210327232324.4, 121.6, 0.0, 0.0
20210327232325.47, 121.7, 0.0, 0.0
20210327232326.59, 121.6, 0.0, 0.0
20210327232327.68, 121.6, 0.0, 0.0
20210327232328.75, 121.6, 0.0, 0.0
20210327232329.87, 121.6, 0.0, 0.0
20210327232330.98, 121.6, 0.0, 0.0
20210327232332.1, 121.6, 0.0, 0.0
20210327232333.18, 121.6, 0.0, 0.0
20210327232334.26, 121.6, 0.0, 0.0
20210327232335.36, 121.7, 0.0, 0.0
20210327232336.5, 121.7, 0.0, 0.0
20210327232337.55, 121.7, 0.0, 0.0
20210327232338.67, 121.7, 0.0, 0.0
20210327232339.8, 121.7, 0.0, 0.0
20210327232340.9, 121.7, 0.0, 0.0
20210327232342.05, 121.6, 0.0, 0.0
20210327232343.14, 121.6, 0.0, 0.0
20210327232344.2, 121.6, 0.0, 0.0
20210327232345.3, 121.7, 0.0, 0.0
20210327232346.43, 121.7, 0.0, 0.0
20210327232347.52, 121.7, 0.0, 0.0
20210327232348.66, 121.7, 0.0, 0.0
20210327232349.71, 121.7, 0.0, 0.0
20210327232350.83, 121.7, 0.0, 0.0
20210327232351.95, 121.6, 0.0, 0.0
20210327232353.0, 121.6, 0.0, 0.0
20210327232354.04, 121.6, 0.0, 0.0
20210327232355.16, 121.6, 0.0, 0.0
20210327232356.2, 121.6, 0.0, 0.0
20210327232357.32, 121.6, 0.0, 0.0
20210327232358.38, 121.6, 0.0, 0.0
20210327232359.45, 121.7, 0.0, 0.0
20210327232400.51, 121.7, 0.0, 0.0
20210327232401.56, 121.6, 0.0, 0.0
20210327232402.63, 121.6, 0.0, 0.0
20210327232403.67, 121.6, 0.0, 0.0
20210327232404.73, 121.6, 0.0, 0.0
20210327232405.77, 121.6, 0.0, 0.0
20210327232406.88, 121.6, 0.0, 0.0
20210327232407.91, 121.6, 0.0, 0.0
20210327232409.01, 121.6, 0.0, 0.0
20210327232410.11, 121.6, 0.0, 0.0
20210327232411.16, 121.6, 0.0, 0.0
20210327232412.22, 121.7, 0.0, 0.0
20210327232413.27, 121.7, 0.0, 0.0
20210327232414.31, 121.7, 0.0, 0.0
20210327232415.43, 121.7, 0.0, 0.0
20210327232416.51, 121.7, 0.0, 0.0
20210327232417.58, 121.7, 0.0, 0.0
20210327232418.65, 121.7, 0.0, 0.0
20210327232419.71, 121.7, 0.0, 0.0
20210327232420.8, 121.7, 0.0, 0.0
20210327232421.87, 121.7, 0.0, 0.0
20210327232422.96, 121.8, 0.0, 0.0
20210327232424.08, 121.7, 0.0, 0.0
20210327232425.12, 121.7, 0.0, 0.0
20210327232426.16, 121.7, 0.0, 0.0
20210327232427.23, 121.7, 0.0, 0.0
20210327232428.34, 121.7, 0.0, 0.0
20210327232429.4, 121.7, 0.0, 0.0
20210327232430.5, 121.7, 0.0, 0.0
20210327232431.66, 121.7, 0.0, 0.0
20210327232432.78, 121.6, 0.0, 0.0
20210327232433.83, 121.6, 0.0, 0.0
20210327232434.87, 121.6, 0.0, 0.0
20210327232435.91, 121.6, 0.0, 0.0
20210327232436.95, 121.6, 0.0, 0.0
20210327232438.0, 121.6, 0.0, 0.0
20210327232439.07, 121.7, 0.0, 0.0
20210327232440.19, 121.7, 0.0, 0.0
20210327232441.28, 121.6, 0.0, 0.0
20210327232442.34, 121.6, 0.0, 0.0
20210327232443.45, 121.7, 0.0, 0.0
20210327232444.54, 121.6, 0.0, 0.0
20210327232445.62, 121.6, 0.0, 0.0
20210327232446.66, 121.7, 0.0, 0.0
20210327232447.71, 121.7, 0.0, 0.0
20210327232448.81, 121.6, 0.0, 0.0
20210327232449.86, 121.6, 0.0, 0.0
20210327232450.98, 121.6, 0.0, 0.0
20210327232452.11, 121.6, 0.0, 0.0
20210327232453.19, 121.6, 0.0, 0.0
20210327232454.28, 121.6, 0.0, 0.0
20210327232455.38, 121.7, 0.0, 0.0
20210327232456.49, 121.7, 0.0, 0.0
20210327232457.57, 121.6, 0.0, 0.0
20210327232458.62, 121.6, 0.0, 0.0
20210327232459.7, 121.7, 0.0, 0.0
20210327232500.82, 121.7, 0.0, 0.0
20210327232501.86, 121.7, 0.0, 0.0
20210327232503.02, 121.7, 0.0, 0.0
20210327232504.09, 121.7, 0.0, 0.0
20210327232505.13, 121.6, 0.0, 0.0
20210327232506.22, 121.6, 0.0, 0.0
20210327232507.27, 121.6, 0.0, 0.0
20210327232508.42, 121.6, 0.0, 0.0
20210327232509.48, 121.6, 0.0, 0.0
20210327232510.61, 121.6, 0.0, 0.0
20210327232511.71, 121.7, 0.0, 0.0
20210327232512.81, 121.7, 0.0, 0.0
20210327232513.88, 121.7, 0.0, 0.0
20210327232515.01, 121.7, 0.0, 0.0
20210327232516.06, 121.7, 0.0, 0.0
20210327232517.17, 121.7, 0.0, 0.0
20210327232518.25, 121.7, 0.0, 0.0
20210327232519.31, 121.7, 0.0, 0.0
20210327232520.35, 121.7, 0.0, 0.0
20210327232521.46, 121.7, 0.0, 0.0
20210327232522.55, 121.7, 0.0, 0.0
20210327232523.65, 121.7, 0.0, 0.0
20210327232524.75, 121.7, 0.0, 0.0
20210327232525.86, 121.7, 0.0, 0.0
20210327232526.97, 121.7, 0.0, 0.0
20210327232528.01, 121.7, 0.0, 0.0
20210327232529.06, 121.7, 0.0, 0.0
20210327232530.18, 121.7, 0.0, 0.0
20210327232531.3, 121.7, 0.0, 0.0
20210327232532.43, 121.8, 0.0, 0.0
20210327232533.55, 121.8, 0.0, 0.0
20210327232534.61, 121.8, 0.0, 0.0
20210327232535.69, 121.8, 0.0, 0.0
20210327232536.77, 121.8, 0.0, 0.0
20210327232537.84, 121.8, 0.0, 0.0
20210327232538.9, 121.8, 0.0, 0.0
20210327232540.02, 121.8, 0.0, 0.0
20210327232541.13, 121.8, 0.0, 0.0
20210327232542.2, 121.8, 0.0, 0.0
20210327232543.34, 121.8, 0.0, 0.0
20210327232544.45, 121.8, 0.0, 0.0
20210327232545.57, 121.8, 0.0, 0.0
20210327232546.62, 121.8, 0.0, 0.0
20210327232547.76, 121.8, 0.0, 0.0
20210327232548.82, 121.8, 0.0, 0.0
20210327232549.88, 121.8, 0.0, 0.0
20210327232550.92, 121.8, 0.0, 0.0
20210327232552.01, 121.8, 0.0, 0.0
20210327232553.05, 121.8, 0.0, 0.0
20210327232554.1, 121.8, 0.0, 0.0
20210327232555.18, 121.8, 0.0, 0.0
20210327232556.24, 121.8, 0.0, 0.0
20210327232557.32, 121.8, 0.0, 0.0
20210327232558.45, 121.8, 0.0, 0.0
20210327232559.57, 121.8, 0.0, 0.0
20210327232600.61, 121.7, 0.0, 0.0
20210327232601.68, 121.7, 0.0, 0.0
20210327232602.74, 121.7, 0.0, 0.0
20210327232603.81, 121.7, 0.0, 0.0
20210327232604.86, 121.7, 0.0, 0.0
20210327232605.97, 121.7, 0.0, 0.0
20210327232607.11, 121.7, 0.0, 0.0
20210327232608.19, 121.7, 0.0, 0.0
20210327232609.29, 121.7, 0.0, 0.0
20210327232610.41, 121.7, 0.0, 0.0
20210327232611.5, 121.7, 0.0, 0.0
20210327232612.59, 121.7, 0.0, 0.0
20210327232613.64, 121.8, 0.0, 0.0
20210327232614.68, 121.8, 0.0, 0.0
20210327232615.72, 121.8, 0.0, 0.0
20210327232616.76, 121.8, 0.0, 0.0
20210327232617.89, 121.8, 0.0, 0.0
20210327232619.0, 121.8, 0.0, 0.0
20210327232620.16, 121.8, 0.0, 0.0
20210327232621.27, 121.9, 0.0, 0.0
20210327232622.36, 121.9, 0.0, 0.0
20210327232623.44, 121.8, 0.0, 0.0
20210327232624.48, 121.8, 0.0, 0.0
20210327232625.58, 121.8, 0.0, 0.0
20210327232626.75, 121.8, 0.0, 0.0
20210327232627.79, 121.8, 0.0, 0.0
20210327232628.84, 121.8, 0.0, 0.0
20210327232629.87, 121.8, 0.0, 0.0
20210327232631.01, 121.8, 0.0, 0.0
20210327232632.09, 121.8, 0.0, 0.0
20210327232633.14, 121.8, 0.0, 0.0
20210327232634.18, 121.9, 0.0, 0.0
20210327232635.32, 121.9, 0.0, 0.0
20210327232636.4, 121.8, 0.0, 0.0
20210327232637.52, 121.8, 0.0, 0.0
20210327232638.64, 121.9, 0.0, 0.0
20210327232639.69, 121.8, 0.0, 0.0
20210327232640.78, 121.8, 0.0, 0.0
20210327232641.9, 121.8, 0.0, 0.0
20210327232643.02, 121.8, 0.0, 0.0
20210327232644.06, 121.9, 0.0, 0.0
20210327232645.15, 121.9, 0.0, 0.0
20210327232646.21, 121.8, 0.0, 0.0
20210327232647.32, 121.8, 0.0, 0.0
20210327232648.4, 121.8, 0.0, 0.0
20210327232649.47, 121.8, 0.0, 0.0
20210327232650.51, 121.8, 0.0, 0.0
20210327232651.61, 121.8, 0.0, 0.0
20210327232652.68, 121.7, 0.0, 0.0
20210327232653.72, 121.7, 0.0, 0.0
20210327232654.79, 121.7, 0.0, 0.0
20210327232655.84, 121.7, 0.0, 0.0
20210327232656.95, 121.7, 0.0, 0.0
20210327232658.14, 121.7, 0.0, 0.0
20210327232659.21, 121.7, 0.0, 0.0
20210327232700.32, 121.7, 0.0, 0.0
20210327232701.41, 121.7, 0.0, 0.0
20210327232702.45, 121.7, 0.0, 0.0
20210327232703.55, 121.7, 0.0, 0.0
20210327232704.61, 121.7, 0.0, 0.0
20210327232705.7, 121.7, 0.0, 0.0
20210327232706.76, 121.7, 0.0, 0.0
20210327232707.82, 121.7, 0.0, 0.0
20210327232708.95, 121.7, 0.0, 0.0
20210327232710.07, 121.7, 0.0, 0.0
20210327232711.15, 121.7, 0.0, 0.0
20210327232712.24, 121.7, 0.0, 0.0
20210327232713.29, 121.8, 0.0, 0.0
20210327232714.33, 121.8, 0.0, 0.0
20210327232715.38, 121.8, 0.0, 0.0
20210327232716.42, 121.8, 0.0, 0.0
20210327232717.46, 121.7, 0.0, 0.0
20210327232718.67, 121.8, 0.0, 0.0
20210327232719.73, 121.8, 0.0, 0.0
20210327232720.82, 121.7, 0.0, 0.0
20210327232721.94, 121.7, 0.0, 0.0
20210327232722.98, 121.8, 0.0, 0.0
20210327232724.02, 121.8, 0.0, 0.0
20210327232725.07, 121.8, 0.0, 0.0
20210327232726.11, 121.8, 0.0, 0.0
20210327232727.17, 121.8, 0.0, 0.0
20210327232728.21, 121.8, 0.0, 0.0
20210327232729.32, 121.8, 0.0, 0.0
20210327232730.45, 121.8, 0.0, 0.0
20210327232731.59, 121.8, 0.0, 0.0
20210327232732.64, 121.8, 0.0, 0.0
20210327232733.68, 121.8, 0.0, 0.0
20210327232734.82, 121.8, 0.0, 0.0
20210327232735.89, 121.8, 0.0, 0.0
20210327232736.93, 121.8, 0.0, 0.0
20210327232738.04, 121.8, 0.0, 0.0
20210327232739.14, 121.8, 0.0, 0.0
20210327232740.22, 121.8, 0.0, 0.0
20210327232741.34, 121.7, 0.0, 0.0
20210327232742.42, 121.7, 0.0, 0.0
20210327232743.54, 121.8, 0.0, 0.0
20210327232744.68, 121.8, 0.0, 0.0
20210327232745.8, 121.8, 0.0, 0.0
20210327232746.87, 121.8, 0.0, 0.0
20210327232747.98, 121.8, 0.0, 0.0
20210327232749.03, 121.8, 0.0, 0.0
20210327232750.07, 121.7, 0.0, 0.0
20210327232751.21, 121.7, 0.0, 0.0
20210327232752.29, 121.8, 0.0, 0.0
20210327232753.37, 121.8, 0.0, 0.0
20210327232754.48, 121.8, 0.0, 0.0
20210327232755.55, 121.8, 0.0, 0.0
20210327232756.68, 121.8, 0.0, 0.0
20210327232757.78, 121.8, 0.0, 0.0
20210327232758.85, 121.8, 0.0, 0.0
20210327232759.9, 121.8, 0.0, 0.0
20210327232801.0, 121.8, 0.0, 0.0
20210327232802.07, 121.8, 0.0, 0.0
20210327232803.16, 121.8, 0.0, 0.0
20210327232804.22, 121.7, 0.0, 0.0
20210327232805.27, 121.7, 0.0, 0.0
20210327232806.32, 121.7, 0.0, 0.0
20210327232807.43, 121.7, 0.0, 0.0
20210327232808.55, 121.7, 0.0, 0.0
20210327232809.65, 121.7, 0.0, 0.0
20210327232810.73, 121.7, 0.0, 0.0
20210327232811.8, 121.7, 0.0, 0.0
20210327232812.94, 121.7, 0.0, 0.0
20210327232814.17, 121.7, 0.0, 0.0
20210327232815.21, 121.7, 0.0, 0.0
20210327232816.26, 121.7, 0.0, 0.0
20210327232817.34, 121.7, 0.0, 0.0
20210327232818.45, 121.7, 0.0, 0.0
20210327232819.53, 121.7, 0.0, 0.0
20210327232820.57, 121.7, 0.0, 0.0
20210327232821.61, 121.7, 0.0, 0.0
20210327232822.69, 121.7, 0.0, 0.0
20210327232823.84, 121.7, 0.0, 0.0
20210327232824.89, 121.7, 0.0, 0.0
20210327232825.94, 121.7, 0.0, 0.0
20210327232827.06, 121.8, 0.0, 0.0
20210327232828.17, 121.8, 0.0, 0.0
20210327232829.27, 121.8, 0.0, 0.0
20210327232830.39, 121.8, 0.0, 0.0
20210327232831.48, 121.8, 0.0, 0.0
20210327232832.6, 121.7, 0.0, 0.0
20210327232833.69, 121.7, 0.0, 0.0
20210327232834.8, 121.8, 0.0, 0.0
20210327232835.9, 121.8, 0.0, 0.0
20210327232837.0, 121.7, 0.0, 0.0
20210327232838.09, 121.7, 0.0, 0.0
20210327232839.17, 121.7, 0.0, 0.0
20210327232840.21, 121.7, 0.0, 0.0
20210327232841.34, 121.7, 0.0, 0.0
20210327232842.43, 121.7, 0.0, 0.0
20210327232843.52, 121.7, 0.0, 0.0
20210327232844.62, 121.7, 0.0, 0.0
20210327232845.74, 121.7, 0.0, 0.0
20210327232846.82, 121.7, 0.0, 0.0
20210327232847.93, 121.8, 0.0, 0.0
20210327232849.05, 121.7, 0.0, 0.0
20210327232850.1, 121.7, 0.0, 0.0
20210327232851.18, 121.8, 0.0, 0.0
20210327232852.24, 121.8, 0.0, 0.0
20210327232853.29, 121.8, 0.0, 0.0
20210327232854.35, 121.8, 0.0, 0.0
20210327232855.43, 121.8, 0.0, 0.0
20210327232856.53, 121.8, 0.0, 0.0
20210327232857.64, 121.8, 0.0, 0.0
20210327232858.75, 121.8, 0.0, 0.0
20210327232859.8, 121.8, 0.0, 0.0
20210327232900.93, 121.8, 0.0, 0.0
20210327232901.98, 121.8, 0.0, 0.0
20210327232903.02, 121.8, 0.0, 0.0
20210327232904.14, 121.8, 0.0, 0.0
20210327232905.19, 121.8, 0.0, 0.0
20210327232906.23, 121.8, 0.0, 0.0
20210327232907.28, 121.8, 0.0, 0.0
20210327232908.38, 121.8, 0.0, 0.0
20210327232909.44, 121.8, 0.0, 0.0
20210327232910.48, 121.5, 0.0, 0.0
20210327232911.54, 121.5, 0.0, 0.0
20210327232912.7, 121.8, 0.0, 0.0
20210327232913.79, 121.7, 0.0, 0.0
20210327232914.91, 121.7, 0.0, 0.0
20210327232915.96, 121.7, 0.0, 0.0
20210327232917.0, 121.7, 0.0, 0.0
20210327232918.05, 121.8, 0.0, 0.0
20210327232919.1, 121.8, 0.0, 0.0
20210327232920.21, 121.8, 0.0, 0.0
20210327232921.32, 121.8, 0.0, 0.0
20210327232922.45, 121.7, 0.0, 0.0
20210327232923.53, 121.7, 0.0, 0.0
20210327232924.61, 121.8, 0.0, 0.0
20210327232925.69, 121.8, 0.0, 0.0
20210327232926.79, 121.8, 0.0, 0.0
20210327232927.83, 121.8, 0.0, 0.0
20210327232928.88, 121.8, 0.0, 0.0
20210327232930.13, 121.8, 0.0, 0.0
20210327232931.21, 121.8, 0.0, 0.0
20210327232932.27, 121.8, 0.0, 0.0
20210327232933.38, 121.8, 0.0, 0.0
20210327232934.47, 121.8, 0.0, 0.0
20210327232935.57, 121.8, 0.0, 0.0
20210327232936.65, 121.7, 0.0, 0.0
20210327232937.78, 121.7, 0.0, 0.0
20210327232938.89, 121.7, 0.0, 0.0
20210327232940.01, 121.7, 0.0, 0.0
20210327232941.11, 121.7, 0.0, 0.0
20210327232942.2, 121.7, 0.0, 0.0
20210327232943.31, 121.7, 0.0, 0.0
20210327232944.36, 121.7, 0.0, 0.0
20210327232945.4, 121.7, 0.0, 0.0
20210327232946.45, 121.7, 0.0, 0.0
20210327232947.6, 121.7, 0.0, 0.0
20210327232948.66, 121.8, 0.0, 0.0
20210327232949.77, 121.8, 0.0, 0.0
20210327232950.86, 121.7, 0.0, 0.0
20210327232951.96, 121.7, 0.0, 0.0
20210327232953.07, 121.7, 0.0, 0.0
20210327232954.17, 121.7, 0.0, 0.0
20210327232955.3, 121.8, 0.0, 0.0
20210327232956.36, 121.8, 0.0, 0.0
20210327232957.4, 121.7, 0.0, 0.0
20210327232958.55, 121.7, 0.0, 0.0
20210327232959.63, 121.7, 0.0, 0.0
20210327233000.68, 121.7, 0.0, 0.0
20210327233001.74, 121.7, 0.0, 0.0
20210327233002.85, 121.7, 0.0, 0.0
20210327233003.91, 121.7, 0.0, 0.0
20210327233005.04, 121.7, 0.0, 0.0
20210327233006.1, 121.7, 0.0, 0.0
20210327233007.21, 121.7, 0.0, 0.0
20210327233008.26, 121.7, 0.0, 0.0
20210327233009.3, 121.7, 0.0, 0.0
20210327233010.34, 121.7, 0.0, 0.0
20210327233011.45, 121.7, 0.0, 0.0
20210327233012.52, 121.7, 0.0, 0.0
20210327233013.61, 121.7, 0.0, 0.0
20210327233014.69, 121.7, 0.0, 0.0
20210327233015.73, 121.7, 0.0, 0.0
20210327233016.78, 121.7, 0.0, 0.0
20210327233017.88, 121.7, 0.0, 0.0
20210327233018.97, 121.7, 0.0, 0.0
20210327233020.05, 121.7, 0.0, 0.0
20210327233021.09, 121.7, 0.0, 0.0
20210327233022.14, 121.7, 0.0, 0.0
20210327233023.21, 121.7, 0.0, 0.0
20210327233024.25, 121.7, 0.0, 0.0
20210327233025.36, 121.7, 0.0, 0.0
20210327233026.43, 121.7, 0.0, 0.0
20210327233027.56, 121.7, 0.0, 0.0
20210327233028.68, 121.7, 0.0, 0.0
20210327233029.76, 121.7, 0.0, 0.0
20210327233030.83, 121.7, 0.0, 0.0
20210327233031.91, 121.7, 0.0, 0.0
20210327233033.01, 121.7, 0.0, 0.0
20210327233034.08, 121.7, 0.0, 0.0
20210327233035.14, 121.7, 0.0, 0.0
20210327233036.22, 121.7, 0.0, 0.0
20210327233037.36, 121.7, 0.0, 0.0
20210327233038.47, 121.7, 0.0, 0.0
20210327233039.56, 121.7, 0.0, 0.0
20210327233040.6, 121.7, 0.0, 0.0
20210327233041.73, 121.7, 0.0, 0.0
20210327233042.8, 121.7, 0.0, 0.0
20210327233043.86, 121.7, 0.0, 0.0
20210327233044.89, 121.7, 0.0, 0.0
20210327233045.94, 121.7, 0.0, 0.0
20210327233046.98, 121.7, 0.0, 0.0
20210327233048.15, 121.7, 0.0, 0.0
20210327233049.21, 121.7, 0.0, 0.0
20210327233050.27, 121.7, 0.0, 0.0
20210327233051.39, 121.7, 0.0, 0.0
20210327233052.46, 121.8, 0.0, 0.0
20210327233053.51, 121.8, 0.0, 0.0
20210327233054.63, 121.8, 0.0, 0.0
20210327233055.69, 121.8, 0.0, 0.0
20210327233056.72, 121.7, 0.0, 0.0
20210327233057.83, 121.7, 0.0, 0.0
20210327233058.92, 121.7, 0.0, 0.0
20210327233059.99, 121.7, 0.0, 0.0
20210327233101.06, 121.7, 0.0, 0.0
20210327233102.14, 121.7, 0.0, 0.0
20210327233103.18, 121.7, 0.0, 0.0
20210327233104.25, 121.7, 0.0, 0.0
20210327233105.33, 121.7, 0.0, 0.0
20210327233106.47, 121.7, 0.0, 0.0
20210327233107.63, 121.7, 0.0, 0.0
20210327233108.75, 121.8, 0.0, 0.0
20210327233109.81, 121.8, 0.0, 0.0
20210327233110.91, 121.7, 0.0, 0.0
20210327233112.05, 121.7, 0.0, 0.0
20210327233113.11, 121.8, 0.0, 0.0
20210327233114.15, 121.8, 0.0, 0.0
20210327233115.19, 121.7, 0.0, 0.0
20210327233116.27, 121.7, 0.0, 0.0
20210327233117.31, 121.8, 0.0, 0.0
20210327233118.36, 121.8, 0.0, 0.0
20210327233119.48, 121.8, 0.0, 0.0
20210327233120.6, 121.8, 0.0, 0.0
20210327233121.66, 121.7, 0.0, 0.0
20210327233122.7, 121.7, 0.0, 0.0
20210327233123.74, 121.7, 0.0, 0.0
20210327233124.78, 121.7, 0.0, 0.0
20210327233125.9, 121.8, 0.0, 0.0
20210327233126.94, 121.8, 0.0, 0.0
20210327233128.03, 121.8, 0.0, 0.0
20210327233129.13, 121.7, 0.0, 0.0
20210327233130.2, 121.7, 0.0, 0.0
20210327233131.31, 121.8, 0.0, 0.0
20210327233132.36, 121.8, 0.0, 0.0
20210327233133.39, 121.8, 0.0, 0.0
20210327233134.46, 121.8, 0.0, 0.0
20210327233135.51, 121.8, 0.0, 0.0
20210327233136.66, 121.8, 0.0, 0.0
20210327233137.7, 121.8, 0.0, 0.0
20210327233138.75, 121.8, 0.0, 0.0
20210327233139.8, 121.8, 0.0, 0.0
20210327233140.91, 121.8, 0.0, 0.0
20210327233141.95, 121.8, 0.0, 0.0
20210327233143.04, 121.8, 0.0, 0.0
20210327233144.12, 121.8, 0.0, 0.0
20210327233145.26, 121.8, 0.0, 0.0
20210327233146.36, 121.8, 0.0, 0.0
20210327233147.43, 121.8, 0.0, 0.0
20210327233148.54, 121.8, 0.0, 0.0
20210327233149.59, 121.8, 0.0, 0.0
20210327233150.62, 121.8, 0.0, 0.0
20210327233151.7, 121.8, 0.0, 0.0
20210327233152.75, 121.8, 0.0, 0.0
20210327233153.84, 121.8, 0.0, 0.0
20210327233154.96, 121.8, 0.0, 0.0
20210327233156.05, 121.8, 0.0, 0.0
20210327233157.18, 121.8, 0.0, 0.0
20210327233158.24, 121.8, 0.0, 0.0
20210327233159.38, 121.8, 0.0, 0.0
20210327233200.44, 121.8, 0.0, 0.0
20210327233201.48, 121.8, 0.0, 0.0
20210327233202.52, 121.8, 0.0, 0.0
20210327233203.66, 121.8, 0.0, 0.0
20210327233204.72, 121.7, 0.0, 0.0
20210327233205.77, 121.7, 0.0, 0.0
20210327233206.91, 121.7, 0.0, 0.0
20210327233208.02, 121.7, 0.0, 0.0
20210327233209.09, 121.8, 0.0, 0.0
20210327233210.2, 121.8, 0.0, 0.0
20210327233211.39, 121.8, 0.0, 0.0
20210327233212.44, 121.8, 0.0, 0.0
20210327233213.57, 121.8, 0.0, 0.0
20210327233214.66, 121.8, 0.0, 0.0
20210327233215.72, 121.8, 0.0, 0.0
20210327233216.83, 121.7, 0.0, 0.0
20210327233217.92, 121.7, 0.0, 0.0
20210327233219.01, 121.7, 0.0, 0.0
20210327233220.06, 121.7, 0.0, 0.0
20210327233221.1, 121.7, 0.0, 0.0
20210327233222.19, 121.7, 0.0, 0.0
20210327233223.3, 121.7, 0.0, 0.0
20210327233224.44, 121.7, 0.0, 0.0
20210327233225.54, 121.7, 0.0, 0.0
20210327233226.65, 121.7, 0.0, 0.0
20210327233227.78, 121.7, 0.0, 0.0
20210327233228.9, 121.7, 0.0, 0.0
20210327233230.01, 121.7, 0.0, 0.0
20210327233231.07, 121.7, 0.0, 0.0
20210327233232.15, 121.7, 0.0, 0.0
20210327233233.2, 121.7, 0.0, 0.0
20210327233234.24, 121.7, 0.0, 0.0
20210327233235.33, 121.7, 0.0, 0.0
20210327233236.38, 121.7, 0.0, 0.0
20210327233237.44, 121.7, 0.0, 0.0
20210327233238.53, 121.7, 0.0, 0.0
20210327233239.61, 121.7, 0.0, 0.0
20210327233240.65, 121.7, 0.0, 0.0
20210327233241.75, 121.7, 0.0, 0.0
20210327233242.84, 121.7, 0.0, 0.0
20210327233243.97, 121.7, 0.0, 0.0
20210327233245.09, 121.7, 0.0, 0.0
20210327233246.14, 121.7, 0.0, 0.0
20210327233247.33, 121.7, 0.0, 0.0
20210327233248.41, 121.7, 0.0, 0.0
20210327233249.45, 121.7, 0.0, 0.0
20210327233250.5, 121.7, 0.0, 0.0
20210327233251.59, 121.8, 0.0, 0.0
20210327233252.71, 121.8, 0.0, 0.0
20210327233253.8, 121.7, 0.0, 0.0
20210327233254.85, 121.7, 0.0, 0.0
20210327233255.95, 121.8, 0.0, 0.0
20210327233257.06, 121.8, 0.0, 0.0
20210327233258.17, 121.8, 0.0, 0.0
20210327233259.32, 121.8, 0.0, 0.0
20210327233300.44, 121.8, 0.0, 0.0
20210327233301.48, 121.8, 0.0, 0.0
20210327233302.59, 121.8, 0.0, 0.0
20210327233303.7, 121.8, 0.0, 0.0
20210327233304.79, 121.8, 0.0, 0.0
20210327233305.84, 121.7, 0.0, 0.0
20210327233306.93, 121.7, 0.0, 0.0
20210327233308.0, 121.7, 0.0, 0.0
20210327233309.05, 121.7, 0.0, 0.0
20210327233310.09, 121.8, 0.0, 0.0
20210327233311.17, 121.8, 0.0, 0.0
20210327233312.29, 121.7, 0.0, 0.0
20210327233313.42, 121.7, 0.0, 0.0
20210327233314.55, 121.7, 0.0, 0.0
20210327233315.63, 121.7, 0.0, 0.0
20210327233316.67, 121.8, 0.0, 0.0
20210327233317.75, 121.8, 0.0, 0.0
20210327233318.8, 121.8, 0.0, 0.0
20210327233319.84, 121.8, 0.0, 0.0
20210327233320.93, 121.8, 0.0, 0.0
20210327233322.05, 121.8, 0.0, 0.0
20210327233323.18, 121.8, 0.0, 0.0
20210327233324.26, 121.8, 0.0, 0.0
20210327233325.34, 121.8, 0.0, 0.0
20210327233326.44, 121.8, 0.0, 0.0
20210327233327.51, 121.8, 0.0, 0.0
20210327233328.55, 121.8, 0.0, 0.0
20210327233329.7, 121.8, 0.0, 0.0
20210327233330.8, 121.8, 0.0, 0.0
20210327233331.93, 121.8, 0.0, 0.0
20210327233332.98, 121.8, 0.0, 0.0
20210327233334.04, 121.8, 0.0, 0.0
20210327233335.07, 121.8, 0.0, 0.0
20210327233336.12, 121.8, 0.0, 0.0
20210327233337.24, 121.8, 0.0, 0.0
20210327233338.34, 121.8, 0.0, 0.0
20210327233339.39, 121.9, 0.0, 0.0
20210327233340.48, 121.9, 0.0, 0.0
20210327233341.53, 121.8, 0.0, 0.0
20210327233342.59, 121.8, 0.0, 0.0
20210327233343.66, 121.8, 0.0, 0.0
20210327233344.72, 121.8, 0.0, 0.0
20210327233345.76, 121.8, 0.0, 0.0
20210327233346.9, 121.8, 0.0, 0.0
20210327233347.95, 121.8, 0.0, 0.0
20210327233349.01, 121.8, 0.0, 0.0
20210327233350.05, 121.8, 0.0, 0.0
20210327233351.09, 121.8, 0.0, 0.0
20210327233352.16, 121.8, 0.0, 0.0
20210327233353.2, 121.8, 0.0, 0.0
20210327233354.29, 121.8, 0.0, 0.0
20210327233355.35, 121.9, 0.0, 0.0
20210327233356.46, 121.9, 0.0, 0.0
20210327233357.53, 121.9, 0.0, 0.0
20210327233358.59, 121.9, 0.0, 0.0
20210327233359.63, 121.9, 0.0, 0.0
20210327233400.71, 121.9, 0.0, 0.0
20210327233401.79, 121.9, 0.0, 0.0
20210327233402.92, 121.9, 0.0, 0.0
20210327233404.04, 121.8, 0.0, 0.0
20210327233405.09, 121.8, 0.0, 0.0
20210327233406.2, 121.9, 0.0, 0.0
20210327233407.27, 121.9, 0.0, 0.0
20210327233408.32, 121.9, 0.0, 0.0
20210327233409.42, 121.9, 0.0, 0.0
20210327233410.48, 121.9, 0.0, 0.0
20210327233411.6, 121.9, 0.0, 0.0
20210327233412.68, 121.9, 0.0, 0.0
20210327233413.73, 121.9, 0.0, 0.0
20210327233414.84, 121.9, 0.0, 0.0
20210327233415.94, 121.9, 0.0, 0.0
20210327233416.98, 121.9, 0.0, 0.0
20210327233418.02, 121.9, 0.0, 0.0
20210327233419.07, 121.9, 0.0, 0.0
20210327233420.11, 121.8, 0.0, 0.0
20210327233421.16, 121.8, 0.0, 0.0
20210327233422.2, 121.8, 0.0, 0.0
20210327233423.28, 121.8, 0.0, 0.0
20210327233424.4, 121.8, 0.0, 0.0
20210327233425.45, 121.8, 0.0, 0.0
20210327233426.54, 121.8, 0.0, 0.0
20210327233427.58, 121.8, 0.0, 0.0
20210327233428.62, 121.8, 0.0, 0.0
20210327233429.69, 121.8, 0.0, 0.0
20210327233430.77, 121.8, 0.0, 0.0
20210327233431.85, 121.8, 0.0, 0.0
20210327233432.93, 121.8, 0.0, 0.0
20210327233434.06, 121.8, 0.0, 0.0
20210327233435.1, 121.8, 0.0, 0.0
20210327233436.14, 121.8, 0.0, 0.0
20210327233437.19, 121.8, 0.0, 0.0
20210327233438.23, 121.8, 0.0, 0.0
20210327233439.36, 121.8, 0.0, 0.0
20210327233440.49, 121.8, 0.0, 0.0
20210327233441.54, 121.8, 0.0, 0.0
20210327233442.66, 121.9, 0.0, 0.0
20210327233443.75, 121.9, 0.0, 0.0
20210327233444.88, 121.9, 0.0, 0.0
20210327233445.95, 121.9, 0.0, 0.0
20210327233447.01, 121.9, 0.0, 0.0
20210327233448.1, 121.9, 0.0, 0.0
20210327233449.16, 121.8, 0.0, 0.0
20210327233450.21, 121.8, 0.0, 0.0
20210327233451.32, 121.9, 0.0, 0.0
20210327233452.55, 121.8, 0.0, 0.0
20210327233453.64, 121.8, 0.0, 0.0
20210327233454.75, 121.8, 0.0, 0.0
20210327233455.89, 121.8, 0.0, 0.0
20210327233457.01, 121.9, 0.0, 0.0
20210327233458.09, 121.9, 0.0, 0.0
20210327233459.19, 121.8, 0.0, 0.0
20210327233500.25, 121.8, 0.0, 0.0
20210327233501.29, 121.9, 0.0, 0.0
20210327233502.33, 121.9, 0.0, 0.0
20210327233503.41, 121.8, 0.0, 0.0
20210327233504.47, 121.8, 0.0, 0.0
20210327233505.51, 121.8, 0.0, 0.0
20210327233506.61, 121.8, 0.0, 0.0
20210327233507.66, 121.8, 0.0, 0.0
20210327233508.79, 121.8, 0.0, 0.0
20210327233509.87, 121.8, 0.0, 0.0
20210327233511.01, 121.8, 0.0, 0.0
20210327233512.07, 121.8, 0.0, 0.0
20210327233513.18, 121.8, 0.0, 0.0
20210327233514.23, 121.8, 0.0, 0.0
20210327233515.31, 121.8, 0.0, 0.0
20210327233516.42, 121.8, 0.0, 0.0
20210327233517.54, 121.8, 0.0, 0.0
20210327233518.6, 121.8, 0.0, 0.0
20210327233519.65, 121.8, 0.0, 0.0
20210327233520.72, 121.8, 0.0, 0.0
20210327233521.8, 121.8, 0.0, 0.0
20210327233522.93, 121.8, 0.0, 0.0
20210327233524.06, 121.8, 0.0, 0.0
20210327233525.2, 121.8, 0.0, 0.0
20210327233526.26, 121.8, 0.0, 0.0
20210327233527.32, 121.8, 0.0, 0.0
20210327233528.43, 121.8, 0.0, 0.0
20210327233529.48, 121.8, 0.0, 0.0
20210327233530.57, 121.8, 0.0, 0.0
20210327233531.61, 121.7, 0.0, 0.0
20210327233532.69, 121.7, 0.0, 0.0
20210327233533.75, 121.9, 0.0, 0.0
20210327233534.88, 121.9, 0.0, 0.0
20210327233535.95, 121.8, 0.0, 0.0
20210327233537.06, 121.8, 0.0, 0.0
20210327233538.11, 121.9, 0.0, 0.0
20210327233539.18, 121.9, 0.0, 0.0
20210327233540.28, 121.8, 0.0, 0.0
20210327233541.4, 121.8, 0.0, 0.0
20210327233542.45, 121.8, 0.0, 0.0
20210327233543.49, 121.8, 0.0, 0.0
20210327233544.53, 121.8, 0.0, 0.0
20210327233545.65, 121.8, 0.0, 0.0
20210327233546.7, 121.8, 0.0, 0.0
20210327233547.75, 121.8, 0.0, 0.0
20210327233548.8, 121.8, 0.0, 0.0
20210327233550.01, 121.8, 0.0, 0.0
20210327233551.07, 121.8, 0.0, 0.0
20210327233552.19, 121.8, 0.0, 0.0
20210327233553.28, 121.8, 0.0, 0.0
20210327233554.37, 121.8, 0.0, 0.0
20210327233555.41, 121.8, 0.0, 0.0
20210327233556.49, 121.8, 0.0, 0.0
20210327233557.54, 121.8, 0.0, 0.0
20210327233558.66, 121.8, 0.0, 0.0
20210327233559.75, 121.8, 0.0, 0.0
20210327233600.84, 121.8, 0.0, 0.0
20210327233601.96, 121.8, 0.0, 0.0
20210327233603.08, 121.8, 0.0, 0.0
20210327233604.18, 121.8, 0.0, 0.0
20210327233605.23, 121.7, 0.0, 0.0
20210327233606.31, 121.7, 0.0, 0.0
20210327233607.36, 121.7, 0.0, 0.0
20210327233608.41, 121.7, 0.0, 0.0
20210327233609.5, 121.7, 0.0, 0.0
20210327233610.54, 121.8, 0.0, 0.0
20210327233611.59, 121.8, 0.0, 0.0
20210327233612.7, 121.8, 0.0, 0.0
20210327233613.74, 121.8, 0.0, 0.0
20210327233614.87, 121.7, 0.0, 0.0
20210327233615.91, 121.7, 0.0, 0.0
20210327233616.98, 121.7, 0.0, 0.0
20210327233618.02, 121.7, 0.0, 0.0
20210327233619.09, 121.7, 0.0, 0.0
20210327233620.16, 121.7, 0.0, 0.0
20210327233621.24, 121.7, 0.0, 0.0
20210327233622.34, 121.7, 0.0, 0.0
20210327233623.4, 121.8, 0.0, 0.0
20210327233624.49, 121.8, 0.0, 0.0
20210327233625.54, 121.9, 0.0, 0.0
20210327233626.58, 121.9, 0.0, 0.0
20210327233627.65, 121.8, 0.0, 0.0
20210327233628.77, 121.8, 0.0, 0.0
20210327233629.81, 121.8, 0.0, 0.0
20210327233630.96, 121.8, 0.0, 0.0
20210327233632.0, 121.8, 0.0, 0.0
20210327233633.04, 121.8, 0.0, 0.0
20210327233634.14, 121.8, 0.0, 0.0
20210327233635.18, 121.8, 0.0, 0.0
20210327233636.24, 121.8, 0.0, 0.0
20210327233637.32, 121.8, 0.0, 0.0
20210327233638.43, 121.8, 0.0, 0.0
20210327233639.48, 121.8, 0.0, 0.0
20210327233640.54, 121.8, 0.0, 0.0
20210327233641.61, 121.8, 0.0, 0.0
20210327233642.71, 121.8, 0.0, 0.0
20210327233643.77, 121.8, 0.0, 0.0
20210327233644.88, 121.8, 0.0, 0.0
20210327233646.0, 121.9, 0.0, 0.0
20210327233647.05, 121.9, 0.0, 0.0
20210327233648.11, 121.9, 0.0, 0.0
20210327233649.24, 121.9, 0.0, 0.0
20210327233650.29, 121.8, 0.0, 0.0
20210327233651.41, 121.8, 0.0, 0.0
20210327233652.54, 121.9, 0.0, 0.0
20210327233653.64, 121.9, 0.0, 0.0
20210327233654.73, 121.9, 0.0, 0.0
20210327233655.79, 121.8, 0.0, 0.0
20210327233656.93, 121.8, 0.0, 0.0
20210327233658.05, 121.8, 0.0, 0.0
20210327233659.17, 121.8, 0.0, 0.0
20210327233700.22, 121.9, 0.0, 0.0
20210327233701.36, 121.9, 0.0, 0.0
20210327233702.46, 121.8, 0.0, 0.0
20210327233703.53, 121.8, 0.0, 0.0
20210327233704.63, 121.8, 0.0, 0.0
20210327233705.69, 121.8, 0.0, 0.0
20210327233706.77, 121.8, 0.0, 0.0
20210327233707.91, 121.8, 0.0, 0.0
20210327233708.98, 121.9, 0.0, 0.0
20210327233710.13, 121.9, 0.0, 0.0
20210327233711.23, 121.9, 0.0, 0.0
20210327233712.36, 121.8, 0.0, 0.0
20210327233713.49, 121.8, 0.0, 0.0
20210327233714.62, 121.9, 0.0, 0.0
20210327233715.73, 121.9, 0.0, 0.0
20210327233716.77, 121.9, 0.0, 0.0
20210327233717.93, 121.9, 0.0, 0.0
20210327233719.05, 121.8, 0.0, 0.0
20210327233720.17, 121.8, 0.0, 0.0
20210327233721.3, 121.8, 0.0, 0.0
20210327233722.39, 121.8, 0.0, 0.0
20210327233723.57, 121.8, 0.0, 0.0
20210327233724.67, 121.8, 0.0, 0.0
20210327233725.81, 121.8, 0.0, 0.0
20210327233726.91, 121.8, 0.0, 0.0
20210327233728.04, 121.8, 0.0, 0.0
20210327233729.16, 121.8, 0.0, 0.0
20210327233730.25, 121.8, 0.0, 0.0
20210327233731.37, 121.8, 0.0, 0.0
20210327233732.49, 121.8, 0.0, 0.0
20210327233733.57, 121.8, 0.0, 0.0
20210327233734.7, 121.8, 0.0, 0.0
20210327233735.82, 121.8, 0.0, 0.0
20210327233736.95, 121.8, 0.0, 0.0
20210327233738.04, 121.8, 0.0, 0.0
20210327233739.17, 121.9, 0.0, 0.0
20210327233740.26, 121.9, 0.0, 0.0
20210327233741.39, 121.8, 0.0, 0.0
20210327233742.48, 121.8, 0.0, 0.0
20210327233743.59, 121.8, 0.0, 0.0
20210327233744.68, 121.8, 0.0, 0.0
20210327233745.76, 121.8, 0.0, 0.0
20210327233746.89, 121.8, 0.0, 0.0
20210327233748.02, 121.8, 0.0, 0.0
20210327233749.13, 121.8, 0.0, 0.0
20210327233750.28, 121.9, 0.0, 0.0
20210327233751.34, 121.9, 0.0, 0.0
20210327233752.4, 121.9, 0.0, 0.0
20210327233753.45, 121.9, 0.0, 0.0
20210327233754.55, 121.9, 0.0, 0.0
20210327233755.67, 121.9, 0.0, 0.0
20210327233756.82, 121.9, 0.0, 0.0
20210327233757.93, 121.8, 0.0, 0.0
20210327233759.08, 121.8, 0.0, 0.0
20210327233800.2, 121.8, 0.0, 0.0
20210327233801.25, 121.8, 0.0, 0.0
20210327233802.32, 121.8, 0.0, 0.0
20210327233803.43, 121.8, 0.0, 0.0
20210327233804.54, 121.9, 0.0, 0.0
20210327233805.73, 121.8, 0.0, 0.0
20210327233806.78, 121.8, 0.0, 0.0
20210327233807.91, 121.8, 0.0, 0.0
20210327233809.03, 121.8, 0.0, 0.0
20210327233810.12, 121.9, 0.0, 0.0
20210327233811.23, 121.9, 0.0, 0.0
20210327233812.33, 121.8, 0.0, 0.0
20210327233813.43, 121.8, 0.0, 0.0
20210327233814.54, 121.8, 0.0, 0.0
20210327233815.63, 121.8, 0.0, 0.0
20210327233816.74, 121.8, 0.0, 0.0
20210327233817.79, 121.8, 0.0, 0.0
20210327233818.86, 121.9, 0.0, 0.0
20210327233819.93, 121.9, 0.0, 0.0
20210327233821.05, 121.9, 0.0, 0.0
20210327233822.21, 122.0, 0.0, 0.0
20210327233823.27, 122.0, 0.0, 0.0
20210327233824.34, 121.9, 0.0, 0.0
20210327233825.48, 121.9, 0.0, 0.0
20210327233826.58, 121.9, 0.0, 0.0
20210327233827.69, 121.9, 0.0, 0.0
20210327233828.8, 121.8, 0.0, 0.0
20210327233829.91, 121.8, 0.0, 0.0
20210327233831.02, 121.9, 0.0, 0.0
20210327233832.11, 121.9, 0.0, 0.0
20210327233833.2, 121.9, 0.0, 0.0
20210327233834.28, 121.9, 0.0, 0.0
20210327233835.38, 121.9, 0.0, 0.0
20210327233836.46, 121.9, 0.0, 0.0
20210327233837.63, 121.9, 0.0, 0.0
20210327233838.71, 121.9, 0.0, 0.0
20210327233839.79, 121.9, 0.0, 0.0
20210327233840.84, 121.9, 0.0, 0.0
20210327233841.88, 121.9, 0.0, 0.0
20210327233842.98, 121.8, 0.0, 0.0
20210327233844.08, 121.8, 0.0, 0.0
20210327233845.21, 121.8, 0.0, 0.0
20210327233846.25, 121.8, 0.0, 0.0
20210327233847.38, 121.8, 0.0, 0.0
20210327233848.47, 121.8, 0.0, 0.0
20210327233849.54, 121.8, 0.0, 0.0
20210327233850.66, 121.8, 0.0, 0.0
20210327233851.79, 121.8, 0.0, 0.0
20210327233852.84, 121.8, 0.0, 0.0
20210327233853.98, 121.9, 0.0, 0.0
20210327233855.18, 121.9, 0.0, 0.0
20210327233856.23, 121.9, 0.0, 0.0
20210327233857.32, 121.9, 0.0, 0.0
20210327233858.46, 121.9, 0.0, 0.0
20210327233859.56, 121.9, 0.0, 0.0
20210327233900.68, 121.9, 0.0, 0.0
20210327233901.82, 121.9, 0.0, 0.0
20210327233902.95, 121.9, 0.0, 0.0
20210327233904.07, 121.9, 0.0, 0.0
20210327233905.21, 121.9, 0.0, 0.0
20210327233906.25, 121.8, 0.0, 0.0
20210327233907.33, 121.8, 0.0, 0.0
20210327233908.37, 121.9, 0.0, 0.0
20210327233909.41, 121.9, 0.0, 0.0
20210327233910.46, 121.9, 0.0, 0.0
20210327233911.51, 121.9, 0.0, 0.0
20210327233912.61, 121.9, 0.0, 0.0
20210327233913.65, 121.9, 0.0, 0.0
20210327233914.69, 121.9, 0.0, 0.0
20210327233915.73, 121.9, 0.0, 0.0
20210327233916.78, 121.9, 0.0, 0.0
20210327233917.82, 121.9, 0.0, 0.0
20210327233918.88, 121.9, 0.0, 0.0
20210327233919.91, 121.8, 0.0, 0.0
20210327233921.03, 121.8, 0.0, 0.0
20210327233922.13, 121.9, 0.0, 0.0
20210327233923.24, 121.9, 0.0, 0.0
20210327233924.29, 121.9, 0.0, 0.0
20210327233925.44, 121.9, 0.0, 0.0
20210327233926.54, 121.9, 0.0, 0.0
20210327233927.68, 121.9, 0.0, 0.0
20210327233928.78, 121.9, 0.0, 0.0
20210327233929.9, 121.9, 0.0, 0.0
20210327233930.98, 121.9, 0.0, 0.0
20210327233932.07, 121.9, 0.0, 0.0
20210327233933.18, 121.9, 0.0, 0.0
20210327233934.23, 121.9, 0.0, 0.0
20210327233935.34, 121.9, 0.0, 0.0
20210327233936.47, 121.9, 0.0, 0.0
20210327233937.56, 121.9, 0.0, 0.0
20210327233938.68, 121.9, 0.0, 0.0
20210327233939.79, 121.9, 0.0, 0.0
20210327233940.91, 121.9, 0.0, 0.0
20210327233942.03, 121.9, 0.0, 0.0
20210327233943.16, 121.9, 0.0, 0.0
20210327233944.25, 121.9, 0.0, 0.0
20210327233945.36, 121.9, 0.0, 0.0
20210327233946.53, 121.9, 0.0, 0.0
20210327233947.59, 121.9, 0.0, 0.0
20210327233948.7, 121.9, 0.0, 0.0
20210327233949.81, 121.9, 0.0, 0.0
20210327233950.91, 121.9, 0.0, 0.0
20210327233951.96, 121.9, 0.0, 0.0
20210327233953.09, 121.9, 0.0, 0.0
20210327233954.16, 121.9, 0.0, 0.0
20210327233955.27, 121.9, 0.0, 0.0
20210327233956.39, 121.9, 0.0, 0.0
20210327233957.5, 121.9, 0.0, 0.0
20210327233958.64, 121.9, 0.0, 0.0
20210327233959.74, 121.9, 0.0, 0.0
20210327234000.86, 121.9, 0.0, 0.0
20210327234001.96, 121.9, 0.0, 0.0
20210327234003.06, 121.9, 0.0, 0.0
20210327234004.18, 121.9, 0.0, 0.0
20210327234005.23, 121.9, 0.0, 0.0
20210327234006.29, 121.9, 0.0, 0.0
20210327234007.42, 121.9, 0.0, 0.0
20210327234008.5, 121.9, 0.0, 0.0
20210327234009.61, 121.9, 0.0, 0.0
20210327234010.69, 121.9, 0.0, 0.0
20210327234011.82, 121.9, 0.0, 0.0
20210327234012.92, 121.9, 0.0, 0.0
20210327234014.05, 121.9, 0.0, 0.0
20210327234015.18, 121.9, 0.0, 0.0
20210327234016.22, 121.9, 0.0, 0.0
20210327234017.33, 121.9, 0.0, 0.0
20210327234018.41, 121.9, 0.0, 0.0
20210327234019.51, 121.9, 0.0, 0.0
20210327234020.58, 121.9, 0.0, 0.0
20210327234021.7, 121.9, 0.0, 0.0
20210327234022.84, 121.9, 0.0, 0.0
20210327234023.96, 121.9, 0.0, 0.0
20210327234025.06, 121.9, 0.0, 0.0
20210327234026.18, 121.9, 0.0, 0.0
20210327234027.32, 121.9, 0.0, 0.0
20210327234028.46, 121.9, 0.0, 0.0
20210327234029.71, 121.9, 0.0, 0.0
20210327234030.8, 121.9, 0.0, 0.0
20210327234031.95, 121.9, 0.0, 0.0
20210327234033.08, 121.9, 0.0, 0.0
20210327234034.14, 121.9, 0.0, 0.0
20210327234035.22, 121.9, 0.0, 0.0
20210327234036.27, 121.9, 0.0, 0.0
20210327234037.38, 121.9, 0.0, 0.0
20210327234038.48, 121.9, 0.0, 0.0
20210327234039.63, 121.9, 0.0, 0.0
20210327234040.76, 121.9, 0.0, 0.0
20210327234041.9, 121.9, 0.0, 0.0
20210327234043.06, 121.9, 0.0, 0.0
20210327234044.18, 121.8, 0.0, 0.0
20210327234045.32, 121.8, 0.0, 0.0
20210327234046.44, 121.9, 0.0, 0.0
20210327234047.53, 121.9, 0.0, 0.0
20210327234048.65, 121.9, 0.0, 0.0
20210327234049.71, 121.9, 0.0, 0.0
20210327234050.84, 121.9, 0.0, 0.0
20210327234051.98, 121.9, 0.0, 0.0
20210327234053.08, 121.9, 0.0, 0.0
20210327234054.2, 121.9, 0.0, 0.0
20210327234055.31, 121.9, 0.0, 0.0
20210327234056.42, 121.9, 0.0, 0.0
20210327234057.49, 121.9, 0.0, 0.0
20210327234058.62, 121.9, 0.0, 0.0
20210327234059.72, 121.9, 0.0, 0.0
20210327234100.76, 121.9, 0.0, 0.0
20210327234101.86, 121.9, 0.0, 0.0
20210327234102.98, 121.9, 0.0, 0.0
20210327234104.05, 121.9, 0.0, 0.0
20210327234105.11, 121.9, 0.0, 0.0
20210327234106.2, 121.9, 0.0, 0.0
20210327234107.34, 121.9, 0.0, 0.0
20210327234108.48, 121.9, 0.0, 0.0
20210327234109.55, 121.9, 0.0, 0.0
20210327234110.66, 121.9, 0.0, 0.0
20210327234111.86, 121.9, 0.0, 0.0
20210327234113.0, 121.9, 0.0, 0.0
20210327234114.09, 121.9, 0.0, 0.0
20210327234115.21, 122.0, 0.0, 0.0
20210327234116.28, 122.0, 0.0, 0.0
20210327234117.4, 121.9, 0.0, 0.0
20210327234118.51, 121.9, 0.0, 0.0
20210327234119.64, 121.9, 0.0, 0.0
20210327234120.71, 121.9, 0.0, 0.0
20210327234121.8, 121.9, 0.0, 0.0
20210327234122.9, 121.9, 0.0, 0.0
20210327234124.02, 121.9, 0.0, 0.0
20210327234125.23, 121.9, 0.0, 0.0
20210327234126.29, 121.9, 0.0, 0.0
20210327234127.38, 121.9, 0.0, 0.0
20210327234128.5, 121.9, 0.0, 0.0
20210327234129.59, 121.9, 0.0, 0.0
20210327234130.66, 121.9, 0.0, 0.0
20210327234131.8, 121.9, 0.0, 0.0
20210327234132.88, 121.9, 0.0, 0.0
20210327234134.01, 121.8, 0.0, 0.0
20210327234135.13, 121.8, 0.0, 0.0
20210327234136.21, 121.8, 0.0, 0.0
20210327234137.33, 121.8, 0.0, 0.0
20210327234138.46, 121.9, 0.0, 0.0
20210327234139.57, 121.9, 0.0, 0.0
20210327234140.68, 121.9, 0.0, 0.0
20210327234141.77, 121.8, 0.0, 0.0
20210327234142.88, 121.8, 0.0, 0.0
20210327234143.98, 121.8, 0.0, 0.0
20210327234145.13, 121.8, 0.0, 0.0
20210327234146.22, 121.8, 0.0, 0.0
20210327234147.38, 121.8, 0.0, 0.0
20210327234148.5, 121.8, 0.0, 0.0
20210327234149.64, 121.8, 0.0, 0.0
20210327234150.72, 121.8, 0.0, 0.0
20210327234151.98, 121.8, 0.0, 0.0
20210327234153.04, 121.8, 0.0, 0.0
20210327234154.17, 121.8, 0.0, 0.0
20210327234155.29, 121.8, 0.0, 0.0
20210327234156.39, 121.8, 0.0, 0.0
20210327234157.5, 121.8, 0.0, 0.0
20210327234158.63, 121.8, 0.0, 0.0
20210327234159.75, 121.8, 0.0, 0.0
20210327234200.83, 121.8, 0.0, 0.0
20210327234201.96, 121.8, 0.0, 0.0
20210327234203.09, 121.8, 0.0, 0.0
20210327234204.32, 121.8, 0.0, 0.0
20210327234205.47, 121.8, 0.0, 0.0
20210327234206.5, 121.8, 0.0, 0.0
20210327234207.56, 121.8, 0.0, 0.0
20210327234208.7, 121.8, 0.0, 0.0
20210327234209.83, 121.8, 0.0, 0.0
20210327234210.94, 121.9, 0.0, 0.0
20210327234212.06, 121.9, 0.0, 0.0
20210327234213.18, 121.8, 0.0, 0.0
20210327234214.24, 121.8, 0.0, 0.0
20210327234215.31, 121.8, 0.0, 0.0
20210327234216.36, 121.8, 0.0, 0.0
20210327234217.48, 121.9, 0.0, 0.0
20210327234218.7, 121.9, 0.0, 0.0
20210327234219.78, 121.9, 0.0, 0.0
20210327234220.91, 121.9, 0.0, 0.0
20210327234222.04, 121.9, 0.0, 0.0
20210327234223.09, 121.9, 0.0, 0.0
20210327234224.19, 121.9, 0.0, 0.0
20210327234225.25, 121.8, 0.0, 0.0
20210327234226.34, 121.8, 0.0, 0.0
20210327234227.47, 121.7, 0.0, 0.0
20210327234228.55, 121.7, 0.0, 0.0
20210327234229.68, 121.8, 0.0, 0.0
20210327234230.75, 121.8, 0.0, 0.0
20210327234231.86, 121.8, 0.0, 0.0
20210327234233.1, 121.8, 0.0, 0.0
20210327234234.16, 121.8, 0.0, 0.0
20210327234235.28, 121.8, 0.0, 0.0
20210327234236.41, 121.8, 0.0, 0.0
20210327234237.52, 121.8, 0.0, 0.0
20210327234238.59, 121.8, 0.0, 0.0
20210327234239.7, 121.8, 0.0, 0.0
20210327234240.77, 121.8, 0.0, 0.0
20210327234241.88, 121.8, 0.0, 0.0
20210327234242.93, 121.8, 0.0, 0.0
20210327234244.0, 121.9, 0.0, 0.0
20210327234245.14, 121.9, 0.0, 0.0
20210327234246.25, 121.8, 0.0, 0.0
20210327234247.3, 121.8, 0.0, 0.0
20210327234248.42, 121.9, 0.0, 0.0
20210327234249.57, 121.8, 0.0, 0.0
20210327234250.68, 121.8, 0.0, 0.0
20210327234251.82, 121.9, 0.0, 0.0
20210327234252.91, 121.9, 0.0, 0.0
20210327234254.02, 121.8, 0.0, 0.0
20210327234255.12, 121.8, 0.0, 0.0
20210327234256.18, 121.8, 0.0, 0.0
20210327234257.25, 121.8, 0.0, 0.0
20210327234258.36, 121.9, 0.0, 0.0
20210327234259.5, 121.9, 0.0, 0.0
20210327234300.63, 121.8, 0.0, 0.0
20210327234301.75, 121.8, 0.0, 0.0
20210327234302.93, 121.9, 0.0, 0.0
20210327234304.04, 121.8, 0.0, 0.0
20210327234305.17, 121.8, 0.0, 0.0
20210327234306.26, 121.9, 0.0, 0.0
20210327234307.39, 121.9, 0.0, 0.0
20210327234308.52, 121.9, 0.0, 0.0
20210327234309.62, 121.9, 0.0, 0.0
20210327234310.72, 121.9, 0.0, 0.0
20210327234311.86, 121.9, 0.0, 0.0
20210327234312.97, 121.9, 0.0, 0.0
20210327234314.12, 121.9, 0.0, 0.0
20210327234315.17, 121.9, 0.0, 0.0
20210327234316.27, 121.9, 0.0, 0.0
20210327234317.4, 121.9, 0.0, 0.0
20210327234318.53, 121.9, 0.0, 0.0
20210327234319.61, 121.9, 0.0, 0.0
20210327234320.72, 121.9, 0.0, 0.0
20210327234321.79, 121.9, 0.0, 0.0
20210327234322.83, 121.9, 0.0, 0.0
20210327234323.93, 121.9, 0.0, 0.0
20210327234325.04, 121.9, 0.0, 0.0
20210327234326.16, 121.9, 0.0, 0.0
20210327234327.23, 121.9, 0.0, 0.0
20210327234328.31, 121.9, 0.0, 0.0
20210327234329.44, 121.9, 0.0, 0.0
20210327234330.57, 121.9, 0.0, 0.0
20210327234331.67, 121.9, 0.0, 0.0
20210327234332.77, 121.9, 0.0, 0.0
20210327234333.84, 121.9, 0.0, 0.0
20210327234334.95, 121.9, 0.0, 0.0
20210327234336.05, 121.9, 0.0, 0.0
20210327234337.14, 121.8, 0.0, 0.0
20210327234338.23, 121.8, 0.0, 0.0
20210327234339.31, 121.8, 0.0, 0.0
20210327234340.46, 121.8, 0.0, 0.0
20210327234341.53, 121.8, 0.0, 0.0
20210327234342.66, 121.8, 0.0, 0.0
20210327234343.74, 121.9, 0.0, 0.0
20210327234344.88, 121.9, 0.0, 0.0
20210327234345.96, 121.9, 0.0, 0.0
20210327234347.16, 121.9, 0.0, 0.0
20210327234348.21, 121.9, 0.0, 0.0
20210327234349.34, 121.8, 0.0, 0.0
20210327234350.43, 121.8, 0.0, 0.0
20210327234351.57, 121.8, 0.0, 0.0
20210327234352.67, 121.8, 0.0, 0.0
20210327234353.75, 121.9, 0.0, 0.0
20210327234354.88, 121.9, 0.0, 0.0
20210327234355.96, 121.9, 0.0, 0.0
20210327234357.08, 121.9, 0.0, 0.0
20210327234358.2, 121.9, 0.0, 0.0
20210327234359.25, 121.9, 0.0, 0.0
20210327234400.38, 121.9, 0.0, 0.0
20210327234401.44, 121.9, 0.0, 0.0
20210327234402.56, 121.9, 0.0, 0.0
20210327234403.66, 121.9, 0.0, 0.0
20210327234404.77, 121.9, 0.0, 0.0
20210327234405.87, 121.8, 0.0, 0.0
20210327234406.99, 121.8, 0.0, 0.0
20210327234408.1, 121.9, 0.0, 0.0
20210327234409.21, 121.9, 0.0, 0.0
20210327234410.3, 121.9, 0.0, 0.0
20210327234411.41, 121.9, 0.0, 0.0
20210327234412.48, 121.9, 0.0, 0.0
20210327234413.61, 121.9, 0.0, 0.0
20210327234414.65, 121.9, 0.0, 0.0
20210327234415.94, 121.9, 0.0, 0.0
20210327234417.0, 121.9, 0.0, 0.0
20210327234418.12, 121.9, 0.0, 0.0
20210327234419.23, 121.9, 0.0, 0.0
20210327234420.3, 121.9, 0.0, 0.0
20210327234421.42, 121.9, 0.0, 0.0
20210327234422.51, 122.0, 0.0, 0.0
20210327234423.61, 122.0, 0.0, 0.0
20210327234424.72, 121.9, 0.0, 0.0
20210327234425.81, 121.9, 0.0, 0.0
20210327234426.96, 122.0, 0.0, 0.0
20210327234428.01, 122.0, 0.0, 0.0
20210327234429.14, 122.0, 0.0, 0.0
20210327234430.25, 122.0, 0.0, 0.0
20210327234431.4, 122.0, 0.0, 0.0
20210327234432.46, 122.0, 0.0, 0.0
20210327234433.55, 122.0, 0.0, 0.0
20210327234434.66, 122.0, 0.0, 0.0
20210327234435.73, 122.0, 0.0, 0.0
20210327234436.86, 121.9, 0.0, 0.0
20210327234437.97, 121.9, 0.0, 0.0
20210327234439.06, 121.9, 0.0, 0.0
20210327234440.18, 121.9, 0.0, 0.0
20210327234441.27, 121.9, 0.0, 0.0
20210327234442.32, 121.9, 0.0, 0.0
20210327234443.42, 121.8, 0.0, 0.0
20210327234444.54, 121.8, 0.0, 0.0
20210327234445.62, 121.9, 0.0, 0.0
20210327234446.67, 121.9, 0.0, 0.0
20210327234447.78, 121.8, 0.0, 0.0
20210327234448.9, 121.8, 0.0, 0.0
20210327234449.98, 121.8, 0.0, 0.0
20210327234451.11, 121.9, 0.0, 0.0
20210327234452.2, 121.9, 0.0, 0.0
20210327234453.32, 121.9, 0.0, 0.0
20210327234454.38, 121.9, 0.0, 0.0
20210327234455.51, 121.9, 0.0, 0.0
20210327234456.61, 121.9, 0.0, 0.0
20210327234457.74, 121.9, 0.0, 0.0
20210327234458.87, 121.9, 0.0, 0.0
20210327234459.98, 121.9, 0.0, 0.0
20210327234501.05, 121.9, 0.0, 0.0
20210327234502.18, 121.9, 0.0, 0.0
20210327234503.28, 121.9, 0.0, 0.0
20210327234504.34, 121.9, 0.0, 0.0
20210327234505.43, 121.9, 0.0, 0.0
20210327234506.51, 121.9, 0.0, 0.0
20210327234507.59, 121.9, 0.0, 0.0
20210327234508.72, 121.9, 0.0, 0.0
20210327234509.81, 121.9, 0.0, 0.0
20210327234510.96, 121.9, 0.0, 0.0
20210327234512.06, 122.0, 0.0, 0.0
20210327234513.16, 122.0, 0.0, 0.0
20210327234514.24, 121.9, 0.0, 0.0
20210327234515.38, 121.9, 0.0, 0.0
20210327234516.5, 121.9, 0.0, 0.0
20210327234517.61, 121.9, 0.0, 0.0
20210327234518.74, 121.9, 0.0, 0.0
20210327234519.88, 121.9, 0.0, 0.0
20210327234520.97, 121.9, 0.0, 0.0
20210327234522.04, 121.8, 0.0, 0.0
20210327234523.18, 121.8, 0.0, 0.0
20210327234524.25, 121.8, 0.0, 0.0
20210327234525.3, 121.8, 0.0, 0.0
20210327234526.36, 121.8, 0.0, 0.0
20210327234527.48, 121.8, 0.0, 0.0
20210327234528.58, 121.8, 0.0, 0.0
20210327234529.64, 121.8, 0.0, 0.0
20210327234530.71, 121.8, 0.0, 0.0
20210327234531.84, 121.8, 0.0, 0.0
20210327234532.9, 121.8, 0.0, 0.0
20210327234534.02, 121.8, 0.0, 0.0
20210327234535.18, 121.9, 0.0, 0.0
20210327234536.25, 121.8, 0.0, 0.0
20210327234537.38, 121.8, 0.0, 0.0
20210327234538.51, 121.9, 0.0, 0.0
20210327234539.59, 121.9, 0.0, 0.0
20210327234540.69, 121.9, 0.0, 0.0
20210327234541.75, 121.9, 0.0, 0.0
20210327234542.82, 122.0, 0.0, 0.0
20210327234543.88, 122.0, 0.0, 0.0
20210327234544.91, 121.9, 0.0, 0.0
20210327234545.96, 121.9, 0.0, 0.0
20210327234547.0, 122.0, 0.0, 0.0
20210327234548.09, 122.0, 0.0, 0.0
20210327234549.14, 121.9, 0.0, 0.0
20210327234550.21, 121.9, 0.0, 0.0
20210327234551.25, 121.9, 0.0, 0.0
20210327234552.31, 121.9, 0.0, 0.0
20210327234553.4, 121.9, 0.0, 0.0
20210327234554.52, 121.9, 0.0, 0.0
20210327234555.61, 121.9, 0.0, 0.0
20210327234556.71, 121.9, 0.0, 0.0
20210327234557.8, 121.9, 0.0, 0.0
20210327234558.94, 121.9, 0.0, 0.0
20210327234600.02, 121.9, 0.0, 0.0
20210327234601.07, 121.9, 0.0, 0.0
20210327234602.18, 121.9, 0.0, 0.0
20210327234603.23, 121.9, 0.0, 0.0
20210327234604.27, 121.9, 0.0, 0.0
20210327234605.39, 121.9, 0.0, 0.0
20210327234606.46, 121.9, 0.0, 0.0
20210327234607.58, 121.9, 0.0, 0.0
20210327234608.7, 121.9, 0.0, 0.0
20210327234609.83, 121.9, 0.0, 0.0
20210327234610.95, 121.9, 0.0, 0.0
20210327234612.05, 121.9, 0.0, 0.0
20210327234613.18, 121.8, 0.0, 0.0
20210327234614.23, 121.8, 0.0, 0.0
20210327234615.26, 121.8, 0.0, 0.0
20210327234616.31, 121.8, 0.0, 0.0
20210327234617.35, 121.8, 0.0, 0.0
20210327234618.42, 121.8, 0.0, 0.0
20210327234619.52, 121.9, 0.0, 0.0
20210327234620.66, 121.9, 0.0, 0.0
20210327234621.72, 121.9, 0.0, 0.0
20210327234622.88, 121.9, 0.0, 0.0
20210327234623.98, 121.9, 0.0, 0.0
20210327234625.06, 121.9, 0.0, 0.0
20210327234626.14, 121.9, 0.0, 0.0
20210327234627.3, 121.9, 0.0, 0.0
20210327234628.34, 121.9, 0.0, 0.0
20210327234629.39, 121.9, 0.0, 0.0
20210327234630.46, 121.9, 0.0, 0.0
20210327234631.55, 121.9, 0.0, 0.0
20210327234632.68, 121.9, 0.0, 0.0
20210327234633.73, 121.9, 0.0, 0.0
20210327234634.84, 121.9, 0.0, 0.0
20210327234635.91, 121.9, 0.0, 0.0
20210327234636.97, 121.9, 0.0, 0.0
20210327234638.08, 121.9, 0.0, 0.0
20210327234639.21, 121.9, 0.0, 0.0
20210327234640.28, 121.9, 0.0, 0.0
20210327234641.41, 121.9, 0.0, 0.0
20210327234642.45, 121.9, 0.0, 0.0
20210327234643.5, 121.9, 0.0, 0.0
20210327234644.6, 121.9, 0.0, 0.0
20210327234645.72, 121.9, 0.0, 0.0
20210327234646.8, 122.0, 0.0, 0.0
20210327234647.92, 122.0, 0.0, 0.0
20210327234648.97, 122.0, 0.0, 0.0
20210327234650.05, 121.9, 0.0, 0.0
20210327234651.25, 121.9, 0.0, 0.0
20210327234652.36, 121.9, 0.0, 0.0
20210327234653.5, 121.9, 0.0, 0.0
20210327234654.61, 121.9, 0.0, 0.0
20210327234655.75, 121.9, 0.0, 0.0
20210327234656.86, 121.8, 0.0, 0.0
20210327234657.97, 121.8, 0.0, 0.0
20210327234659.06, 121.9, 0.0, 0.0
20210327234700.14, 121.9, 0.0, 0.0
20210327234701.27, 121.8, 0.0, 0.0
20210327234702.42, 121.8, 0.0, 0.0
20210327234703.55, 121.8, 0.0, 0.0
20210327234704.69, 121.8, 0.0, 0.0
20210327234705.81, 121.8, 0.0, 0.0
20210327234706.85, 121.8, 0.0, 0.0
20210327234707.89, 121.8, 0.0, 0.0
20210327234708.95, 121.8, 0.0, 0.0
20210327234710.07, 121.8, 0.0, 0.0
20210327234711.2, 121.9, 0.0, 0.0
20210327234712.3, 121.9, 0.0, 0.0
20210327234713.39, 121.8, 0.0, 0.0
20210327234714.49, 121.8, 0.0, 0.0
20210327234715.62, 121.9, 0.0, 0.0
20210327234716.71, 121.9, 0.0, 0.0
20210327234717.75, 121.8, 0.0, 0.0
20210327234718.84, 121.8, 0.0, 0.0
20210327234719.94, 121.8, 0.0, 0.0
20210327234721.06, 121.8, 0.0, 0.0
20210327234722.16, 121.8, 0.0, 0.0
20210327234723.26, 121.8, 0.0, 0.0
20210327234724.31, 121.8, 0.0, 0.0
20210327234725.42, 121.8, 0.0, 0.0
20210327234726.52, 121.8, 0.0, 0.0
20210327234727.57, 121.8, 0.0, 0.0
20210327234728.7, 121.8, 0.0, 0.0
20210327234729.8, 121.8, 0.0, 0.0
20210327234730.89, 121.8, 0.0, 0.0
20210327234731.96, 121.8, 0.0, 0.0
20210327234733.11, 121.8, 0.0, 0.0
20210327234734.19, 121.9, 0.0, 0.0
20210327234735.31, 121.9, 0.0, 0.0
20210327234736.38, 121.9, 0.0, 0.0
20210327234737.43, 121.9, 0.0, 0.0
20210327234738.54, 121.9, 0.0, 0.0
20210327234739.58, 121.9, 0.0, 0.0
20210327234740.64, 121.9, 0.0, 0.0
20210327234741.68, 121.9, 0.0, 0.0
20210327234742.79, 121.9, 0.0, 0.0
20210327234743.85, 121.9, 0.0, 0.0
20210327234744.97, 121.9, 0.0, 0.0
20210327234746.07, 121.8, 0.0, 0.0
20210327234747.15, 121.8, 0.0, 0.0
20210327234748.23, 121.8, 0.0, 0.0
20210327234749.29, 121.8, 0.0, 0.0
20210327234750.39, 121.9, 0.0, 0.0
20210327234751.46, 121.9, 0.0, 0.0
20210327234752.5, 121.8, 0.0, 0.0
20210327234753.56, 121.8, 0.0, 0.0
20210327234754.7, 121.8, 0.0, 0.0
20210327234755.84, 121.8, 0.0, 0.0
20210327234756.94, 121.8, 0.0, 0.0
20210327234757.97, 121.8, 0.0, 0.0
20210327234759.05, 121.8, 0.0, 0.0
20210327234800.09, 121.9, 0.0, 0.0
20210327234801.14, 121.9, 0.0, 0.0
20210327234802.24, 121.8, 0.0, 0.0
20210327234803.3, 121.8, 0.0, 0.0
20210327234804.42, 121.8, 0.0, 0.0
20210327234805.52, 121.8, 0.0, 0.0
20210327234806.64, 121.8, 0.0, 0.0
20210327234807.73, 121.8, 0.0, 0.0
20210327234808.81, 121.8, 0.0, 0.0
20210327234809.89, 121.8, 0.0, 0.0
20210327234810.98, 121.8, 0.0, 0.0
20210327234812.06, 121.8, 0.0, 0.0
20210327234813.18, 121.8, 0.0, 0.0
20210327234814.25, 121.8, 0.0, 0.0
20210327234815.29, 121.8, 0.0, 0.0
20210327234816.33, 121.8, 0.0, 0.0
20210327234817.37, 121.8, 0.0, 0.0
20210327234818.41, 121.8, 0.0, 0.0
20210327234819.57, 121.8, 0.0, 0.0
20210327234820.68, 121.8, 0.0, 0.0
20210327234821.79, 121.8, 0.0, 0.0
20210327234822.84, 121.8, 0.0, 0.0
20210327234823.93, 121.8, 0.0, 0.0
20210327234825.04, 121.8, 0.0, 0.0
20210327234826.14, 121.8, 0.0, 0.0
20210327234827.19, 121.8, 0.0, 0.0
20210327234828.23, 121.8, 0.0, 0.0
20210327234829.29, 121.8, 0.0, 0.0
20210327234830.35, 121.8, 0.0, 0.0
20210327234831.42, 121.9, 0.0, 0.0
20210327234832.46, 121.9, 0.0, 0.0
20210327234833.56, 121.9, 0.0, 0.0
20210327234834.61, 121.9, 0.0, 0.0
20210327234835.7, 121.8, 0.0, 0.0
20210327234836.79, 121.8, 0.0, 0.0
20210327234837.88, 121.8, 0.0, 0.0
20210327234839.01, 121.9, 0.0, 0.0
20210327234840.09, 121.9, 0.0, 0.0
20210327234841.18, 121.8, 0.0, 0.0
20210327234842.22, 121.8, 0.0, 0.0
20210327234843.36, 121.9, 0.0, 0.0
20210327234844.5, 121.9, 0.0, 0.0
20210327234845.58, 121.9, 0.0, 0.0
20210327234846.64, 121.9, 0.0, 0.0
20210327234847.71, 121.9, 0.0, 0.0
20210327234848.76, 121.9, 0.0, 0.0
20210327234849.79, 121.9, 0.0, 0.0
20210327234850.91, 121.9, 0.0, 0.0
20210327234852.02, 121.9, 0.0, 0.0
20210327234853.08, 121.9, 0.0, 0.0
20210327234854.17, 121.9, 0.0, 0.0
20210327234855.31, 121.9, 0.0, 0.0
20210327234856.46, 121.9, 0.0, 0.0
20210327234857.53, 121.9, 0.0, 0.0
20210327234858.64, 121.9, 0.0, 0.0
20210327234859.72, 121.9, 0.0, 0.0
20210327234900.85, 121.9, 0.0, 0.0
20210327234901.94, 121.9, 0.0, 0.0
20210327234903.04, 121.9, 0.0, 0.0
20210327234904.1, 121.9, 0.0, 0.0
20210327234905.21, 121.9, 0.0, 0.0
20210327234906.28, 121.8, 0.0, 0.0
20210327234907.36, 121.8, 0.0, 0.0
20210327234908.41, 121.9, 0.0, 0.0
20210327234909.45, 121.9, 0.0, 0.0
20210327234910.54, 121.9, 0.0, 0.0
20210327234911.68, 121.9, 0.0, 0.0
20210327234912.71, 121.9, 0.0, 0.0
20210327234913.81, 121.9, 0.0, 0.0
20210327234914.88, 121.9, 0.0, 0.0
20210327234916.0, 121.8, 0.0, 0.0
20210327234917.09, 121.8, 0.0, 0.0
20210327234918.12, 121.9, 0.0, 0.0
20210327234919.22, 121.9, 0.0, 0.0
20210327234920.26, 121.9, 0.0, 0.0
20210327234921.38, 121.9, 0.0, 0.0
20210327234922.43, 121.9, 0.0, 0.0
20210327234923.54, 121.9, 0.0, 0.0
20210327234924.64, 121.8, 0.0, 0.0
20210327234925.76, 121.8, 0.0, 0.0
20210327234926.89, 121.8, 0.0, 0.0
20210327234927.94, 121.8, 0.0, 0.0
20210327234928.98, 121.8, 0.0, 0.0
20210327234930.03, 121.8, 0.0, 0.0
20210327234931.14, 121.9, 0.0, 0.0
20210327234932.23, 121.9, 0.0, 0.0
20210327234933.27, 121.9, 0.0, 0.0
20210327234934.38, 121.9, 0.0, 0.0
20210327234935.54, 121.9, 0.0, 0.0
20210327234936.68, 121.9, 0.0, 0.0
20210327234937.75, 121.9, 0.0, 0.0
20210327234938.8, 121.9, 0.0, 0.0
20210327234939.84, 121.9, 0.0, 0.0
20210327234940.96, 121.9, 0.0, 0.0
20210327234942.01, 121.9, 0.0, 0.0
20210327234943.12, 121.9, 0.0, 0.0
20210327234944.2, 121.9, 0.0, 0.0
20210327234945.23, 121.9, 0.0, 0.0
20210327234946.29, 121.9, 0.0, 0.0
20210327234947.35, 121.9, 0.0, 0.0
20210327234948.44, 121.9, 0.0, 0.0
20210327234949.56, 121.9, 0.0, 0.0
20210327234950.68, 121.9, 0.0, 0.0
20210327234951.76, 121.9, 0.0, 0.0
20210327234952.98, 121.9, 0.0, 0.0
20210327234954.08, 121.9, 0.0, 0.0
20210327234955.15, 121.9, 0.0, 0.0
20210327234956.2, 121.9, 0.0, 0.0
20210327234957.28, 121.9, 0.0, 0.0
20210327234958.36, 121.9, 0.0, 0.0
20210327234959.4, 121.9, 0.0, 0.0
20210327235000.5, 121.9, 0.0, 0.0
20210327235001.59, 121.9, 0.0, 0.0
20210327235002.73, 121.9, 0.0, 0.0
20210327235003.84, 121.9, 0.0, 0.0
20210327235004.95, 121.9, 0.0, 0.0
20210327235006.08, 121.9, 0.0, 0.0
20210327235007.22, 121.9, 0.0, 0.0
20210327235008.27, 121.9, 0.0, 0.0
20210327235009.42, 121.9, 0.0, 0.0
20210327235010.54, 121.9, 0.0, 0.0
20210327235011.62, 121.9, 0.0, 0.0
20210327235012.67, 121.9, 0.0, 0.0
20210327235013.79, 121.9, 0.0, 0.0
20210327235014.91, 121.9, 0.0, 0.0
20210327235016.02, 121.9, 0.0, 0.0
20210327235017.06, 121.9, 0.0, 0.0
20210327235018.1, 122.0, 0.0, 0.0
20210327235019.19, 122.0, 0.0, 0.0
20210327235020.26, 121.9, 0.0, 0.0
20210327235021.34, 121.9, 0.0, 0.0
20210327235022.47, 121.9, 0.0, 0.0
20210327235023.53, 121.9, 0.0, 0.0
20210327235024.58, 121.9, 0.0, 0.0
20210327235025.7, 121.9, 0.0, 0.0
20210327235026.9, 121.9, 0.0, 0.0
20210327235027.96, 121.9, 0.0, 0.0
20210327235029.07, 121.9, 0.0, 0.0
20210327235030.15, 121.9, 0.0, 0.0
20210327235031.21, 121.9, 0.0, 0.0
20210327235032.25, 121.9, 0.0, 0.0
20210327235033.4, 121.9, 0.0, 0.0
20210327235034.5, 122.0, 0.0, 0.0
20210327235035.56, 122.0, 0.0, 0.0
20210327235036.65, 122.0, 0.0, 0.0
20210327235037.72, 122.0, 0.0, 0.0
20210327235038.81, 121.9, 0.0, 0.0
20210327235039.91, 121.9, 0.0, 0.0
20210327235041.0, 121.9, 0.0, 0.0
20210327235042.11, 121.9, 0.0, 0.0
20210327235043.18, 121.9, 0.0, 0.0
20210327235044.25, 121.9, 0.0, 0.0
20210327235045.41, 121.9, 0.0, 0.0
20210327235046.47, 121.9, 0.0, 0.0
20210327235047.54, 121.9, 0.0, 0.0
20210327235048.66, 121.9, 0.0, 0.0
20210327235049.75, 121.9, 0.0, 0.0
20210327235050.8, 121.9, 0.0, 0.0
20210327235051.91, 121.9, 0.0, 0.0
20210327235053.04, 121.9, 0.0, 0.0
20210327235054.12, 121.9, 0.0, 0.0
20210327235055.24, 121.9, 0.0, 0.0
20210327235056.37, 121.9, 0.0, 0.0
20210327235057.43, 121.8, 0.0, 0.0
20210327235058.48, 121.8, 0.0, 0.0
20210327235059.53, 121.9, 0.0, 0.0
20210327235100.64, 121.9, 0.0, 0.0
20210327235101.71, 121.8, 0.0, 0.0
20210327235102.77, 121.8, 0.0, 0.0
20210327235103.82, 121.8, 0.0, 0.0
20210327235104.87, 121.8, 0.0, 0.0
20210327235105.96, 121.8, 0.0, 0.0
20210327235107.0, 121.9, 0.0, 0.0
20210327235108.05, 121.9, 0.0, 0.0
20210327235109.13, 121.9, 0.0, 0.0
20210327235110.2, 121.9, 0.0, 0.0
20210327235111.28, 121.9, 0.0, 0.0
20210327235112.41, 121.9, 0.0, 0.0
20210327235113.46, 121.9, 0.0, 0.0
20210327235114.54, 121.9, 0.0, 0.0
20210327235115.66, 121.9, 0.0, 0.0
20210327235116.75, 121.9, 0.0, 0.0
20210327235117.81, 121.9, 0.0, 0.0
20210327235118.85, 121.9, 0.0, 0.0
20210327235119.96, 122.0, 0.0, 0.0
20210327235121.07, 122.0, 0.0, 0.0
20210327235122.16, 122.0, 0.0, 0.0
20210327235123.26, 122.0, 0.0, 0.0
20210327235124.37, 121.9, 0.0, 0.0
20210327235125.43, 122.0, 0.0, 0.0
20210327235126.49, 122.0, 0.0, 0.0
20210327235127.57, 122.0, 0.0, 0.0
20210327235128.62, 122.0, 0.0, 0.0
20210327235129.67, 121.9, 0.0, 0.0
20210327235130.8, 121.9, 0.0, 0.0
20210327235131.95, 122.0, 0.0, 0.0
20210327235133.09, 122.0, 0.0, 0.0
20210327235134.13, 121.9, 0.0, 0.0
20210327235135.18, 121.9, 0.0, 0.0
20210327235136.27, 122.0, 0.0, 0.0
20210327235137.38, 122.0, 0.0, 0.0
20210327235138.43, 122.0, 0.0, 0.0
20210327235139.48, 122.0, 0.0, 0.0
20210327235140.59, 121.9, 0.0, 0.0
20210327235141.7, 121.9, 0.0, 0.0
20210327235142.77, 121.9, 0.0, 0.0
20210327235143.91, 121.9, 0.0, 0.0
20210327235144.98, 121.9, 0.0, 0.0
20210327235146.08, 121.9, 0.0, 0.0
20210327235147.23, 121.9, 0.0, 0.0
20210327235148.32, 121.9, 0.0, 0.0
20210327235149.39, 121.9, 0.0, 0.0
20210327235150.49, 121.9, 0.0, 0.0
20210327235151.62, 121.9, 0.0, 0.0
20210327235152.66, 121.9, 0.0, 0.0
20210327235153.74, 121.9, 0.0, 0.0
20210327235154.8, 121.9, 0.0, 0.0
20210327235155.93, 121.9, 0.0, 0.0
20210327235157.05, 121.9, 0.0, 0.0
20210327235158.11, 121.9, 0.0, 0.0
20210327235159.16, 122.0, 0.0, 0.0
20210327235200.2, 122.0, 0.0, 0.0
20210327235201.24, 122.0, 0.0, 0.0
20210327235202.37, 122.1, 0.0, 0.0
20210327235203.46, 122.1, 0.0, 0.0
20210327235204.59, 122.0, 0.0, 0.0
20210327235205.72, 122.0, 0.0, 0.0
20210327235206.86, 122.1, 0.0, 0.0
20210327235207.96, 122.1, 0.0, 0.0
20210327235209.0, 122.0, 0.0, 0.0
20210327235210.16, 122.0, 0.0, 0.0
20210327235211.26, 122.0, 0.0, 0.0
20210327235212.39, 122.0, 0.0, 0.0
20210327235213.5, 122.0, 0.0, 0.0
20210327235214.54, 122.0, 0.0, 0.0
20210327235215.59, 122.1, 0.0, 0.0
20210327235216.68, 122.1, 0.0, 0.0
20210327235217.72, 122.1, 0.0, 0.0
20210327235218.79, 122.1, 0.0, 0.0
20210327235219.88, 122.1, 0.0, 0.0
20210327235220.92, 122.0, 0.0, 0.0
20210327235221.96, 122.0, 0.0, 0.0
20210327235223.0, 122.1, 0.0, 0.0
20210327235224.1, 122.1, 0.0, 0.0
20210327235225.18, 122.1, 0.0, 0.0
20210327235226.23, 122.1, 0.0, 0.0
20210327235227.35, 122.1, 0.0, 0.0
20210327235228.46, 122.1, 0.0, 0.0
20210327235229.54, 122.1, 0.0, 0.0
20210327235230.66, 122.1, 0.0, 0.0
20210327235231.75, 122.1, 0.0, 0.0
20210327235232.79, 122.1, 0.0, 0.0
20210327235233.88, 121.9, 0.0, 0.0
20210327235234.93, 121.9, 0.0, 0.0
20210327235236.01, 121.9, 0.0, 0.0
20210327235237.09, 121.9, 0.0, 0.0
20210327235238.2, 121.9, 0.0, 0.0
20210327235239.29, 121.9, 0.0, 0.0
20210327235240.39, 121.9, 0.0, 0.0
20210327235241.53, 121.9, 0.0, 0.0
20210327235242.64, 121.9, 0.0, 0.0
20210327235243.7, 121.9, 0.0, 0.0
20210327235244.79, 121.9, 0.0, 0.0
20210327235245.93, 121.9, 0.0, 0.0
20210327235246.98, 121.9, 0.0, 0.0
20210327235248.06, 121.9, 0.0, 0.0
20210327235249.12, 121.9, 0.0, 0.0
20210327235250.2, 121.9, 0.0, 0.0
20210327235251.28, 121.9, 0.0, 0.0
20210327235252.33, 121.9, 0.0, 0.0
20210327235253.37, 121.9, 0.0, 0.0
20210327235254.45, 121.8, 0.0, 0.0
20210327235255.55, 121.8, 0.0, 0.0
20210327235256.59, 121.8, 0.0, 0.0
20210327235257.7, 121.8, 0.0, 0.0
20210327235258.76, 121.9, 0.0, 0.0
20210327235259.86, 121.8, 0.0, 0.0
20210327235300.97, 121.8, 0.0, 0.0
20210327235302.02, 121.8, 0.0, 0.0
20210327235303.11, 121.8, 0.0, 0.0
20210327235304.18, 121.8, 0.0, 0.0
20210327235305.3, 121.8, 0.0, 0.0
20210327235306.38, 121.7, 0.0, 0.0
20210327235307.5, 121.7, 0.0, 0.0
20210327235308.61, 121.7, 0.0, 0.0
20210327235309.68, 121.7, 0.0, 0.0
20210327235310.77, 121.8, 0.0, 0.0
20210327235311.85, 121.8, 0.0, 0.0
20210327235312.96, 121.8, 0.0, 0.0
20210327235314.08, 121.8, 0.0, 0.0
20210327235315.2, 121.8, 0.0, 0.0
20210327235316.28, 121.8, 0.0, 0.0
20210327235317.37, 121.8, 0.0, 0.0
20210327235318.48, 121.8, 0.0, 0.0
20210327235319.57, 121.8, 0.0, 0.0
20210327235320.68, 121.8, 0.0, 0.0
20210327235321.75, 121.8, 0.0, 0.0
20210327235322.83, 121.7, 0.0, 0.0
20210327235323.88, 121.7, 0.0, 0.0
20210327235324.95, 121.8, 0.0, 0.0
20210327235326.02, 121.8, 0.0, 0.0
20210327235327.06, 121.8, 0.0, 0.0
20210327235328.12, 121.8, 0.0, 0.0
20210327235329.21, 121.7, 0.0, 0.0
20210327235330.33, 121.7, 0.0, 0.0
20210327235331.39, 121.8, 0.0, 0.0
20210327235332.43, 121.8, 0.0, 0.0
20210327235333.52, 121.7, 0.0, 0.0
20210327235334.81, 121.7, 0.0, 0.0
20210327235335.9, 121.7, 0.0, 0.0
20210327235337.0, 121.7, 0.0, 0.0
20210327235338.1, 121.7, 0.0, 0.0
20210327235339.2, 121.7, 0.0, 0.0
20210327235340.26, 121.7, 0.0, 0.0
20210327235341.36, 121.8, 0.0, 0.0
20210327235342.4, 121.8, 0.0, 0.0
20210327235343.45, 121.8, 0.0, 0.0
20210327235344.51, 121.8, 0.0, 0.0
20210327235345.54, 121.8, 0.0, 0.0
20210327235346.59, 121.8, 0.0, 0.0
20210327235347.64, 121.8, 0.0, 0.0
20210327235348.78, 121.8, 0.0, 0.0
20210327235349.82, 121.7, 0.0, 0.0
20210327235350.93, 121.7, 0.0, 0.0
20210327235352.05, 121.7, 0.0, 0.0
20210327235353.12, 121.7, 0.0, 0.0
20210327235354.17, 121.8, 0.0, 0.0
20210327235355.21, 121.8, 0.0, 0.0
20210327235356.25, 121.8, 0.0, 0.0
20210327235357.35, 121.8, 0.0, 0.0
20210327235358.44, 121.8, 0.0, 0.0
20210327235359.56, 121.8, 0.0, 0.0
20210327235400.66, 121.8, 0.0, 0.0
20210327235401.7, 121.8, 0.0, 0.0
20210327235402.74, 121.8, 0.0, 0.0
20210327235403.78, 121.8, 0.0, 0.0
20210327235404.89, 121.8, 0.0, 0.0
20210327235406.0, 121.8, 0.0, 0.0
20210327235407.1, 121.8, 0.0, 0.0
20210327235408.17, 121.9, 0.0, 0.0
20210327235409.29, 121.9, 0.0, 0.0
20210327235410.33, 121.9, 0.0, 0.0
20210327235411.48, 121.9, 0.0, 0.0
20210327235412.6, 121.8, 0.0, 0.0
20210327235413.84, 121.8, 0.0, 0.0
20210327235414.91, 121.8, 0.0, 0.0
20210327235415.95, 121.7, 0.0, 0.0
20210327235416.99, 121.7, 0.0, 0.0
20210327235418.04, 121.7, 0.0, 0.0
20210327235419.1, 121.7, 0.0, 0.0
20210327235420.16, 121.7, 0.0, 0.0
20210327235421.21, 121.7, 0.0, 0.0
20210327235422.26, 121.7, 0.0, 0.0
20210327235423.33, 121.7, 0.0, 0.0
20210327235424.39, 121.8, 0.0, 0.0
20210327235425.52, 121.8, 0.0, 0.0
20210327235426.57, 121.7, 0.0, 0.0
20210327235427.68, 121.7, 0.0, 0.0
20210327235428.81, 121.8, 0.0, 0.0
20210327235429.86, 121.8, 0.0, 0.0
20210327235430.95, 121.8, 0.0, 0.0
20210327235432.05, 121.8, 0.0, 0.0
20210327235433.17, 121.7, 0.0, 0.0
20210327235434.21, 121.7, 0.0, 0.0
20210327235435.27, 121.7, 0.0, 0.0
20210327235436.31, 121.7, 0.0, 0.0
20210327235437.36, 121.7, 0.0, 0.0
20210327235438.48, 121.7, 0.0, 0.0
20210327235439.52, 121.7, 0.0, 0.0
20210327235440.65, 121.7, 0.0, 0.0
20210327235441.76, 121.7, 0.0, 0.0
20210327235442.89, 121.7, 0.0, 0.0
20210327235444.0, 121.7, 0.0, 0.0
20210327235445.11, 121.7, 0.0, 0.0
20210327235446.19, 121.7, 0.0, 0.0
20210327235447.25, 121.8, 0.0, 0.0
20210327235448.33, 121.8, 0.0, 0.0
20210327235449.42, 121.8, 0.0, 0.0
20210327235450.47, 121.8, 0.0, 0.0
20210327235451.58, 121.8, 0.0, 0.0
20210327235452.68, 121.8, 0.0, 0.0
20210327235453.78, 121.8, 0.0, 0.0
20210327235454.91, 121.8, 0.0, 0.0
20210327235455.96, 121.8, 0.0, 0.0
20210327235457.0, 121.9, 0.0, 0.0
20210327235458.05, 121.9, 0.0, 0.0
20210327235459.11, 121.8, 0.0, 0.0
20210327235500.21, 121.8, 0.0, 0.0
20210327235501.25, 121.8, 0.0, 0.0
20210327235502.3, 121.8, 0.0, 0.0
20210327235503.34, 121.8, 0.0, 0.0
20210327235504.43, 121.8, 0.0, 0.0
20210327235505.54, 121.8, 0.0, 0.0
20210327235506.62, 121.8, 0.0, 0.0
20210327235507.74, 121.8, 0.0, 0.0
20210327235508.87, 121.8, 0.0, 0.0
20210327235509.96, 121.8, 0.0, 0.0
20210327235511.07, 121.8, 0.0, 0.0
20210327235512.17, 121.8, 0.0, 0.0
20210327235513.26, 121.8, 0.0, 0.0
20210327235514.3, 121.8, 0.0, 0.0
20210327235515.38, 121.8, 0.0, 0.0
20210327235516.55, 121.8, 0.0, 0.0
20210327235517.68, 121.9, 0.0, 0.0
20210327235518.79, 121.9, 0.0, 0.0
20210327235519.88, 121.8, 0.0, 0.0
20210327235521.02, 121.8, 0.0, 0.0
20210327235522.15, 121.9, 0.0, 0.0
20210327235523.19, 121.9, 0.0, 0.0
20210327235524.27, 121.9, 0.0, 0.0
20210327235525.38, 121.9, 0.0, 0.0
20210327235526.51, 121.8, 0.0, 0.0
20210327235527.61, 121.8, 0.0, 0.0
20210327235528.65, 121.8, 0.0, 0.0
20210327235529.74, 121.8, 0.0, 0.0
20210327235530.91, 121.9, 0.0, 0.0
20210327235532.0, 121.9, 0.0, 0.0
20210327235533.09, 121.9, 0.0, 0.0
20210327235534.2, 121.9, 0.0, 0.0
20210327235535.27, 121.9, 0.0, 0.0
20210327235536.41, 121.9, 0.0, 0.0
20210327235537.48, 121.9, 0.0, 0.0
20210327235538.59, 121.8, 0.0, 0.0
20210327235539.64, 121.8, 0.0, 0.0
20210327235540.73, 121.8, 0.0, 0.0
20210327235541.82, 121.8, 0.0, 0.0
20210327235542.95, 121.9, 0.0, 0.0
20210327235544.08, 121.9, 0.0, 0.0
20210327235545.17, 121.8, 0.0, 0.0
20210327235546.23, 121.8, 0.0, 0.0
20210327235547.34, 121.8, 0.0, 0.0
20210327235548.43, 121.8, 0.0, 0.0
20210327235549.52, 121.8, 0.0, 0.0
20210327235550.59, 121.9, 0.0, 0.0
20210327235551.67, 121.9, 0.0, 0.0
20210327235552.8, 121.8, 0.0, 0.0
20210327235553.91, 121.8, 0.0, 0.0
20210327235555.02, 121.9, 0.0, 0.0
20210327235556.14, 121.9, 0.0, 0.0
20210327235557.27, 121.9, 0.0, 0.0
20210327235558.36, 121.9, 0.0, 0.0
20210327235559.42, 121.9, 0.0, 0.0
20210327235600.49, 121.9, 0.0, 0.0
20210327235601.62, 121.9, 0.0, 0.0
20210327235602.77, 121.9, 0.0, 0.0
20210327235603.84, 121.9, 0.0, 0.0
20210327235604.91, 121.8, 0.0, 0.0
20210327235606.03, 121.8, 0.0, 0.0
20210327235607.07, 121.8, 0.0, 0.0
20210327235608.18, 121.8, 0.0, 0.0
20210327235609.25, 121.9, 0.0, 0.0
20210327235610.32, 121.9, 0.0, 0.0
20210327235611.42, 121.9, 0.0, 0.0
20210327235612.47, 121.9, 0.0, 0.0
20210327235613.52, 121.9, 0.0, 0.0
20210327235614.66, 121.9, 0.0, 0.0
20210327235615.74, 121.9, 0.0, 0.0
20210327235616.89, 121.9, 0.0, 0.0
20210327235618.01, 121.9, 0.0, 0.0
20210327235619.05, 121.9, 0.0, 0.0
20210327235620.16, 121.9, 0.0, 0.0
20210327235621.25, 121.9, 0.0, 0.0
20210327235622.31, 121.9, 0.0, 0.0
20210327235623.38, 121.9, 0.0, 0.0
20210327235624.5, 121.9, 0.0, 0.0
20210327235625.61, 122.0, 0.0, 0.0
20210327235626.71, 122.0, 0.0, 0.0
20210327235627.84, 122.0, 0.0, 0.0
20210327235628.97, 122.0, 0.0, 0.0
20210327235630.05, 121.9, 0.0, 0.0
20210327235631.15, 121.9, 0.0, 0.0
20210327235632.23, 122.0, 0.0, 0.0
20210327235633.34, 122.0, 0.0, 0.0
20210327235634.47, 122.0, 0.0, 0.0
20210327235635.69, 121.9, 0.0, 0.0
20210327235636.75, 121.9, 0.0, 0.0
20210327235637.86, 121.9, 0.0, 0.0
20210327235639.01, 121.9, 0.0, 0.0
20210327235640.1, 121.9, 0.0, 0.0
20210327235641.25, 121.9, 0.0, 0.0
20210327235642.36, 121.8, 0.0, 0.0
20210327235643.49, 121.8, 0.0, 0.0
20210327235644.59, 121.8, 0.0, 0.0
20210327235645.7, 121.8, 0.0, 0.0
20210327235646.75, 121.8, 0.0, 0.0
20210327235647.8, 121.8, 0.0, 0.0
20210327235648.91, 121.9, 0.0, 0.0
20210327235650.02, 121.8, 0.0, 0.0
20210327235651.12, 121.8, 0.0, 0.0
20210327235652.22, 121.8, 0.0, 0.0
20210327235653.32, 121.8, 0.0, 0.0
20210327235654.42, 121.8, 0.0, 0.0
20210327235655.51, 121.8, 0.0, 0.0
20210327235656.61, 121.8, 0.0, 0.0
20210327235657.72, 121.8, 0.0, 0.0
20210327235658.85, 121.8, 0.0, 0.0
20210327235659.98, 121.8, 0.0, 0.0
20210327235701.08, 121.8, 0.0, 0.0
20210327235702.21, 121.8, 0.0, 0.0
20210327235703.35, 121.8, 0.0, 0.0
20210327235704.46, 121.8, 0.0, 0.0
20210327235705.55, 121.8, 0.0, 0.0
20210327235706.6, 121.8, 0.0, 0.0
20210327235707.71, 121.8, 0.0, 0.0
20210327235708.82, 121.8, 0.0, 0.0
20210327235709.88, 121.8, 0.0, 0.0
20210327235710.96, 121.8, 0.0, 0.0
20210327235712.11, 121.8, 0.0, 0.0
20210327235713.23, 121.8, 0.0, 0.0
20210327235714.34, 121.8, 0.0, 0.0
20210327235715.43, 121.8, 0.0, 0.0
20210327235716.53, 121.8, 0.0, 0.0
20210327235717.63, 121.8, 0.0, 0.0
20210327235718.69, 121.8, 0.0, 0.0
20210327235719.74, 121.8, 0.0, 0.0
20210327235720.86, 121.9, 0.0, 0.0
20210327235721.98, 121.9, 0.0, 0.0
20210327235723.09, 121.9, 0.0, 0.0
20210327235724.22, 121.9, 0.0, 0.0
20210327235725.3, 121.9, 0.0, 0.0
20210327235726.39, 121.9, 0.0, 0.0
20210327235727.46, 121.9, 0.0, 0.0
20210327235728.59, 121.9, 0.0, 0.0
20210327235729.64, 121.8, 0.0, 0.0
20210327235730.69, 121.8, 0.0, 0.0
20210327235731.82, 121.9, 0.0, 0.0
20210327235732.94, 121.9, 0.0, 0.0
20210327235734.05, 121.8, 0.0, 0.0
20210327235735.14, 121.8, 0.0, 0.0
20210327235736.23, 121.9, 0.0, 0.0
20210327235737.27, 121.9, 0.0, 0.0
20210327235738.33, 121.9, 0.0, 0.0
20210327235739.42, 121.9, 0.0, 0.0
20210327235740.53, 121.9, 0.0, 0.0
20210327235741.62, 121.9, 0.0, 0.0
20210327235742.77, 121.9, 0.0, 0.0
20210327235743.9, 121.9, 0.0, 0.0
20210327235745.04, 121.9, 0.0, 0.0
20210327235746.09, 121.9, 0.0, 0.0
20210327235747.23, 121.9, 0.0, 0.0
20210327235748.35, 121.9, 0.0, 0.0
20210327235749.5, 121.9, 0.0, 0.0
20210327235750.59, 121.8, 0.0, 0.0
20210327235751.72, 121.8, 0.0, 0.0
20210327235752.84, 121.9, 0.0, 0.0
20210327235753.9, 121.8, 0.0, 0.0
20210327235754.98, 121.8, 0.0, 0.0
20210327235756.06, 121.8, 0.0, 0.0
20210327235757.14, 121.8, 0.0, 0.0
20210327235758.23, 121.8, 0.0, 0.0
20210327235759.32, 121.8, 0.0, 0.0
20210327235800.37, 121.8, 0.0, 0.0
20210327235801.45, 121.8, 0.0, 0.0
20210327235802.58, 121.8, 0.0, 0.0
20210327235803.63, 121.8, 0.0, 0.0
20210327235804.75, 121.8, 0.0, 0.0
20210327235805.82, 121.8, 0.0, 0.0
20210327235806.96, 121.9, 0.0, 0.0
20210327235808.08, 121.9, 0.0, 0.0
20210327235809.18, 121.9, 0.0, 0.0
20210327235810.29, 121.9, 0.0, 0.0
20210327235811.4, 121.9, 0.0, 0.0
20210327235812.51, 121.9, 0.0, 0.0
20210327235813.59, 121.9, 0.0, 0.0
20210327235814.71, 121.9, 0.0, 0.0
20210327235815.77, 121.9, 0.0, 0.0
20210327235816.89, 121.9, 0.0, 0.0
20210327235818.02, 121.9, 0.0, 0.0
20210327235819.12, 121.9, 0.0, 0.0
20210327235820.22, 121.9, 0.0, 0.0
20210327235821.33, 121.9, 0.0, 0.0
20210327235822.4, 121.9, 0.0, 0.0
20210327235823.49, 121.9, 0.0, 0.0
20210327235824.54, 121.9, 0.0, 0.0
20210327235825.65, 121.9, 0.0, 0.0
20210327235826.74, 121.9, 0.0, 0.0
20210327235827.87, 121.9, 0.0, 0.0
20210327235829.0, 121.9, 0.0, 0.0
20210327235830.16, 121.9, 0.0, 0.0
20210327235831.28, 121.9, 0.0, 0.0
20210327235832.35, 121.9, 0.0, 0.0
20210327235833.46, 121.9, 0.0, 0.0
20210327235834.59, 121.9, 0.0, 0.0
20210327235835.63, 121.9, 0.0, 0.0
20210327235836.77, 121.9, 0.0, 0.0
20210327235837.89, 121.9, 0.0, 0.0
20210327235839.11, 121.6, 0.0, 0.0
20210327235840.16, 121.6, 0.0, 0.0
20210327235841.25, 121.7, 0.0, 0.0
20210327235842.35, 121.7, 0.0, 0.0
20210327235843.48, 121.6, 0.0, 0.0
20210327235844.55, 121.6, 0.0, 0.0
20210327235845.65, 121.6, 0.0, 0.0
20210327235846.82, 121.6, 0.0, 0.0
20210327235847.93, 121.6, 0.0, 0.0
20210327235849.06, 121.6, 0.0, 0.0
20210327235850.17, 121.6, 0.0, 0.0
20210327235851.24, 121.6, 0.0, 0.0
20210327235852.3, 121.6, 0.0, 0.0
20210327235853.42, 121.6, 0.0, 0.0
20210327235854.54, 121.6, 0.0, 0.0
20210327235855.61, 121.5, 0.0, 0.0
20210327235856.67, 121.5, 0.0, 0.0
20210327235857.78, 121.5, 0.0, 0.0
20210327235858.91, 121.5, 0.0, 0.0
20210327235859.95, 121.6, 0.0, 0.0
20210327235901.05, 121.6, 0.0, 0.0
20210327235902.18, 121.5, 0.0, 0.0
20210327235903.26, 121.5, 0.0, 0.0
20210327235904.35, 121.5, 0.0, 0.0
20210327235905.47, 121.5, 0.0, 0.0
20210327235906.59, 121.5, 0.0, 0.0
20210327235907.71, 121.5, 0.0, 0.0
20210327235908.89, 121.6, 0.0, 0.0
20210327235909.97, 121.6, 0.0, 0.0
20210327235911.07, 121.6, 0.0, 0.0
20210327235912.16, 121.5, 0.0, 0.0
20210327235913.31, 121.5, 0.0, 0.0
20210327235914.41, 121.4, 0.0, 0.0
20210327235915.54, 121.4, 0.0, 0.0
20210327235916.64, 121.5, 0.0, 0.0
20210327235917.7, 121.5, 0.0, 0.0
20210327235918.81, 121.5, 0.0, 0.0
20210327235919.92, 121.5, 0.0, 0.0
20210327235921.01, 121.4, 0.0, 0.0
20210327235922.23, 121.4, 0.0, 0.0
20210327235923.29, 121.4, 0.0, 0.0
20210327235924.35, 121.4, 0.0, 0.0
20210327235925.45, 121.4, 0.0, 0.0
20210327235926.5, 121.4, 0.0, 0.0
20210327235927.58, 121.4, 0.0, 0.0
20210327235928.7, 121.4, 0.0, 0.0
20210327235929.8, 121.4, 0.0, 0.0
20210327235930.88, 121.4, 0.0, 0.0
20210327235932.0, 121.4, 0.0, 0.0
20210327235933.13, 121.4, 0.0, 0.0
20210327235934.21, 121.4, 0.0, 0.0
20210327235935.34, 121.4, 0.0, 0.0
20210327235936.41, 121.4, 0.0, 0.0
20210327235937.52, 121.4, 0.0, 0.0
20210327235938.61, 121.4, 0.0, 0.0
20210327235939.8, 121.4, 0.0, 0.0
20210327235940.91, 121.4, 0.0, 0.0
20210327235942.04, 121.4, 0.0, 0.0
20210327235943.11, 121.4, 0.0, 0.0
20210327235944.22, 121.4, 0.0, 0.0
20210327235945.35, 121.4, 0.0, 0.0
20210327235946.49, 121.4, 0.0, 0.0
20210327235947.61, 121.4, 0.0, 0.0
20210327235948.72, 121.4, 0.0, 0.0
20210327235949.82, 121.4, 0.0, 0.0
20210327235950.89, 121.4, 0.0, 0.0
20210327235951.96, 121.4, 0.0, 0.0
20210327235953.07, 121.4, 0.0, 0.0
20210327235954.2, 121.4, 0.0, 0.0
20210327235955.34, 121.4, 0.0, 0.0
20210327235956.43, 121.4, 0.0, 0.0
20210327235957.5, 121.4, 0.0, 0.0
20210327235958.62, 121.4, 0.0, 0.0
20210327235959.66, 121.4, 0.0, 0.0
