time,voltage,current,power
20210328161332.2, 121.6, 0.0, 0.0
20210328161333.31, 121.6, 0.0, 0.0
20210328161334.35, 121.6, 0.0, 0.0
20210328161335.41, 121.6, 0.0, 0.0
20210328161336.46, 121.6, 0.0, 0.0
20210328161337.52, 121.6, 0.0, 0.0
20210328161338.61, 121.6, 0.0, 0.0
20210328161339.76, 121.6, 0.0, 0.0
20210328161340.84, 121.5, 0.0, 0.0
20210328161341.89, 121.5, 0.0, 0.0
20210328161342.93, 121.5, 0.0, 0.0
20210328161344.05, 121.5, 0.0, 0.0
20210328161345.12, 121.5, 0.0, 0.0
20210328161346.21, 121.5, 0.0, 0.0
20210328161347.29, 121.5, 0.0, 0.0
20210328161348.35, 121.5, 0.0, 0.0
20210328161349.41, 121.5, 0.0, 0.0
20210328161350.46, 121.5, 0.0, 0.0
20210328161351.5, 121.5, 0.0, 0.0
20210328161352.58, 121.5, 0.0, 0.0
20210328161353.65, 121.5, 0.0, 0.0
20210328161354.77, 121.5, 0.0, 0.0
20210328161355.84, 121.5, 0.0, 0.0
20210328161356.89, 121.5, 0.0, 0.0
20210328161358.01, 121.5, 0.0, 0.0
20210328161359.12, 121.5, 0.0, 0.0
20210328161400.2, 121.5, 0.0, 0.0
20210328161401.23, 121.5, 0.0, 0.0
20210328161402.32, 121.5, 0.0, 0.0
20210328161403.38, 121.5, 0.0, 0.0
20210328161404.45, 121.5, 0.0, 0.0
20210328161405.49, 121.5, 0.0, 0.0
20210328161406.63, 121.5, 0.0, 0.0
20210328161407.75, 121.5, 0.0, 0.0
20210328161408.86, 121.5, 0.0, 0.0
20210328161409.97, 121.5, 0.0, 0.0
20210328161411.08, 121.5, 0.0, 0.0
20210328161412.15, 121.5, 0.0, 0.0
20210328161413.28, 121.5, 0.0, 0.0
20210328161414.35, 121.5, 0.0, 0.0
20210328161415.42, 121.6, 0.0, 0.0
20210328161416.53, 121.6, 0.0, 0.0
20210328161417.62, 121.6, 0.0, 0.0
20210328161418.66, 121.6, 0.0, 0.0
20210328161419.78, 121.6, 0.0, 0.0
20210328161420.86, 121.6, 0.0, 0.0
20210328161421.96, 121.5, 0.0, 0.0
20210328161423.0, 121.5, 0.0, 0.0
20210328161424.11, 121.5, 0.0, 0.0
20210328161425.24, 121.5, 0.0, 0.0
20210328161426.32, 121.5, 0.0, 0.0
20210328161427.38, 121.5, 0.0, 0.0
20210328161428.41, 121.5, 0.0, 0.0
20210328161429.49, 121.5, 0.0, 0.0
20210328161430.53, 121.5, 0.0, 0.0
20210328161431.64, 121.5, 0.0, 0.0
20210328161432.72, 121.5, 0.0, 0.0
20210328161433.8, 121.5, 0.0, 0.0
20210328161434.86, 121.5, 0.0, 0.0
20210328161436.06, 121.5, 0.0, 0.0
20210328161437.11, 121.5, 0.0, 0.0
20210328161438.2, 121.5, 0.0, 0.0
20210328161439.32, 121.5, 0.0, 0.0
20210328161440.36, 121.5, 0.0, 0.0
20210328161441.41, 121.5, 0.0, 0.0
20210328161442.53, 121.5, 0.0, 0.0
20210328161443.67, 121.5, 0.0, 0.0
20210328161444.78, 121.5, 0.0, 0.0
20210328161445.86, 121.5, 0.0, 0.0
20210328161446.91, 121.5, 0.0, 0.0
20210328161448.05, 121.5, 0.0, 0.0
20210328161449.14, 121.5, 0.0, 0.0
20210328161450.21, 121.5, 0.0, 0.0
20210328161451.34, 121.5, 0.0, 0.0
20210328161452.4, 121.5, 0.0, 0.0
20210328161453.54, 121.5, 0.0, 0.0
20210328161454.62, 121.5, 0.0, 0.0
20210328161455.72, 121.5, 0.0, 0.0
20210328161456.82, 121.5, 0.0, 0.0
20210328161457.88, 121.5, 0.0, 0.0
20210328161459.0, 121.5, 0.0, 0.0
20210328161500.1, 121.5, 0.0, 0.0
20210328161501.14, 121.5, 0.0, 0.0
20210328161502.26, 121.5, 0.0, 0.0
20210328161503.36, 121.4, 0.0, 0.0
20210328161504.5, 121.4, 0.0, 0.0
20210328161505.61, 121.4, 0.0, 0.0
20210328161506.73, 121.4, 0.0, 0.0
20210328161507.78, 121.4, 0.0, 0.0
20210328161508.86, 121.4, 0.0, 0.0
20210328161509.91, 121.5, 0.0, 0.0
20210328161511.0, 121.4, 0.0, 0.0
20210328161512.09, 121.4, 0.0, 0.0
20210328161513.18, 121.5, 0.0, 0.0
20210328161514.24, 121.5, 0.0, 0.0
20210328161515.34, 121.5, 0.0, 0.0
20210328161516.48, 121.5, 0.0, 0.0
20210328161517.59, 121.5, 0.0, 0.0
20210328161518.73, 121.5, 0.0, 0.0
20210328161519.84, 121.5, 0.0, 0.0
20210328161520.88, 121.5, 0.0, 0.0
20210328161521.93, 121.5, 0.0, 0.0
20210328161522.98, 121.5, 0.0, 0.0
20210328161524.03, 121.6, 0.0, 0.0
20210328161525.16, 121.6, 0.0, 0.0
20210328161526.22, 121.8, 0.0, 0.0
20210328161527.32, 121.8, 0.0, 0.0
20210328161528.36, 121.8, 0.0, 0.0
20210328161529.45, 121.8, 0.0, 0.0
20210328161530.56, 121.7, 0.0, 0.0
20210328161531.65, 121.7, 0.0, 0.0
20210328161532.78, 121.7, 0.0, 0.0
20210328161533.85, 121.6, 0.0, 0.0
20210328161534.91, 121.6, 0.0, 0.0
20210328161535.99, 121.5, 0.0, 0.0
20210328161537.12, 121.5, 0.0, 0.0
20210328161538.2, 121.5, 0.0, 0.0
20210328161539.3, 121.5, 0.0, 0.0
20210328161540.37, 121.4, 0.0, 0.0
20210328161541.49, 121.4, 0.0, 0.0
20210328161542.6, 121.4, 0.0, 0.0
20210328161543.67, 121.4, 0.0, 0.0
20210328161544.8, 121.4, 0.0, 0.0
20210328161545.87, 121.4, 0.0, 0.0
20210328161546.98, 121.4, 0.0, 0.0
20210328161548.04, 121.4, 0.0, 0.0
20210328161549.16, 121.4, 0.0, 0.0
20210328161550.27, 121.4, 0.0, 0.0
20210328161551.34, 121.4, 0.0, 0.0
20210328161552.47, 121.4, 0.0, 0.0
20210328161553.61, 121.4, 0.0, 0.0
20210328161554.71, 121.5, 0.0, 0.0
20210328161555.83, 121.5, 0.0, 0.0
20210328161556.9, 121.5, 0.0, 0.0
20210328161558.02, 121.5, 0.0, 0.0
20210328161559.08, 121.5, 0.0, 0.0
20210328161600.19, 121.5, 0.0, 0.0
20210328161601.26, 121.5, 0.0, 0.0
20210328161602.34, 121.5, 0.0, 0.0
20210328161603.39, 121.5, 0.0, 0.0
20210328161604.62, 121.4, 0.0, 0.0
20210328161605.68, 121.4, 0.0, 0.0
20210328161606.74, 121.5, 0.0, 0.0
20210328161607.85, 121.5, 0.0, 0.0
20210328161608.98, 121.5, 0.0, 0.0
20210328161610.09, 121.5, 0.0, 0.0
20210328161611.2, 121.5, 0.0, 0.0
20210328161612.3, 121.5, 0.0, 0.0
20210328161613.36, 121.5, 0.0, 0.0
20210328161614.44, 121.5, 0.0, 0.0
20210328161615.52, 121.5, 0.0, 0.0
20210328161616.63, 121.5, 0.0, 0.0
20210328161617.76, 121.5, 0.0, 0.0
20210328161618.86, 121.5, 0.0, 0.0
20210328161619.92, 121.5, 0.0, 0.0
20210328161621.0, 121.5, 0.0, 0.0
20210328161622.09, 121.5, 0.0, 0.0
20210328161623.2, 121.5, 0.0, 0.0
20210328161624.29, 121.5, 0.0, 0.0
20210328161625.37, 121.5, 0.0, 0.0
20210328161626.5, 121.5, 0.0, 0.0
20210328161627.62, 121.5, 0.0, 0.0
20210328161628.7, 121.5, 0.0, 0.0
20210328161629.75, 121.5, 0.0, 0.0
20210328161630.83, 121.5, 0.0, 0.0
20210328161631.89, 121.5, 0.0, 0.0
20210328161633.02, 121.5, 0.0, 0.0
20210328161634.16, 121.5, 0.0, 0.0
20210328161635.3, 121.5, 0.0, 0.0
20210328161636.34, 121.4, 0.0, 0.0
20210328161637.38, 121.4, 0.0, 0.0
20210328161638.43, 121.5, 0.0, 0.0
20210328161639.55, 121.5, 0.0, 0.0
20210328161640.63, 121.5, 0.0, 0.0
20210328161641.7, 121.5, 0.0, 0.0
20210328161642.82, 121.5, 0.0, 0.0
20210328161643.89, 121.5, 0.0, 0.0
20210328161644.94, 121.5, 0.0, 0.0
20210328161646.04, 121.5, 0.0, 0.0
20210328161647.18, 121.5, 0.0, 0.0
20210328161648.25, 121.5, 0.0, 0.0
20210328161649.35, 121.5, 0.0, 0.0
20210328161650.45, 121.4, 0.0, 0.0
20210328161651.57, 121.4, 0.0, 0.0
20210328161652.66, 121.4, 0.0, 0.0
20210328161653.79, 121.4, 0.0, 0.0
20210328161654.89, 121.4, 0.0, 0.0
20210328161656.04, 121.4, 0.0, 0.0
20210328161657.09, 121.4, 0.0, 0.0
20210328161658.15, 121.4, 0.0, 0.0
20210328161659.27, 121.4, 0.0, 0.0
20210328161700.33, 121.5, 0.0, 0.0
20210328161701.43, 121.5, 0.0, 0.0
20210328161702.57, 121.4, 0.0, 0.0
20210328161703.65, 121.4, 0.0, 0.0
20210328161704.69, 121.5, 0.0, 0.0
20210328161705.8, 121.5, 0.0, 0.0
20210328161706.85, 121.4, 0.0, 0.0
20210328161707.96, 121.4, 0.0, 0.0
20210328161709.06, 121.4, 0.0, 0.0
20210328161710.12, 121.4, 0.0, 0.0
20210328161711.17, 121.5, 0.0, 0.0
20210328161712.27, 121.5, 0.0, 0.0
20210328161713.35, 121.5, 0.0, 0.0
20210328161714.44, 121.5, 0.0, 0.0
20210328161715.59, 121.5, 0.0, 0.0
20210328161716.71, 121.5, 0.0, 0.0
20210328161717.83, 121.5, 0.0, 0.0
20210328161718.86, 121.5, 0.0, 0.0
20210328161719.95, 121.5, 0.0, 0.0
20210328161721.06, 121.5, 0.0, 0.0
20210328161722.2, 121.5, 0.0, 0.0
20210328161723.27, 121.5, 0.0, 0.0
20210328161724.33, 121.5, 0.0, 0.0
20210328161725.39, 121.5, 0.0, 0.0
20210328161726.45, 121.5, 0.0, 0.0
20210328161727.57, 121.5, 0.0, 0.0
20210328161728.62, 121.5, 0.0, 0.0
20210328161729.73, 121.5, 0.0, 0.0
20210328161730.84, 121.5, 0.0, 0.0
20210328161731.89, 121.5, 0.0, 0.0
20210328161733.04, 121.5, 0.0, 0.0
20210328161734.14, 121.5, 0.0, 0.0
20210328161735.25, 121.5, 0.0, 0.0
20210328161736.32, 121.5, 0.0, 0.0
20210328161737.36, 121.5, 0.0, 0.0
20210328161738.47, 121.5, 0.0, 0.0
20210328161739.6, 121.5, 0.0, 0.0
20210328161740.65, 121.5, 0.0, 0.0
20210328161741.76, 121.5, 0.0, 0.0
20210328161742.85, 121.5, 0.0, 0.0
20210328161743.9, 121.5, 0.0, 0.0
20210328161745.02, 121.5, 0.0, 0.0
20210328161746.15, 121.5, 0.0, 0.0
20210328161747.26, 121.5, 0.0, 0.0
20210328161748.34, 121.5, 0.0, 0.0
20210328161749.38, 121.5, 0.0, 0.0
20210328161750.44, 121.5, 0.0, 0.0
20210328161751.57, 121.5, 0.0, 0.0
20210328161752.67, 121.5, 0.0, 0.0
20210328161753.76, 121.5, 0.0, 0.0
20210328161754.86, 121.5, 0.0, 0.0
20210328161755.91, 121.4, 0.0, 0.0
20210328161756.98, 121.4, 0.0, 0.0
20210328161758.1, 121.4, 0.0, 0.0
20210328161759.22, 121.4, 0.0, 0.0
20210328161800.33, 121.5, 0.0, 0.0
20210328161801.38, 121.5, 0.0, 0.0
20210328161802.47, 121.4, 0.0, 0.0
20210328161803.6, 121.4, 0.0, 0.0
20210328161804.73, 121.4, 0.0, 0.0
20210328161805.85, 121.4, 0.0, 0.0
20210328161806.94, 121.4, 0.0, 0.0
20210328161808.03, 121.4, 0.0, 0.0
20210328161809.12, 121.4, 0.0, 0.0
20210328161810.25, 121.4, 0.0, 0.0
20210328161811.34, 121.4, 0.0, 0.0
20210328161812.39, 121.5, 0.0, 0.0
20210328161813.44, 121.5, 0.0, 0.0
20210328161814.52, 121.5, 0.0, 0.0
20210328161815.64, 121.5, 0.0, 0.0
20210328161816.73, 121.4, 0.0, 0.0
20210328161817.84, 121.4, 0.0, 0.0
20210328161818.94, 121.5, 0.0, 0.0
20210328161820.01, 121.5, 0.0, 0.0
20210328161821.14, 121.5, 0.0, 0.0
20210328161822.2, 121.5, 0.0, 0.0
20210328161823.29, 121.5, 0.0, 0.0
20210328161824.37, 121.5, 0.0, 0.0
20210328161825.42, 121.5, 0.0, 0.0
20210328161826.59, 121.5, 0.0, 0.0
20210328161827.65, 121.5, 0.0, 0.0
20210328161828.76, 121.4, 0.0, 0.0
20210328161829.86, 121.4, 0.0, 0.0
20210328161830.96, 121.4, 0.0, 0.0
20210328161832.05, 121.4, 0.0, 0.0
20210328161833.15, 121.4, 0.0, 0.0
20210328161834.24, 121.4, 0.0, 0.0
20210328161835.33, 121.3, 0.0, 0.0
20210328161836.41, 121.3, 0.0, 0.0
20210328161837.52, 121.4, 0.0, 0.0
20210328161838.66, 121.4, 0.0, 0.0
20210328161839.76, 121.4, 0.0, 0.0
20210328161840.99, 121.3, 0.0, 0.0
20210328161842.04, 121.3, 0.0, 0.0
20210328161843.16, 121.3, 0.0, 0.0
20210328161844.3, 121.3, 0.0, 0.0
20210328161845.36, 121.3, 0.0, 0.0
20210328161846.41, 121.3, 0.0, 0.0
20210328161847.54, 121.3, 0.0, 0.0
20210328161848.58, 121.3, 0.0, 0.0
20210328161849.62, 121.3, 0.0, 0.0
20210328161850.72, 121.3, 0.0, 0.0
20210328161851.82, 121.3, 0.0, 0.0
20210328161852.88, 121.3, 0.0, 0.0
20210328161853.97, 121.4, 0.0, 0.0
20210328161855.09, 121.4, 0.0, 0.0
20210328161856.14, 121.3, 0.0, 0.0
20210328161857.26, 121.3, 0.0, 0.0
20210328161858.33, 121.3, 0.0, 0.0
20210328161859.5, 121.4, 0.0, 0.0
20210328161900.54, 121.4, 0.0, 0.0
20210328161901.64, 121.4, 0.0, 0.0
20210328161902.78, 121.4, 0.0, 0.0
20210328161903.86, 121.4, 0.0, 0.0
20210328161904.96, 121.4, 0.0, 0.0
20210328161906.05, 121.3, 0.0, 0.0
20210328161907.18, 121.3, 0.0, 0.0
20210328161908.27, 121.4, 0.0, 0.0
20210328161909.36, 121.4, 0.0, 0.0
20210328161910.42, 121.4, 0.0, 0.0
20210328161911.53, 121.4, 0.0, 0.0
20210328161912.66, 121.4, 0.0, 0.0
20210328161913.8, 121.4, 0.0, 0.0
20210328161914.85, 121.4, 0.0, 0.0
20210328161915.98, 121.4, 0.0, 0.0
20210328161917.02, 121.4, 0.0, 0.0
20210328161918.15, 121.4, 0.0, 0.0
20210328161919.25, 121.4, 0.0, 0.0
20210328161920.32, 121.4, 0.0, 0.0
20210328161921.38, 121.4, 0.0, 0.0
20210328161922.52, 121.4, 0.0, 0.0
20210328161923.62, 121.4, 0.0, 0.0
20210328161924.66, 121.4, 0.0, 0.0
20210328161925.77, 121.4, 0.0, 0.0
20210328161926.84, 121.3, 0.0, 0.0
20210328161927.94, 121.3, 0.0, 0.0
20210328161929.05, 121.3, 0.0, 0.0
20210328161930.18, 121.3, 0.0, 0.0
20210328161931.24, 121.3, 0.0, 0.0
20210328161932.3, 121.3, 0.0, 0.0
20210328161933.37, 121.3, 0.0, 0.0
20210328161934.43, 121.4, 0.0, 0.0
20210328161935.56, 121.4, 0.0, 0.0
20210328161936.63, 121.4, 0.0, 0.0
20210328161937.73, 121.4, 0.0, 0.0
20210328161938.82, 121.4, 0.0, 0.0
20210328161939.89, 121.4, 0.0, 0.0
20210328161941.02, 121.4, 0.0, 0.0
20210328161942.09, 121.4, 0.0, 0.0
20210328161943.22, 121.4, 0.0, 0.0
20210328161944.32, 121.4, 0.0, 0.0
20210328161945.37, 121.4, 0.0, 0.0
20210328161946.42, 121.4, 0.0, 0.0
20210328161947.5, 121.4, 0.0, 0.0
20210328161948.65, 121.4, 0.0, 0.0
20210328161949.69, 121.4, 0.0, 0.0
20210328161950.8, 121.4, 0.0, 0.0
20210328161951.85, 121.4, 0.0, 0.0
20210328161952.91, 121.4, 0.0, 0.0
20210328161954.04, 121.4, 0.0, 0.0
20210328161955.14, 121.4, 0.0, 0.0
20210328161956.2, 121.4, 0.0, 0.0
20210328161957.24, 121.4, 0.0, 0.0
20210328161958.31, 121.4, 0.0, 0.0
20210328161959.37, 121.4, 0.0, 0.0
20210328162000.46, 121.4, 0.0, 0.0
20210328162001.58, 121.4, 0.0, 0.0
20210328162002.68, 121.4, 0.0, 0.0
20210328162003.81, 121.3, 0.0, 0.0
20210328162004.88, 121.3, 0.0, 0.0
20210328162005.96, 121.3, 0.0, 0.0
20210328162007.09, 121.3, 0.0, 0.0
20210328162008.14, 121.3, 0.0, 0.0
20210328162009.28, 121.3, 0.0, 0.0
20210328162010.34, 121.3, 0.0, 0.0
20210328162011.38, 121.3, 0.0, 0.0
20210328162012.51, 121.3, 0.0, 0.0
20210328162013.62, 121.3, 0.0, 0.0
20210328162014.69, 121.3, 0.0, 0.0
20210328162015.8, 121.3, 0.0, 0.0
20210328162016.88, 121.3, 0.0, 0.0
20210328162017.91, 121.3, 0.0, 0.0
20210328162019.06, 121.3, 0.0, 0.0
20210328162020.13, 121.3, 0.0, 0.0
20210328162021.25, 121.3, 0.0, 0.0
20210328162022.33, 121.3, 0.0, 0.0
20210328162023.37, 121.3, 0.0, 0.0
20210328162024.45, 121.3, 0.0, 0.0
20210328162025.49, 121.3, 0.0, 0.0
20210328162026.6, 121.4, 0.0, 0.0
20210328162027.71, 121.4, 0.0, 0.0
20210328162028.8, 121.3, 0.0, 0.0
20210328162030.01, 121.3, 0.0, 0.0
20210328162031.09, 121.3, 0.0, 0.0
20210328162032.2, 121.4, 0.0, 0.0
20210328162033.27, 121.4, 0.0, 0.0
20210328162034.35, 121.4, 0.0, 0.0
20210328162035.48, 121.4, 0.0, 0.0
20210328162036.57, 121.4, 0.0, 0.0
20210328162037.7, 121.4, 0.0, 0.0
20210328162038.79, 121.3, 0.0, 0.0
20210328162039.87, 121.3, 0.0, 0.0
20210328162040.98, 121.3, 0.0, 0.0
20210328162042.09, 121.3, 0.0, 0.0
20210328162043.18, 121.3, 0.0, 0.0
20210328162044.29, 121.3, 0.0, 0.0
20210328162045.44, 121.3, 0.0, 0.0
20210328162046.52, 121.3, 0.0, 0.0
20210328162047.6, 121.3, 0.0, 0.0
20210328162048.64, 121.3, 0.0, 0.0
20210328162049.7, 121.3, 0.0, 0.0
20210328162050.75, 121.3, 0.0, 0.0
20210328162051.83, 121.3, 0.0, 0.0
20210328162052.87, 121.3, 0.0, 0.0
20210328162053.97, 121.3, 0.0, 0.0
20210328162055.05, 121.3, 0.0, 0.0
20210328162056.11, 121.3, 0.0, 0.0
20210328162057.21, 121.3, 0.0, 0.0
20210328162058.25, 121.3, 0.0, 0.0
20210328162059.35, 121.3, 0.0, 0.0
20210328162100.48, 121.3, 0.0, 0.0
20210328162101.58, 121.4, 0.0, 0.0
20210328162102.68, 121.4, 0.0, 0.0
20210328162103.78, 121.3, 0.0, 0.0
20210328162104.87, 121.3, 0.0, 0.0
20210328162105.9, 121.4, 0.0, 0.0
20210328162106.97, 121.3, 0.0, 0.0
20210328162108.11, 121.3, 0.0, 0.0
20210328162109.23, 121.4, 0.0, 0.0
20210328162110.33, 121.4, 0.0, 0.0
20210328162111.39, 121.3, 0.0, 0.0
20210328162112.51, 121.3, 0.0, 0.0
20210328162113.57, 121.3, 0.0, 0.0
20210328162114.66, 121.3, 0.0, 0.0
20210328162115.77, 121.3, 0.0, 0.0
20210328162116.87, 121.3, 0.0, 0.0
20210328162117.96, 121.4, 0.0, 0.0
20210328162119.09, 121.4, 0.0, 0.0
20210328162120.15, 121.3, 0.0, 0.0
20210328162121.21, 121.3, 0.0, 0.0
20210328162122.29, 121.3, 0.0, 0.0
20210328162123.5, 121.3, 0.0, 0.0
20210328162124.58, 121.3, 0.0, 0.0
20210328162125.63, 121.3, 0.0, 0.0
20210328162126.7, 121.3, 0.0, 0.0
20210328162127.82, 121.3, 0.0, 0.0
20210328162128.87, 121.3, 0.0, 0.0
20210328162129.93, 121.3, 0.0, 0.0
20210328162131.08, 121.3, 0.0, 0.0
20210328162132.14, 121.3, 0.0, 0.0
20210328162133.2, 121.3, 0.0, 0.0
20210328162134.28, 121.2, 0.0, 0.0
20210328162135.34, 121.2, 0.0, 0.0
20210328162136.39, 121.2, 0.0, 0.0
20210328162137.45, 121.2, 0.0, 0.0
20210328162138.54, 121.2, 0.0, 0.0
20210328162139.64, 121.2, 0.0, 0.0
20210328162140.7, 121.3, 0.0, 0.0
20210328162141.81, 121.3, 0.0, 0.0
20210328162142.86, 121.2, 0.0, 0.0
20210328162143.92, 121.2, 0.0, 0.0
20210328162144.96, 121.3, 0.0, 0.0
20210328162146.11, 121.3, 0.0, 0.0
20210328162147.18, 121.3, 0.0, 0.0
20210328162148.3, 121.3, 0.0, 0.0
20210328162149.38, 121.3, 0.0, 0.0
20210328162150.43, 121.3, 0.0, 0.0
20210328162151.57, 121.3, 0.0, 0.0
20210328162152.7, 121.3, 0.0, 0.0
20210328162153.75, 121.3, 0.0, 0.0
20210328162154.83, 121.3, 0.0, 0.0
20210328162155.89, 121.3, 0.0, 0.0
20210328162156.94, 121.3, 0.0, 0.0
20210328162158.03, 121.3, 0.0, 0.0
20210328162159.07, 121.2, 0.0, 0.0
20210328162200.19, 121.2, 0.0, 0.0
20210328162201.3, 121.3, 0.0, 0.0
20210328162202.37, 121.3, 0.0, 0.0
20210328162203.42, 121.3, 0.0, 0.0
20210328162204.55, 121.3, 0.0, 0.0
20210328162205.6, 121.3, 0.0, 0.0
20210328162206.71, 121.3, 0.0, 0.0
20210328162207.84, 121.3, 0.0, 0.0
20210328162208.87, 121.3, 0.0, 0.0
20210328162209.98, 121.3, 0.0, 0.0
20210328162211.02, 121.4, 0.0, 0.0
20210328162212.06, 121.4, 0.0, 0.0
20210328162213.18, 121.3, 0.0, 0.0
20210328162214.3, 121.3, 0.0, 0.0
20210328162215.35, 121.3, 0.0, 0.0
20210328162216.39, 121.3, 0.0, 0.0
20210328162217.45, 121.2, 0.0, 0.0
20210328162218.54, 121.2, 0.0, 0.0
20210328162219.68, 121.3, 0.0, 0.0
20210328162220.74, 121.3, 0.0, 0.0
20210328162221.81, 121.3, 0.0, 0.0
20210328162222.87, 121.3, 0.0, 0.0
20210328162223.91, 121.2, 0.0, 0.0
20210328162225.04, 121.2, 0.0, 0.0
20210328162226.16, 121.2, 0.0, 0.0
20210328162227.21, 121.3, 0.0, 0.0
20210328162228.31, 121.3, 0.0, 0.0
20210328162229.39, 121.2, 0.0, 0.0
20210328162230.43, 121.2, 0.0, 0.0
20210328162231.55, 121.3, 0.0, 0.0
20210328162232.64, 121.3, 0.0, 0.0
20210328162233.77, 121.3, 0.0, 0.0
20210328162234.87, 121.3, 0.0, 0.0
20210328162235.98, 121.3, 0.0, 0.0
20210328162237.07, 121.3, 0.0, 0.0
20210328162238.12, 121.3, 0.0, 0.0
20210328162239.16, 121.3, 0.0, 0.0
20210328162240.25, 121.3, 0.0, 0.0
20210328162241.32, 121.3, 0.0, 0.0
20210328162242.45, 121.4, 0.0, 0.0
20210328162243.59, 121.3, 0.0, 0.0
20210328162244.63, 121.3, 0.0, 0.0
20210328162245.74, 121.4, 0.0, 0.0
20210328162246.84, 121.4, 0.0, 0.0
20210328162247.91, 121.4, 0.0, 0.0
20210328162249.02, 121.4, 0.0, 0.0
20210328162250.11, 121.3, 0.0, 0.0
20210328162251.25, 121.3, 0.0, 0.0
20210328162252.33, 121.4, 0.0, 0.0
20210328162253.38, 121.4, 0.0, 0.0
20210328162254.47, 121.4, 0.0, 0.0
20210328162255.52, 121.4, 0.0, 0.0
20210328162256.61, 121.3, 0.0, 0.0
20210328162257.7, 121.3, 0.0, 0.0
20210328162258.82, 121.3, 0.0, 0.0
20210328162259.87, 121.3, 0.0, 0.0
20210328162300.97, 121.4, 0.0, 0.0
20210328162302.02, 121.4, 0.0, 0.0
20210328162303.07, 121.3, 0.0, 0.0
20210328162304.17, 121.3, 0.0, 0.0
20210328162305.24, 121.3, 0.0, 0.0
20210328162306.27, 121.4, 0.0, 0.0
20210328162307.35, 121.4, 0.0, 0.0
20210328162308.4, 121.4, 0.0, 0.0
20210328162309.54, 121.4, 0.0, 0.0
20210328162310.58, 121.5, 0.0, 0.0
20210328162311.66, 121.5, 0.0, 0.0
20210328162312.79, 121.4, 0.0, 0.0
20210328162313.87, 121.4, 0.0, 0.0
20210328162314.98, 121.5, 0.0, 0.0
20210328162316.05, 121.5, 0.0, 0.0
20210328162317.09, 121.4, 0.0, 0.0
20210328162318.18, 121.4, 0.0, 0.0
20210328162319.22, 121.4, 0.0, 0.0
20210328162320.32, 121.4, 0.0, 0.0
20210328162321.37, 121.4, 0.0, 0.0
20210328162322.41, 121.4, 0.0, 0.0
20210328162323.45, 121.4, 0.0, 0.0
20210328162324.54, 121.4, 0.0, 0.0
20210328162325.64, 121.4, 0.0, 0.0
20210328162326.77, 121.4, 0.0, 0.0
20210328162327.83, 121.4, 0.0, 0.0
20210328162328.89, 121.4, 0.0, 0.0
20210328162329.94, 121.4, 0.0, 0.0
20210328162331.0, 121.4, 0.0, 0.0
20210328162332.1, 121.4, 0.0, 0.0
20210328162333.23, 121.4, 0.0, 0.0
20210328162334.31, 121.4, 0.0, 0.0
20210328162335.4, 121.3, 0.0, 0.0
20210328162336.54, 121.3, 0.0, 0.0
20210328162337.64, 121.3, 0.0, 0.0
20210328162338.73, 121.3, 0.0, 0.0
20210328162339.84, 121.3, 0.0, 0.0
20210328162340.95, 121.3, 0.0, 0.0
20210328162342.06, 121.3, 0.0, 0.0
20210328162343.11, 121.3, 0.0, 0.0
20210328162344.27, 121.3, 0.0, 0.0
20210328162345.36, 121.3, 0.0, 0.0
20210328162346.4, 121.3, 0.0, 0.0
20210328162347.5, 121.3, 0.0, 0.0
20210328162348.61, 121.3, 0.0, 0.0
20210328162349.73, 121.3, 0.0, 0.0
20210328162350.84, 121.3, 0.0, 0.0
20210328162351.9, 121.3, 0.0, 0.0
20210328162352.96, 121.3, 0.0, 0.0
20210328162354.01, 121.3, 0.0, 0.0
20210328162355.07, 121.3, 0.0, 0.0
20210328162356.18, 121.3, 0.0, 0.0
20210328162357.25, 121.3, 0.0, 0.0
20210328162358.33, 121.3, 0.0, 0.0
20210328162359.38, 121.3, 0.0, 0.0
20210328162400.48, 121.3, 0.0, 0.0
20210328162401.61, 121.3, 0.0, 0.0
20210328162402.64, 121.3, 0.0, 0.0
20210328162403.71, 121.3, 0.0, 0.0
20210328162404.85, 121.3, 0.0, 0.0
20210328162405.89, 121.3, 0.0, 0.0
20210328162406.93, 121.3, 0.0, 0.0
20210328162408.04, 121.3, 0.0, 0.0
20210328162409.16, 121.3, 0.0, 0.0
20210328162410.25, 121.3, 0.0, 0.0
20210328162411.36, 121.3, 0.0, 0.0
20210328162412.47, 121.3, 0.0, 0.0
20210328162413.52, 121.3, 0.0, 0.0
20210328162414.59, 121.3, 0.0, 0.0
20210328162415.64, 121.3, 0.0, 0.0
20210328162416.75, 121.3, 0.0, 0.0
20210328162417.81, 121.3, 0.0, 0.0
20210328162418.88, 121.3, 0.0, 0.0
20210328162420.0, 121.3, 0.0, 0.0
20210328162421.08, 121.4, 0.0, 0.0
20210328162422.22, 121.4, 0.0, 0.0
20210328162423.32, 121.4, 0.0, 0.0
20210328162424.42, 121.4, 0.0, 0.0
20210328162425.54, 121.4, 0.0, 0.0
20210328162426.58, 121.4, 0.0, 0.0
20210328162427.67, 121.4, 0.0, 0.0
20210328162428.75, 121.4, 0.0, 0.0
20210328162429.85, 121.4, 0.0, 0.0
20210328162430.91, 121.4, 0.0, 0.0
20210328162432.0, 121.4, 0.0, 0.0
20210328162433.05, 121.4, 0.0, 0.0
20210328162434.17, 121.4, 0.0, 0.0
20210328162435.3, 121.5, 0.0, 0.0
20210328162436.36, 121.5, 0.0, 0.0
20210328162437.49, 121.4, 0.0, 0.0
20210328162438.54, 121.4, 0.0, 0.0
20210328162439.6, 121.4, 0.0, 0.0
20210328162440.77, 121.4, 0.0, 0.0
20210328162441.84, 121.4, 0.0, 0.0
20210328162442.87, 121.4, 0.0, 0.0
20210328162444.01, 121.4, 0.0, 0.0
20210328162445.09, 121.4, 0.0, 0.0
20210328162446.13, 121.4, 0.0, 0.0
20210328162447.22, 121.4, 0.0, 0.0
20210328162448.3, 121.4, 0.0, 0.0
20210328162449.37, 121.4, 0.0, 0.0
20210328162450.47, 121.4, 0.0, 0.0
20210328162451.57, 121.4, 0.0, 0.0
20210328162452.62, 121.4, 0.0, 0.0
20210328162453.71, 121.4, 0.0, 0.0
20210328162454.84, 121.4, 0.0, 0.0
20210328162455.88, 121.3, 0.0, 0.0
20210328162456.94, 121.3, 0.0, 0.0
20210328162458.05, 121.3, 0.0, 0.0
20210328162459.13, 121.3, 0.0, 0.0
20210328162500.28, 121.4, 0.0, 0.0
20210328162501.33, 121.3, 0.0, 0.0
20210328162502.38, 121.3, 0.0, 0.0
20210328162503.51, 121.3, 0.0, 0.0
20210328162504.57, 121.3, 0.0, 0.0
20210328162505.63, 121.3, 0.0, 0.0
20210328162506.72, 121.3, 0.0, 0.0
20210328162507.83, 121.3, 0.0, 0.0
20210328162508.87, 121.3, 0.0, 0.0
20210328162509.95, 121.3, 0.0, 0.0
20210328162511.06, 121.3, 0.0, 0.0
20210328162512.14, 121.4, 0.0, 0.0
20210328162513.21, 121.4, 0.0, 0.0
20210328162514.32, 121.3, 0.0, 0.0
20210328162515.38, 121.3, 0.0, 0.0
20210328162516.43, 121.4, 0.0, 0.0
20210328162517.57, 121.4, 0.0, 0.0
20210328162518.67, 121.4, 0.0, 0.0
20210328162519.79, 121.4, 0.0, 0.0
20210328162520.85, 121.4, 0.0, 0.0
20210328162521.96, 121.4, 0.0, 0.0
20210328162523.08, 121.4, 0.0, 0.0
20210328162524.19, 121.4, 0.0, 0.0
20210328162525.31, 121.4, 0.0, 0.0
20210328162526.36, 121.3, 0.0, 0.0
20210328162527.42, 121.3, 0.0, 0.0
20210328162528.53, 121.3, 0.0, 0.0
20210328162529.61, 121.3, 0.0, 0.0
20210328162530.67, 121.3, 0.0, 0.0
20210328162531.77, 121.3, 0.0, 0.0
20210328162532.86, 121.3, 0.0, 0.0
20210328162533.94, 121.3, 0.0, 0.0
20210328162535.06, 121.3, 0.0, 0.0
20210328162536.2, 121.4, 0.0, 0.0
20210328162537.29, 121.4, 0.0, 0.0
20210328162538.33, 121.3, 0.0, 0.0
20210328162539.39, 121.3, 0.0, 0.0
20210328162540.44, 121.3, 0.0, 0.0
20210328162541.58, 121.3, 0.0, 0.0
20210328162542.73, 121.4, 0.0, 0.0
20210328162543.83, 121.4, 0.0, 0.0
20210328162544.88, 121.3, 0.0, 0.0
20210328162545.97, 121.3, 0.0, 0.0
20210328162547.05, 121.4, 0.0, 0.0
20210328162548.14, 121.4, 0.0, 0.0
20210328162549.19, 121.4, 0.0, 0.0
20210328162550.31, 121.4, 0.0, 0.0
20210328162551.37, 121.4, 0.0, 0.0
20210328162552.5, 121.4, 0.0, 0.0
20210328162553.57, 121.4, 0.0, 0.0
20210328162554.61, 121.4, 0.0, 0.0
20210328162555.65, 121.4, 0.0, 0.0
20210328162556.76, 121.4, 0.0, 0.0
20210328162557.86, 121.4, 0.0, 0.0
20210328162558.96, 121.4, 0.0, 0.0
20210328162600.04, 121.4, 0.0, 0.0
20210328162601.08, 121.4, 0.0, 0.0
20210328162602.22, 121.4, 0.0, 0.0
20210328162603.32, 121.3, 0.0, 0.0
20210328162604.38, 121.3, 0.0, 0.0
20210328162605.46, 121.3, 0.0, 0.0
20210328162606.52, 121.3, 0.0, 0.0
20210328162607.62, 121.3, 0.0, 0.0
20210328162608.68, 121.3, 0.0, 0.0
20210328162609.75, 121.3, 0.0, 0.0
20210328162610.84, 121.3, 0.0, 0.0
20210328162611.94, 121.3, 0.0, 0.0
20210328162613.01, 121.3, 0.0, 0.0
20210328162614.11, 121.3, 0.0, 0.0
20210328162615.31, 121.3, 0.0, 0.0
20210328162616.35, 121.3, 0.0, 0.0
20210328162617.47, 121.3, 0.0, 0.0
20210328162618.59, 121.3, 0.0, 0.0
20210328162619.65, 121.4, 0.0, 0.0
20210328162620.7, 121.4, 0.0, 0.0
20210328162621.82, 121.4, 0.0, 0.0
20210328162622.87, 121.4, 0.0, 0.0
20210328162624.0, 121.3, 0.0, 0.0
20210328162625.11, 121.3, 0.0, 0.0
20210328162626.16, 121.4, 0.0, 0.0
20210328162627.22, 121.4, 0.0, 0.0
20210328162628.27, 121.3, 0.0, 0.0
20210328162629.36, 121.3, 0.0, 0.0
20210328162630.41, 121.3, 0.0, 0.0
20210328162631.48, 121.3, 0.0, 0.0
20210328162632.6, 121.3, 0.0, 0.0
20210328162633.72, 121.2, 0.0, 0.0
20210328162634.83, 121.2, 0.0, 0.0
20210328162635.89, 121.3, 0.0, 0.0
20210328162636.95, 121.3, 0.0, 0.0
20210328162638.07, 121.3, 0.0, 0.0
20210328162639.18, 121.3, 0.0, 0.0
20210328162640.27, 121.2, 0.0, 0.0
20210328162641.36, 121.2, 0.0, 0.0
20210328162642.47, 121.3, 0.0, 0.0
20210328162643.59, 121.3, 0.0, 0.0
20210328162644.67, 121.3, 0.0, 0.0
20210328162645.73, 121.3, 0.0, 0.0
20210328162646.83, 121.2, 0.0, 0.0
20210328162647.89, 121.2, 0.0, 0.0
20210328162649.04, 121.3, 0.0, 0.0
20210328162650.08, 121.3, 0.0, 0.0
20210328162651.12, 121.3, 0.0, 0.0
20210328162652.27, 121.3, 0.0, 0.0
20210328162653.35, 121.3, 0.0, 0.0
20210328162654.4, 121.3, 0.0, 0.0
20210328162655.45, 121.3, 0.0, 0.0
20210328162656.58, 121.3, 0.1, 0.0
20210328162657.7, 121.3, 0.1, 0.0
20210328162658.75, 121.3, 0.1, 0.0
20210328162659.83, 121.3, 0.1, 0.0
20210328162700.94, 121.3, 0.1, 0.0
20210328162702.04, 121.3, 0.1, 0.0
20210328162703.09, 121.3, 0.1, 0.0
20210328162704.22, 121.3, 0.1, 0.0
20210328162705.28, 121.3, 0.1, 0.0
20210328162706.34, 121.3, 0.1, 0.0
20210328162707.48, 121.2, 0.1, 0.0
20210328162708.63, 121.2, 0.1, 0.0
20210328162709.8, 121.3, 0.1, 0.0
20210328162710.9, 121.2, 0.0, 0.0
20210328162712.02, 121.2, 0.0, 0.0
20210328162713.13, 121.3, 0.0, 0.0
20210328162714.24, 121.3, 0.0, 0.0
20210328162715.28, 121.3, 0.0, 0.0
20210328162716.34, 121.3, 0.0, 0.0
20210328162717.42, 121.2, 0.0, 0.0
20210328162718.53, 121.2, 0.0, 0.0
20210328162719.61, 121.2, 0.0, 0.0
20210328162720.68, 121.2, 0.0, 0.0
20210328162721.79, 121.2, 0.0, 0.0
20210328162722.86, 121.2, 0.0, 0.0
20210328162723.93, 121.2, 0.0, 0.0
20210328162725.05, 121.2, 0.0, 0.0
20210328162726.15, 121.3, 0.0, 0.0
20210328162727.28, 121.3, 0.0, 0.0
20210328162728.34, 121.3, 0.0, 0.0
20210328162729.41, 121.3, 0.0, 0.0
20210328162730.46, 121.3, 0.0, 0.0
20210328162731.59, 121.3, 0.0, 0.0
20210328162732.64, 121.3, 0.0, 0.0
20210328162733.77, 121.3, 0.0, 0.0
20210328162734.86, 121.3, 0.0, 0.0
20210328162735.95, 121.3, 0.0, 0.0
20210328162737.07, 121.3, 0.0, 0.0
20210328162738.12, 121.3, 0.0, 0.0
20210328162739.2, 121.3, 0.0, 0.0
20210328162740.27, 121.3, 0.0, 0.0
20210328162741.33, 121.3, 0.0, 0.0
20210328162742.41, 121.3, 0.0, 0.0
20210328162743.45, 121.3, 0.0, 0.0
20210328162744.5, 121.3, 0.0, 0.0
20210328162745.59, 121.3, 0.0, 0.0
20210328162746.69, 121.3, 0.0, 0.0
20210328162747.79, 121.4, 0.0, 0.0
20210328162748.87, 121.4, 0.0, 0.0
20210328162749.91, 121.3, 0.0, 0.0
20210328162751.05, 121.3, 0.0, 0.0
20210328162752.15, 121.3, 0.0, 0.0
20210328162753.27, 121.3, 0.0, 0.0
20210328162754.33, 121.3, 0.0, 0.0
20210328162755.38, 121.3, 0.0, 0.0
20210328162756.43, 121.3, 0.0, 0.0
20210328162757.54, 121.3, 0.0, 0.0
20210328162758.68, 121.3, 0.0, 0.0
20210328162759.79, 121.3, 0.0, 0.0
20210328162800.83, 121.4, 0.0, 0.0
20210328162801.89, 121.4, 0.0, 0.0
20210328162803.0, 121.3, 0.0, 0.0
20210328162804.05, 121.3, 0.0, 0.0
20210328162805.15, 121.4, 0.0, 0.0
20210328162806.25, 121.4, 0.0, 0.0
20210328162807.34, 121.4, 0.0, 0.0
20210328162808.41, 121.3, 0.0, 0.0
20210328162809.46, 121.3, 0.0, 0.0
20210328162810.59, 121.4, 0.0, 0.0
20210328162811.71, 121.4, 0.0, 0.0
20210328162812.83, 121.4, 0.0, 0.0
20210328162813.89, 121.4, 0.0, 0.0
20210328162814.95, 121.4, 0.0, 0.0
20210328162816.06, 121.4, 0.0, 0.0
20210328162817.1, 121.4, 0.0, 0.0
20210328162818.21, 121.4, 0.0, 0.0
20210328162819.31, 121.4, 0.0, 0.0
20210328162820.35, 121.4, 0.0, 0.0
20210328162821.46, 121.4, 0.0, 0.0
20210328162822.76, 121.4, 0.0, 0.0
20210328162823.83, 121.4, 0.0, 0.0
20210328162824.88, 121.4, 0.0, 0.0
20210328162825.99, 121.4, 0.0, 0.0
20210328162827.09, 121.3, 0.0, 0.0
20210328162828.23, 121.3, 0.0, 0.0
20210328162829.34, 121.4, 0.0, 0.0
20210328162830.44, 121.4, 0.0, 0.0
20210328162831.57, 121.3, 0.0, 0.0
20210328162832.61, 121.3, 0.0, 0.0
20210328162833.71, 121.4, 0.0, 0.0
20210328162834.82, 121.4, 0.0, 0.0
20210328162835.88, 121.3, 0.0, 0.0
20210328162836.95, 121.3, 0.0, 0.0
20210328162838.06, 121.4, 0.0, 0.0
20210328162839.19, 121.3, 0.0, 0.0
20210328162840.28, 121.3, 0.0, 0.0
20210328162841.37, 121.4, 0.0, 0.0
20210328162842.45, 121.4, 0.0, 0.0
20210328162843.58, 121.3, 0.0, 0.0
20210328162844.65, 121.3, 0.0, 0.0
20210328162845.77, 121.3, 0.0, 0.0
20210328162846.84, 121.3, 0.0, 0.0
20210328162847.89, 121.3, 0.0, 0.0
20210328162848.97, 121.3, 0.0, 0.0
20210328162850.03, 121.4, 0.0, 0.0
20210328162851.11, 121.4, 0.0, 0.0
20210328162852.24, 121.4, 0.0, 0.0
20210328162853.31, 121.4, 0.0, 0.0
20210328162854.43, 121.3, 0.0, 0.0
20210328162855.55, 121.3, 0.0, 0.0
20210328162856.68, 121.3, 0.0, 0.0
20210328162857.78, 121.3, 0.0, 0.0
20210328162858.86, 121.3, 0.0, 0.0
20210328162859.97, 121.3, 0.0, 0.0
20210328162901.06, 121.3, 0.0, 0.0
20210328162902.14, 121.3, 0.0, 0.0
20210328162903.25, 121.3, 0.0, 0.0
20210328162904.33, 121.3, 0.0, 0.0
20210328162905.41, 121.3, 0.0, 0.0
20210328162906.45, 121.3, 0.0, 0.0
20210328162907.54, 121.3, 0.0, 0.0
20210328162908.65, 121.3, 0.0, 0.0
20210328162909.73, 121.3, 0.0, 0.0
20210328162910.83, 121.3, 0.0, 0.0
20210328162911.93, 121.3, 0.0, 0.0
20210328162913.04, 121.3, 0.0, 0.0
20210328162914.17, 121.3, 0.0, 0.0
20210328162915.21, 121.3, 0.0, 0.0
20210328162916.32, 121.3, 0.0, 0.0
20210328162917.36, 121.3, 0.0, 0.0
20210328162918.42, 121.3, 0.0, 0.0
20210328162919.46, 121.3, 0.0, 0.0
20210328162920.59, 121.3, 0.0, 0.0
20210328162921.68, 121.3, 0.0, 0.0
20210328162922.8, 121.3, 0.0, 0.0
20210328162923.88, 121.3, 0.0, 0.0
20210328162924.95, 121.3, 0.0, 0.0
20210328162926.01, 121.3, 0.0, 0.0
20210328162927.05, 121.3, 0.0, 0.0
20210328162928.14, 121.3, 0.0, 0.0
20210328162929.27, 121.3, 0.0, 0.0
20210328162930.34, 121.3, 0.0, 0.0
20210328162931.38, 121.3, 0.0, 0.0
20210328162932.46, 121.3, 0.0, 0.0
20210328162933.58, 121.4, 0.0, 0.0
20210328162934.71, 121.4, 0.0, 0.0
20210328162935.81, 121.4, 0.0, 0.0
20210328162936.85, 121.3, 0.0, 0.0
20210328162937.95, 121.3, 0.0, 0.0
20210328162939.01, 121.3, 0.0, 0.0
20210328162940.11, 121.3, 0.0, 0.0
20210328162941.22, 121.3, 0.0, 0.0
20210328162942.31, 121.3, 0.0, 0.0
20210328162943.37, 121.3, 0.0, 0.0
20210328162944.45, 121.3, 0.0, 0.0
20210328162945.48, 121.3, 0.0, 0.0
20210328162946.57, 121.3, 0.0, 0.0
20210328162947.67, 121.2, 0.0, 0.0
20210328162948.73, 121.2, 0.0, 0.0
20210328162949.82, 121.2, 0.0, 0.0
20210328162950.88, 121.2, 0.0, 0.0
20210328162951.94, 121.2, 0.0, 0.0
20210328162952.99, 121.2, 0.0, 0.0
20210328162954.03, 121.2, 0.0, 0.0
20210328162955.13, 121.2, 0.0, 0.0
20210328162956.27, 121.2, 0.0, 0.0
20210328162957.36, 121.2, 0.0, 0.0
20210328162958.41, 121.2, 0.0, 0.0
20210328162959.5, 121.2, 0.0, 0.0
20210328163000.6, 121.2, 0.0, 0.0
20210328163001.7, 121.2, 0.0, 0.0
20210328163002.82, 121.2, 0.0, 0.0
20210328163003.87, 121.2, 0.0, 0.0
20210328163004.93, 121.2, 0.0, 0.0
20210328163006.03, 121.2, 0.0, 0.0
20210328163007.09, 121.2, 0.0, 0.0
20210328163008.21, 121.2, 0.0, 0.0
20210328163009.34, 121.2, 0.0, 0.0
20210328163010.4, 121.2, 0.0, 0.0
20210328163011.46, 121.2, 0.0, 0.0
20210328163012.59, 121.3, 0.0, 0.0
20210328163013.69, 121.3, 0.0, 0.0
20210328163014.75, 121.3, 0.0, 0.0
20210328163015.84, 121.3, 0.0, 0.0
20210328163016.93, 121.3, 0.0, 0.0
20210328163018.03, 121.3, 0.0, 0.0
20210328163019.14, 121.3, 0.0, 0.0
20210328163020.25, 121.3, 0.0, 0.0
20210328163021.3, 121.3, 0.0, 0.0
20210328163022.36, 121.3, 0.0, 0.0
20210328163023.42, 121.3, 0.0, 0.0
20210328163024.5, 121.2, 0.0, 0.0
20210328163025.59, 121.2, 0.0, 0.0
20210328163026.69, 121.2, 0.0, 0.0
20210328163027.79, 121.2, 0.0, 0.0
20210328163028.85, 121.3, 0.0, 0.0
20210328163029.96, 121.3, 0.0, 0.0
20210328163031.04, 121.2, 0.0, 0.0
20210328163032.14, 121.2, 0.0, 0.0
20210328163033.24, 121.2, 0.0, 0.0
20210328163034.35, 121.2, 0.0, 0.0
20210328163035.47, 121.2, 0.0, 0.0
20210328163036.53, 121.3, 0.0, 0.0
20210328163037.58, 121.3, 0.0, 0.0
20210328163038.71, 121.3, 0.0, 0.0
20210328163039.84, 121.3, 0.0, 0.0
20210328163040.95, 121.3, 0.0, 0.0
20210328163042.04, 121.3, 0.0, 0.0
20210328163043.11, 121.3, 0.0, 0.0
20210328163044.2, 121.3, 0.0, 0.0
20210328163045.32, 121.3, 0.0, 0.0
20210328163046.37, 121.3, 0.0, 0.0
20210328163047.5, 121.3, 0.0, 0.0
20210328163048.62, 121.3, 0.0, 0.0
20210328163049.67, 121.3, 0.0, 0.0
20210328163050.72, 121.3, 0.0, 0.0
20210328163051.83, 121.2, 0.0, 0.0
20210328163052.89, 121.2, 0.0, 0.0
20210328163054.05, 121.2, 0.0, 0.0
20210328163055.16, 121.2, 0.0, 0.0
20210328163056.28, 121.2, 0.0, 0.0
20210328163057.36, 121.2, 0.0, 0.0
20210328163058.41, 121.2, 0.0, 0.0
20210328163059.52, 121.2, 0.0, 0.0
20210328163100.61, 121.2, 0.0, 0.0
20210328163101.71, 121.2, 0.0, 0.0
20210328163102.82, 121.2, 0.0, 0.0
20210328163103.91, 121.2, 0.0, 0.0
20210328163105.01, 121.2, 0.0, 0.0
20210328163106.11, 121.2, 0.0, 0.0
20210328163107.35, 121.2, 0.0, 0.0
20210328163108.39, 121.2, 0.0, 0.0
20210328163109.52, 121.2, 0.0, 0.0
20210328163110.64, 121.2, 0.0, 0.0
20210328163111.77, 121.2, 0.0, 0.0
20210328163112.86, 121.2, 0.0, 0.0
20210328163113.95, 121.2, 0.0, 0.0
20210328163115.06, 121.2, 0.0, 0.0
20210328163116.16, 121.2, 0.0, 0.0
20210328163117.27, 121.2, 0.0, 0.0
20210328163118.34, 121.2, 0.0, 0.0
20210328163119.46, 121.2, 0.0, 0.0
20210328163120.53, 121.2, 0.0, 0.0
20210328163121.67, 121.2, 0.0, 0.0
20210328163122.8, 121.2, 0.0, 0.0
20210328163123.87, 121.2, 0.0, 0.0
20210328163125.01, 121.2, 0.0, 0.0
20210328163126.1, 121.2, 0.0, 0.0
20210328163127.19, 121.2, 0.0, 0.0
20210328163128.31, 121.1, 0.0, 0.0
20210328163129.38, 121.1, 0.0, 0.0
20210328163130.48, 121.1, 0.0, 0.0
20210328163131.61, 121.1, 0.0, 0.0
20210328163132.69, 121.1, 0.0, 0.0
20210328163133.73, 121.1, 0.0, 0.0
20210328163134.8, 121.2, 0.0, 0.0
20210328163135.85, 121.2, 0.0, 0.0
20210328163136.93, 121.2, 0.0, 0.0
20210328163138.07, 121.2, 0.0, 0.0
20210328163139.23, 121.2, 0.0, 0.0
20210328163140.31, 121.2, 0.0, 0.0
20210328163141.38, 121.2, 0.0, 0.0
20210328163142.48, 121.2, 0.0, 0.0
20210328163143.59, 121.2, 0.0, 0.0
20210328163144.64, 121.2, 0.0, 0.0
20210328163145.75, 121.2, 0.0, 0.0
20210328163146.81, 121.2, 0.0, 0.0
20210328163147.87, 121.2, 0.0, 0.0
20210328163148.94, 121.2, 0.0, 0.0
20210328163150.05, 121.2, 0.0, 0.0
20210328163151.18, 121.3, 0.0, 0.0
20210328163152.28, 121.3, 0.0, 0.0
20210328163153.36, 121.3, 0.0, 0.0
20210328163154.43, 121.3, 0.0, 0.0
20210328163155.47, 121.2, 0.0, 0.0
20210328163156.52, 121.2, 0.0, 0.0
20210328163157.65, 121.2, 0.0, 0.0
20210328163158.78, 121.2, 0.0, 0.0
20210328163159.84, 121.2, 0.0, 0.0
20210328163200.9, 121.2, 0.0, 0.0
20210328163201.96, 121.2, 0.0, 0.0
20210328163203.02, 121.3, 0.0, 0.0
20210328163204.14, 121.3, 0.0, 0.0
20210328163205.2, 121.2, 0.0, 0.0
20210328163206.31, 121.2, 0.0, 0.0
20210328163207.36, 121.2, 0.0, 0.0
20210328163208.4, 121.2, 0.0, 0.0
20210328163209.46, 121.2, 0.0, 0.0
20210328163210.51, 121.2, 0.0, 0.0
20210328163211.56, 121.2, 0.0, 0.0
20210328163212.71, 121.2, 0.0, 0.0
20210328163213.82, 121.2, 0.0, 0.0
20210328163214.88, 121.2, 0.0, 0.0
20210328163215.92, 121.1, 0.0, 0.0
20210328163216.97, 121.1, 0.0, 0.0
20210328163218.05, 121.2, 0.0, 0.0
20210328163219.16, 121.2, 0.0, 0.0
20210328163220.27, 121.2, 0.0, 0.0
20210328163221.36, 121.2, 0.0, 0.0
20210328163222.44, 121.2, 0.0, 0.0
20210328163223.57, 121.2, 0.0, 0.0
20210328163224.7, 121.2, 0.0, 0.0
20210328163225.8, 121.2, 0.0, 0.0
20210328163226.84, 121.2, 0.0, 0.0
20210328163227.91, 121.2, 0.0, 0.0
20210328163228.98, 121.2, 0.0, 0.0
20210328163230.08, 121.2, 0.0, 0.0
20210328163231.16, 121.2, 0.0, 0.0
20210328163232.2, 121.2, 0.0, 0.0
20210328163233.28, 121.2, 0.0, 0.0
20210328163234.34, 121.3, 0.0, 0.0
20210328163235.43, 121.3, 0.0, 0.0
20210328163236.48, 121.3, 0.0, 0.0
20210328163237.62, 121.3, 0.0, 0.0
20210328163238.73, 121.3, 0.0, 0.0
20210328163239.89, 121.3, 0.0, 0.0
20210328163240.98, 121.3, 0.0, 0.0
20210328163242.09, 121.2, 0.0, 0.0
20210328163243.2, 121.2, 0.0, 0.0
20210328163244.26, 121.3, 0.0, 0.0
20210328163245.36, 121.3, 0.0, 0.0
20210328163246.41, 121.2, 0.0, 0.0
20210328163247.5, 121.2, 0.0, 0.0
20210328163248.61, 121.3, 0.0, 0.0
20210328163249.65, 121.3, 0.0, 0.0
20210328163250.76, 121.2, 0.0, 0.0
20210328163251.84, 121.2, 0.0, 0.0
20210328163252.89, 121.2, 0.0, 0.0
20210328163253.94, 121.2, 0.0, 0.0
20210328163255.05, 121.2, 0.0, 0.0
20210328163256.19, 121.2, 0.0, 0.0
20210328163257.23, 121.2, 0.0, 0.0
20210328163258.34, 121.2, 0.0, 0.0
20210328163259.46, 121.2, 0.0, 0.0
20210328163300.5, 121.2, 0.0, 0.0
20210328163301.62, 121.2, 0.0, 0.0
20210328163302.67, 121.2, 0.0, 0.0
20210328163303.77, 121.2, 0.0, 0.0
20210328163304.84, 121.2, 0.0, 0.0
20210328163305.91, 121.2, 0.0, 0.0
20210328163307.0, 121.2, 0.0, 0.0
20210328163308.09, 121.2, 0.0, 0.0
20210328163309.16, 121.2, 0.0, 0.0
20210328163310.29, 121.2, 0.0, 0.0
20210328163311.34, 121.2, 0.0, 0.0
20210328163312.39, 121.2, 0.0, 0.0
20210328163313.53, 121.2, 0.0, 0.0
20210328163314.65, 121.2, 0.0, 0.0
20210328163315.78, 121.2, 0.0, 0.0
20210328163316.92, 121.2, 0.0, 0.0
20210328163317.96, 121.2, 0.0, 0.0
20210328163319.07, 121.2, 0.0, 0.0
20210328163320.18, 121.2, 0.0, 0.0
20210328163321.29, 121.2, 0.0, 0.0
20210328163322.36, 121.2, 0.0, 0.0
20210328163323.45, 121.2, 0.0, 0.0
20210328163324.5, 121.2, 0.0, 0.0
20210328163325.59, 121.2, 0.0, 0.0
20210328163326.71, 121.2, 0.0, 0.0
20210328163327.82, 121.1, 0.0, 0.0
20210328163328.93, 121.1, 0.0, 0.0
20210328163329.97, 121.2, 0.0, 0.0
20210328163331.07, 121.2, 0.0, 0.0
20210328163332.18, 121.2, 0.0, 0.0
20210328163333.38, 121.2, 0.0, 0.0
20210328163334.42, 121.2, 0.0, 0.0
20210328163335.52, 121.2, 0.0, 0.0
20210328163336.63, 121.2, 0.0, 0.0
20210328163337.67, 121.1, 0.0, 0.0
20210328163338.78, 121.1, 0.0, 0.0
20210328163339.82, 121.2, 0.0, 0.0
20210328163340.89, 121.2, 0.0, 0.0
20210328163342.02, 121.2, 0.0, 0.0
20210328163343.11, 121.2, 0.0, 0.0
20210328163344.18, 121.2, 0.0, 0.0
20210328163345.29, 121.2, 0.0, 0.0
20210328163346.34, 121.2, 0.0, 0.0
20210328163347.44, 121.2, 0.0, 0.0
20210328163348.48, 121.2, 0.0, 0.0
20210328163349.61, 121.2, 0.0, 0.0
20210328163350.7, 121.2, 0.0, 0.0
20210328163351.83, 121.2, 0.0, 0.0
20210328163352.98, 121.2, 0.0, 0.0
20210328163354.02, 121.2, 0.0, 0.0
20210328163355.06, 121.2, 0.0, 0.0
20210328163356.13, 121.2, 0.0, 0.0
20210328163357.23, 121.2, 0.0, 0.0
20210328163358.3, 121.2, 0.0, 0.0
20210328163359.38, 121.2, 0.0, 0.0
20210328163400.46, 121.1, 0.0, 0.0
20210328163401.57, 121.1, 0.0, 0.0
20210328163402.66, 121.1, 0.0, 0.0
20210328163403.75, 121.1, 0.0, 0.0
20210328163404.79, 121.1, 0.0, 0.0
20210328163405.87, 121.1, 0.0, 0.0
20210328163406.94, 121.1, 0.0, 0.0
20210328163408.05, 121.1, 0.0, 0.0
20210328163409.15, 121.1, 0.0, 0.0
20210328163410.3, 121.1, 0.0, 0.0
20210328163411.4, 121.2, 0.0, 0.0
20210328163412.48, 121.2, 0.0, 0.0
20210328163413.6, 121.2, 0.0, 0.0
20210328163414.65, 121.2, 0.0, 0.0
20210328163415.78, 121.2, 0.0, 0.0
20210328163416.86, 121.2, 0.0, 0.0
20210328163417.97, 121.2, 0.0, 0.0
20210328163419.05, 121.2, 0.0, 0.0
20210328163420.15, 121.2, 0.0, 0.0
20210328163421.22, 121.1, 0.0, 0.0
20210328163422.33, 121.1, 0.0, 0.0
20210328163423.38, 121.1, 0.0, 0.0
20210328163424.46, 121.1, 0.0, 0.0
20210328163425.5, 121.1, 0.0, 0.0
20210328163426.61, 121.1, 0.0, 0.0
20210328163427.71, 121.1, 0.0, 0.0
20210328163428.81, 121.1, 0.0, 0.0
20210328163429.86, 121.0, 0.0, 0.0
20210328163430.99, 121.0, 0.0, 0.0
20210328163432.03, 121.0, 0.0, 0.0
20210328163433.11, 121.0, 0.0, 0.0
20210328163434.17, 121.0, 0.0, 0.0
20210328163435.24, 121.1, 0.0, 0.0
20210328163436.34, 121.1, 0.0, 0.0
20210328163437.38, 121.0, 0.0, 0.0
20210328163438.5, 121.0, 0.0, 0.0
20210328163439.62, 121.0, 0.0, 0.0
20210328163440.75, 121.0, 0.0, 0.0
20210328163441.8, 121.1, 0.0, 0.0
20210328163442.87, 121.1, 0.0, 0.0
20210328163443.98, 121.1, 0.0, 0.0
20210328163445.09, 121.1, 0.0, 0.0
20210328163446.2, 121.1, 0.0, 0.0
20210328163447.33, 121.1, 0.0, 0.0
20210328163448.51, 121.1, 0.0, 0.0
20210328163449.61, 121.1, 0.0, 0.0
20210328163450.73, 121.1, 0.0, 0.0
20210328163451.84, 121.1, 0.0, 0.0
20210328163452.89, 121.1, 0.0, 0.0
20210328163454.02, 121.1, 0.0, 0.0
20210328163455.12, 121.1, 0.0, 0.0
20210328163456.25, 121.1, 0.0, 0.0
20210328163457.36, 121.1, 0.0, 0.0
20210328163458.43, 121.1, 0.0, 0.0
20210328163459.53, 121.1, 0.0, 0.0
20210328163500.59, 121.1, 0.0, 0.0
20210328163501.71, 121.1, 0.0, 0.0
20210328163502.81, 121.1, 0.0, 0.0
20210328163503.88, 121.1, 0.0, 0.0
20210328163505.0, 121.1, 0.0, 0.0
20210328163506.08, 121.1, 0.0, 0.0
20210328163507.16, 121.1, 0.0, 0.0
20210328163508.28, 121.1, 0.0, 0.0
20210328163509.36, 121.1, 0.0, 0.0
20210328163510.42, 121.1, 0.0, 0.0
20210328163511.57, 121.1, 0.0, 0.0
20210328163512.68, 121.1, 0.0, 0.0
20210328163513.81, 121.1, 0.0, 0.0
20210328163514.88, 121.1, 0.0, 0.0
20210328163515.95, 121.1, 0.0, 0.0
20210328163516.99, 121.1, 0.0, 0.0
20210328163518.13, 121.1, 0.0, 0.0
20210328163519.23, 121.1, 0.0, 0.0
20210328163520.32, 121.1, 0.0, 0.0
20210328163521.4, 121.1, 0.0, 0.0
20210328163522.54, 121.1, 0.0, 0.0
20210328163523.64, 121.1, 0.0, 0.0
20210328163524.75, 121.1, 0.0, 0.0
20210328163525.86, 121.1, 0.0, 0.0
20210328163526.91, 121.1, 0.0, 0.0
20210328163527.96, 121.1, 0.0, 0.0
20210328163529.0, 121.1, 0.0, 0.0
20210328163530.04, 121.1, 0.0, 0.0
20210328163531.11, 121.0, 0.0, 0.0
20210328163532.22, 121.0, 0.0, 0.0
20210328163533.32, 121.0, 0.0, 0.0
20210328163534.39, 121.0, 0.0, 0.0
20210328163535.49, 121.0, 0.0, 0.0
20210328163536.54, 121.0, 0.0, 0.0
20210328163537.65, 121.0, 0.0, 0.0
20210328163538.76, 121.0, 0.0, 0.0
20210328163539.87, 121.0, 0.0, 0.0
20210328163540.92, 121.0, 0.0, 0.0
20210328163542.05, 121.0, 0.0, 0.0
20210328163543.11, 121.0, 0.0, 0.0
20210328163544.25, 121.0, 0.0, 0.0
20210328163545.35, 121.0, 0.0, 0.0
20210328163546.41, 121.0, 0.0, 0.0
20210328163547.53, 121.1, 0.0, 0.0
20210328163548.61, 121.1, 0.0, 0.0
20210328163549.73, 121.1, 0.0, 0.0
20210328163550.79, 121.1, 0.0, 0.0
20210328163551.87, 121.0, 0.0, 0.0
20210328163552.93, 121.0, 0.0, 0.0
20210328163554.02, 121.1, 0.0, 0.0
20210328163555.29, 121.1, 0.0, 0.0
20210328163556.34, 121.1, 0.0, 0.0
20210328163557.48, 121.1, 0.0, 0.0
20210328163558.54, 121.1, 0.0, 0.0
20210328163559.62, 121.2, 0.0, 0.0
20210328163600.75, 121.2, 0.0, 0.0
20210328163601.84, 120.9, 0.0, 0.0
20210328163602.91, 120.9, 0.0, 0.0
20210328163604.03, 121.1, 0.0, 0.0
20210328163605.17, 121.1, 0.0, 0.0
20210328163606.22, 121.1, 0.0, 0.0
20210328163607.34, 121.1, 0.0, 0.0
20210328163608.41, 121.1, 0.0, 0.0
20210328163609.52, 121.1, 0.0, 0.0
20210328163610.67, 121.1, 0.0, 0.0
20210328163611.75, 121.1, 0.0, 0.0
20210328163612.84, 121.1, 0.0, 0.0
20210328163613.95, 121.1, 0.0, 0.0
20210328163615.06, 121.1, 0.0, 0.0
20210328163616.17, 121.1, 0.0, 0.0
20210328163617.22, 121.1, 0.0, 0.0
20210328163618.26, 121.1, 0.0, 0.0
20210328163619.36, 121.1, 0.0, 0.0
20210328163620.42, 121.1, 0.0, 0.0
20210328163621.54, 121.1, 0.0, 0.0
20210328163622.65, 121.1, 0.0, 0.0
20210328163623.72, 121.1, 0.0, 0.0
20210328163624.76, 121.1, 0.0, 0.0
20210328163625.85, 121.1, 0.0, 0.0
20210328163626.89, 121.1, 0.0, 0.0
20210328163627.93, 121.1, 0.0, 0.0
20210328163629.03, 121.1, 0.0, 0.0
20210328163630.08, 121.1, 0.0, 0.0
20210328163631.18, 121.1, 0.0, 0.0
20210328163632.29, 121.1, 0.0, 0.0
20210328163633.36, 121.1, 0.0, 0.0
20210328163634.41, 121.0, 0.0, 0.0
20210328163635.53, 121.0, 0.0, 0.0
20210328163636.63, 121.0, 0.0, 0.0
20210328163637.72, 121.0, 0.0, 0.0
20210328163638.77, 121.0, 0.0, 0.0
20210328163639.84, 121.0, 0.0, 0.0
20210328163640.97, 121.0, 0.0, 0.0
20210328163642.02, 121.0, 0.0, 0.0
20210328163643.11, 121.0, 0.0, 0.0
20210328163644.22, 121.0, 0.0, 0.0
20210328163645.31, 121.0, 0.0, 0.0
20210328163646.37, 121.0, 0.0, 0.0
20210328163647.45, 121.1, 0.0, 0.0
20210328163648.63, 121.1, 0.0, 0.0
20210328163649.7, 121.1, 0.0, 0.0
20210328163650.81, 121.1, 0.0, 0.0
20210328163651.88, 121.1, 0.0, 0.0
20210328163652.95, 121.1, 0.0, 0.0
20210328163654.07, 121.1, 0.0, 0.0
20210328163655.16, 121.1, 0.0, 0.0
20210328163656.3, 121.1, 0.0, 0.0
20210328163657.34, 121.1, 0.0, 0.0
20210328163658.39, 121.1, 0.0, 0.0
20210328163659.49, 121.1, 0.0, 0.0
20210328163700.64, 121.1, 0.0, 0.0
20210328163701.75, 121.0, 0.0, 0.0
20210328163702.85, 121.0, 0.0, 0.0
20210328163703.95, 121.0, 0.0, 0.0
20210328163705.03, 121.0, 0.0, 0.0
20210328163706.17, 121.0, 0.0, 0.0
20210328163707.3, 121.0, 0.0, 0.0
20210328163708.37, 121.0, 0.0, 0.0
20210328163709.42, 121.0, 0.0, 0.0
20210328163710.54, 121.0, 0.0, 0.0
20210328163711.58, 121.0, 0.0, 0.0
20210328163712.7, 121.0, 0.0, 0.0
20210328163713.74, 121.0, 0.0, 0.0
20210328163714.79, 121.0, 0.0, 0.0
20210328163715.86, 121.0, 0.0, 0.0
20210328163716.92, 121.0, 0.0, 0.0
20210328163717.97, 121.0, 0.0, 0.0
20210328163719.04, 121.0, 0.0, 0.0
20210328163720.12, 121.0, 0.0, 0.0
20210328163721.24, 121.0, 0.0, 0.0
20210328163722.34, 121.1, 0.0, 0.0
20210328163723.4, 121.1, 0.0, 0.0
20210328163724.44, 121.1, 0.0, 0.0
20210328163725.51, 121.1, 0.0, 0.0
20210328163726.57, 121.1, 0.0, 0.0
20210328163727.7, 121.1, 0.0, 0.0
20210328163728.76, 121.1, 0.0, 0.0
20210328163729.83, 121.0, 0.0, 0.0
20210328163730.88, 121.0, 0.0, 0.0
20210328163731.96, 121.0, 0.0, 0.0
20210328163733.02, 121.0, 0.0, 0.0
20210328163734.1, 121.0, 0.0, 0.0
20210328163735.23, 121.0, 0.0, 0.0
20210328163736.35, 121.0, 0.0, 0.0
20210328163737.42, 121.0, 0.0, 0.0
20210328163738.53, 121.0, 0.0, 0.0
20210328163739.59, 121.0, 0.0, 0.0
20210328163740.64, 121.0, 0.0, 0.0
20210328163741.78, 121.0, 0.0, 0.0
20210328163742.84, 121.0, 0.0, 0.0
20210328163743.9, 121.0, 0.0, 0.0
20210328163744.94, 121.1, 0.0, 0.0
20210328163746.06, 121.1, 0.0, 0.0
20210328163747.17, 121.1, 0.0, 0.0
20210328163748.23, 121.1, 0.0, 0.0
20210328163749.34, 121.1, 0.0, 0.0
20210328163750.39, 121.1, 0.0, 0.0
20210328163751.47, 121.1, 0.0, 0.0
20210328163752.61, 121.1, 0.0, 0.0
20210328163753.73, 121.1, 0.0, 0.0
20210328163754.84, 121.0, 0.0, 0.0
20210328163755.95, 121.0, 0.0, 0.0
20210328163756.99, 121.0, 0.0, 0.0
20210328163758.13, 121.0, 0.0, 0.0
20210328163759.22, 121.0, 0.0, 0.0
20210328163800.31, 121.0, 0.0, 0.0
20210328163801.36, 121.0, 0.0, 0.0
20210328163802.42, 121.0, 0.0, 0.0
20210328163803.48, 121.0, 0.0, 0.0
20210328163804.6, 121.0, 0.0, 0.0
20210328163805.79, 121.0, 0.0, 0.0
20210328163806.84, 121.0, 0.0, 0.0
20210328163807.89, 121.0, 0.0, 0.0
20210328163808.96, 121.0, 0.0, 0.0
20210328163810.02, 121.0, 0.0, 0.0
20210328163811.11, 121.0, 0.0, 0.0
20210328163812.23, 121.0, 0.0, 0.0
20210328163813.34, 121.0, 0.0, 0.0
20210328163814.46, 121.0, 0.0, 0.0
20210328163815.57, 121.0, 0.0, 0.0
20210328163816.71, 121.0, 0.0, 0.0
20210328163817.81, 121.0, 0.0, 0.0
20210328163818.87, 121.0, 0.0, 0.0
20210328163819.93, 121.1, 0.0, 0.0
20210328163820.98, 121.1, 0.0, 0.0
20210328163822.09, 121.1, 0.0, 0.0
20210328163823.23, 121.0, 0.0, 0.0
20210328163824.29, 121.0, 0.0, 0.0
20210328163825.34, 120.9, 0.0, 0.0
20210328163826.39, 120.9, 0.0, 0.0
20210328163827.54, 121.0, 0.0, 0.0
20210328163828.64, 121.0, 0.0, 0.0
20210328163829.75, 121.0, 0.0, 0.0
20210328163830.82, 121.0, 0.0, 0.0
20210328163831.86, 121.0, 0.0, 0.0
20210328163832.94, 121.0, 0.0, 0.0
20210328163833.98, 121.0, 0.0, 0.0
20210328163835.1, 121.0, 0.0, 0.0
20210328163836.22, 121.0, 0.0, 0.0
20210328163837.29, 121.0, 0.0, 0.0
20210328163838.35, 121.0, 0.0, 0.0
20210328163839.47, 121.0, 0.0, 0.0
20210328163840.53, 121.0, 0.0, 0.0
20210328163841.65, 121.0, 0.0, 0.0
20210328163842.79, 121.0, 0.0, 0.0
20210328163843.84, 121.1, 0.0, 0.0
20210328163844.91, 121.1, 0.0, 0.0
20210328163846.0, 121.1, 0.0, 0.0
20210328163847.15, 121.1, 0.0, 0.0
20210328163848.22, 121.1, 0.0, 0.0
20210328163849.33, 121.1, 0.0, 0.0
20210328163850.36, 121.1, 0.0, 0.0
20210328163851.48, 121.1, 0.0, 0.0
20210328163852.59, 121.1, 0.0, 0.0
20210328163853.71, 121.1, 0.0, 0.0
20210328163854.77, 121.1, 0.0, 0.0
20210328163855.86, 121.1, 0.0, 0.0
20210328163856.97, 121.1, 0.0, 0.0
20210328163858.11, 121.1, 0.0, 0.0
20210328163859.21, 121.1, 0.0, 0.0
20210328163900.31, 121.0, 0.0, 0.0
20210328163901.38, 121.0, 0.0, 0.0
20210328163902.42, 121.0, 0.0, 0.0
20210328163903.54, 121.0, 0.0, 0.0
20210328163904.67, 121.0, 0.0, 0.0
20210328163905.75, 121.0, 0.0, 0.0
20210328163906.84, 121.0, 0.0, 0.0
20210328163907.91, 121.0, 0.0, 0.0
20210328163909.02, 121.0, 0.0, 0.0
20210328163910.15, 121.0, 0.0, 0.0
20210328163911.29, 121.0, 0.0, 0.0
20210328163912.34, 121.0, 0.0, 0.0
20210328163913.41, 121.0, 0.0, 0.0
20210328163914.46, 121.0, 0.0, 0.0
20210328163915.62, 121.0, 0.0, 0.0
20210328163916.67, 121.1, 0.0, 0.0
20210328163917.78, 121.1, 0.0, 0.0
20210328163918.85, 121.1, 0.0, 0.0
20210328163919.93, 121.1, 0.0, 0.0
20210328163920.99, 121.1, 0.0, 0.0
20210328163922.05, 121.1, 0.0, 0.0
20210328163923.13, 121.1, 0.0, 0.0
20210328163924.23, 121.1, 0.0, 0.0
20210328163925.3, 121.1, 0.0, 0.0
20210328163926.36, 121.1, 0.0, 0.0
20210328163927.42, 121.1, 0.0, 0.0
20210328163928.54, 121.1, 0.0, 0.0
20210328163929.65, 121.1, 0.0, 0.0
20210328163930.8, 121.1, 0.0, 0.0
20210328163931.87, 121.1, 0.0, 0.0
20210328163932.93, 121.1, 0.0, 0.0
20210328163934.0, 121.0, 0.0, 0.0
20210328163935.07, 121.1, 0.0, 0.0
20210328163936.18, 121.1, 0.0, 0.0
20210328163937.3, 121.1, 0.0, 0.0
20210328163938.36, 121.1, 0.0, 0.0
20210328163939.42, 121.0, 0.0, 0.0
20210328163940.46, 121.0, 0.0, 0.0
20210328163941.59, 121.0, 0.0, 0.0
20210328163942.68, 121.0, 0.0, 0.0
20210328163943.8, 121.0, 0.0, 0.0
20210328163944.86, 121.0, 0.0, 0.0
20210328163945.89, 121.0, 0.0, 0.0
20210328163946.98, 121.0, 0.0, 0.0
20210328163948.09, 121.0, 0.0, 0.0
20210328163949.2, 121.0, 0.0, 0.0
20210328163950.31, 121.0, 0.0, 0.0
20210328163951.36, 121.0, 0.0, 0.0
20210328163952.41, 121.1, 0.0, 0.0
20210328163953.51, 121.1, 0.0, 0.0
20210328163954.55, 121.1, 0.0, 0.0
20210328163955.62, 121.0, 0.0, 0.0
20210328163956.72, 121.0, 0.0, 0.0
20210328163957.76, 121.1, 0.0, 0.0
20210328163958.83, 121.1, 0.0, 0.0
20210328163959.9, 121.0, 0.0, 0.0
20210328164000.96, 121.0, 0.0, 0.0
20210328164002.07, 121.0, 0.0, 0.0
20210328164003.21, 121.0, 0.0, 0.0
20210328164004.31, 121.0, 0.0, 0.0
20210328164005.39, 121.0, 0.0, 0.0
20210328164006.46, 121.0, 0.0, 0.0
20210328164007.57, 121.0, 0.0, 0.0
20210328164008.65, 121.0, 0.0, 0.0
20210328164009.8, 121.0, 0.0, 0.0
20210328164010.87, 121.0, 0.0, 0.0
20210328164011.95, 121.0, 0.0, 0.0
20210328164013.14, 121.0, 0.0, 0.0
20210328164014.25, 121.1, 0.0, 0.0
20210328164015.36, 121.1, 0.0, 0.0
20210328164016.41, 121.0, 0.0, 0.0
20210328164017.52, 121.0, 0.0, 0.0
20210328164018.62, 121.0, 0.0, 0.0
20210328164019.74, 121.0, 0.0, 0.0
20210328164020.8, 121.0, 0.0, 0.0
20210328164021.88, 121.0, 0.0, 0.0
20210328164022.93, 121.0, 0.0, 0.0
20210328164024.05, 121.0, 0.0, 0.0
20210328164025.11, 121.0, 0.0, 0.0
20210328164026.21, 121.0, 0.0, 0.0
20210328164027.31, 121.0, 0.0, 0.0
20210328164028.35, 121.0, 0.0, 0.0
20210328164029.39, 121.0, 0.0, 0.0
20210328164030.46, 121.0, 0.0, 0.0
20210328164031.53, 121.0, 0.0, 0.0
20210328164032.67, 121.0, 0.0, 0.0
20210328164033.73, 121.0, 0.0, 0.0
20210328164034.81, 121.0, 0.0, 0.0
20210328164035.85, 121.0, 0.0, 0.0
20210328164036.89, 121.0, 0.0, 0.0
20210328164038.0, 121.0, 0.0, 0.0
20210328164039.1, 121.0, 0.0, 0.0
20210328164040.18, 121.0, 0.0, 0.0
20210328164041.29, 121.0, 0.0, 0.0
20210328164042.35, 121.0, 0.0, 0.0
20210328164043.77, 121.1, 0.0, 0.0
20210328164044.82, 121.1, 0.0, 0.0
20210328164045.87, 121.0, 0.0, 0.0
20210328164047.04, 121.0, 0.0, 0.0
20210328164048.11, 121.0, 0.0, 0.0
20210328164049.2, 121.0, 0.0, 0.0
20210328164050.3, 121.0, 0.0, 0.0
20210328164051.36, 120.9, 0.0, 0.0
20210328164052.46, 120.9, 0.0, 0.0
20210328164053.57, 120.9, 0.0, 0.0
20210328164054.65, 120.9, 0.0, 0.0
20210328164055.72, 120.9, 0.0, 0.0
20210328164056.76, 120.9, 0.0, 0.0
20210328164057.8, 120.9, 0.0, 0.0
20210328164058.86, 120.9, 0.0, 0.0
20210328164059.9, 120.9, 0.0, 0.0
20210328164100.95, 120.9, 0.0, 0.0
20210328164102.02, 120.9, 0.0, 0.0
20210328164103.07, 120.9, 0.0, 0.0
20210328164104.17, 120.9, 0.0, 0.0
20210328164105.21, 120.9, 0.0, 0.0
20210328164106.28, 120.9, 0.0, 0.0
20210328164107.33, 120.9, 0.0, 0.0
20210328164108.37, 120.9, 0.0, 0.0
20210328164109.42, 120.9, 0.0, 0.0
20210328164110.47, 120.9, 0.0, 0.0
20210328164111.53, 120.9, 0.0, 0.0
20210328164112.57, 121.0, 0.0, 0.0
20210328164113.62, 121.0, 0.0, 0.0
20210328164114.66, 121.0, 0.0, 0.0
20210328164115.71, 121.0, 0.0, 0.0
20210328164116.81, 121.1, 0.0, 0.0
20210328164117.86, 121.1, 0.0, 0.0
20210328164118.9, 121.1, 0.0, 0.0
20210328164119.95, 121.1, 0.0, 0.0
20210328164121.0, 121.1, 0.0, 0.0
20210328164122.04, 121.2, 0.0, 0.0
20210328164123.09, 121.2, 0.0, 0.0
20210328164124.13, 121.2, 0.0, 0.0
20210328164125.19, 121.2, 0.0, 0.0
20210328164126.23, 121.1, 0.0, 0.0
20210328164127.28, 121.1, 0.0, 0.0
20210328164128.33, 121.1, 0.0, 0.0
20210328164129.38, 121.1, 0.0, 0.0
20210328164130.41, 121.1, 0.0, 0.0
20210328164131.47, 121.1, 0.0, 0.0
20210328164132.52, 121.2, 0.0, 0.0
20210328164133.56, 121.2, 0.0, 0.0
20210328164134.61, 121.1, 0.0, 0.0
20210328164135.66, 121.1, 0.0, 0.0
20210328164136.7, 121.1, 0.0, 0.0
20210328164137.75, 121.1, 0.0, 0.0
20210328164138.79, 121.1, 0.0, 0.0
20210328164139.84, 121.1, 0.0, 0.0
20210328164140.88, 121.1, 0.0, 0.0
20210328164141.93, 121.1, 0.0, 0.0
20210328164142.97, 121.1, 0.0, 0.0
20210328164144.02, 121.1, 0.0, 0.0
20210328164145.05, 121.0, 0.0, 0.0
20210328164146.12, 121.0, 0.0, 0.0
20210328164147.24, 121.0, 0.0, 0.0
20210328164148.35, 121.0, 0.0, 0.0
20210328164149.46, 121.0, 0.0, 0.0
20210328164150.68, 121.0, 0.0, 0.0
20210328164151.74, 121.0, 0.0, 0.0
20210328164152.84, 120.9, 0.0, 0.0
20210328164153.95, 120.9, 0.0, 0.0
20210328164155.03, 121.0, 0.0, 0.0
20210328164156.12, 121.0, 0.0, 0.0
20210328164157.16, 120.9, 0.0, 0.0
20210328164158.26, 120.9, 0.0, 0.0
20210328164159.31, 121.0, 0.0, 0.0
20210328164200.36, 121.0, 0.0, 0.0
20210328164201.42, 121.0, 0.0, 0.0
20210328164202.5, 121.0, 0.0, 0.0
20210328164203.55, 121.0, 0.0, 0.0
20210328164204.63, 121.0, 0.0, 0.0
20210328164205.67, 121.0, 0.0, 0.0
20210328164206.71, 121.0, 0.0, 0.0
20210328164207.84, 120.9, 0.0, 0.0
20210328164208.92, 120.9, 0.0, 0.0
20210328164210.04, 120.9, 0.0, 0.0
20210328164211.14, 120.9, 0.0, 0.0
20210328164212.23, 120.9, 0.0, 0.0
20210328164213.28, 121.0, 0.0, 0.0
20210328164214.32, 121.0, 0.0, 0.0
20210328164215.36, 121.1, 0.0, 0.0
20210328164216.41, 121.1, 0.0, 0.0
20210328164217.46, 121.0, 0.0, 0.0
20210328164218.51, 121.0, 0.0, 0.0
20210328164219.56, 121.1, 0.0, 0.0
20210328164220.62, 121.1, 0.0, 0.0
20210328164221.66, 121.0, 0.0, 0.0
20210328164222.71, 121.0, 0.0, 0.0
20210328164223.75, 121.0, 0.0, 0.0
20210328164224.8, 121.0, 0.0, 0.0
20210328164225.84, 121.0, 0.0, 0.0
20210328164226.89, 121.0, 0.0, 0.0
20210328164227.94, 121.0, 0.0, 0.0
20210328164228.98, 121.0, 0.0, 0.0
20210328164230.05, 121.0, 0.0, 0.0
20210328164231.2, 121.0, 0.0, 0.0
20210328164232.25, 121.0, 0.0, 0.0
20210328164233.36, 121.0, 0.0, 0.0
20210328164234.43, 121.0, 0.0, 0.0
20210328164235.55, 121.0, 0.0, 0.0
20210328164236.65, 121.0, 0.0, 0.0
20210328164237.77, 121.0, 0.0, 0.0
20210328164238.93, 121.0, 0.0, 0.0
20210328164240.04, 120.9, 0.0, 0.0
20210328164241.14, 120.9, 0.0, 0.0
20210328164242.27, 120.9, 0.0, 0.0
20210328164243.34, 120.9, 0.0, 0.0
20210328164244.38, 120.9, 0.0, 0.0
20210328164245.5, 120.9, 0.0, 0.0
20210328164246.59, 120.9, 0.0, 0.0
20210328164247.7, 120.9, 0.0, 0.0
20210328164248.83, 120.9, 0.0, 0.0
20210328164249.89, 120.9, 0.0, 0.0
20210328164251.03, 120.9, 0.0, 0.0
20210328164252.12, 120.9, 0.0, 0.0
20210328164253.24, 120.9, 0.0, 0.0
20210328164254.34, 121.0, 0.0, 0.0
20210328164255.45, 121.0, 0.0, 0.0
20210328164256.57, 120.9, 0.0, 0.0
20210328164257.68, 120.9, 0.0, 0.0
20210328164258.76, 120.9, 0.0, 0.0
20210328164259.9, 120.9, 0.0, 0.0
20210328164300.97, 121.0, 0.0, 0.0
20210328164302.06, 121.0, 0.0, 0.0
20210328164303.15, 121.0, 0.0, 0.0
20210328164304.25, 121.0, 0.0, 0.0
20210328164305.36, 121.0, 0.0, 0.0
20210328164306.41, 121.0, 0.0, 0.0
20210328164307.5, 120.9, 0.0, 0.0
20210328164308.62, 120.9, 0.0, 0.0
20210328164309.71, 121.0, 0.0, 0.0
20210328164310.76, 121.0, 0.0, 0.0
20210328164311.85, 121.0, 0.0, 0.0
20210328164312.96, 121.0, 0.0, 0.0
20210328164314.07, 121.0, 0.0, 0.0
20210328164315.18, 121.0, 0.0, 0.0
20210328164316.23, 121.0, 0.0, 0.0
20210328164317.27, 121.0, 0.0, 0.0
20210328164318.33, 121.0, 0.0, 0.0
20210328164319.41, 121.0, 0.0, 0.0
20210328164320.47, 121.0, 0.0, 0.0
20210328164321.57, 121.0, 0.0, 0.0
20210328164322.62, 121.0, 0.0, 0.0
20210328164323.73, 121.0, 0.0, 0.0
20210328164324.85, 121.0, 0.0, 0.0
20210328164325.93, 121.0, 0.0, 0.0
20210328164326.98, 121.0, 0.0, 0.0
20210328164328.07, 121.0, 0.0, 0.0
20210328164329.17, 121.0, 0.0, 0.0
20210328164330.26, 121.0, 0.0, 0.0
20210328164331.37, 121.0, 0.0, 0.0
20210328164332.48, 121.0, 0.0, 0.0
20210328164333.57, 121.0, 0.0, 0.0
20210328164334.65, 121.0, 0.0, 0.0
20210328164335.7, 121.0, 0.0, 0.0
20210328164336.81, 121.0, 0.0, 0.0
20210328164337.88, 121.0, 0.0, 0.0
20210328164338.98, 121.0, 0.0, 0.0
20210328164340.03, 121.0, 0.0, 0.0
20210328164341.11, 121.0, 0.0, 0.0
20210328164342.18, 121.0, 0.0, 0.0
20210328164343.3, 121.0, 0.0, 0.0
20210328164344.38, 121.0, 0.0, 0.0
20210328164345.48, 121.0, 0.0, 0.0
20210328164346.52, 121.0, 0.0, 0.0
20210328164347.6, 121.0, 0.0, 0.0
20210328164348.72, 121.0, 0.0, 0.0
20210328164349.81, 121.0, 0.0, 0.0
20210328164350.95, 121.0, 0.0, 0.0
20210328164352.05, 121.0, 0.0, 0.0
20210328164353.18, 121.0, 0.0, 0.0
20210328164354.3, 120.9, 0.0, 0.0
20210328164355.39, 120.9, 0.0, 0.0
20210328164356.49, 120.9, 0.0, 0.0
20210328164357.57, 120.9, 0.0, 0.0
20210328164358.62, 121.0, 0.0, 0.0
20210328164359.75, 121.0, 0.0, 0.0
20210328164400.86, 121.0, 0.0, 0.0
20210328164401.96, 121.0, 0.0, 0.0
20210328164403.04, 121.0, 0.0, 0.0
20210328164404.13, 121.0, 0.0, 0.0
20210328164405.24, 120.9, 0.0, 0.0
20210328164406.34, 120.9, 0.0, 0.0
20210328164407.42, 120.9, 0.0, 0.0
20210328164408.48, 121.0, 0.0, 0.0
20210328164409.61, 121.0, 0.0, 0.0
20210328164410.66, 121.0, 0.0, 0.0
20210328164411.75, 121.0, 0.0, 0.0
20210328164412.84, 120.9, 0.0, 0.0
20210328164413.93, 120.9, 0.0, 0.0
20210328164414.98, 121.0, 0.0, 0.0
20210328164416.04, 121.0, 0.0, 0.0
20210328164417.08, 121.0, 0.0, 0.0
20210328164418.13, 121.0, 0.0, 0.0
20210328164419.17, 121.0, 0.0, 0.0
20210328164420.22, 121.0, 0.0, 0.0
20210328164421.27, 121.0, 0.0, 0.0
20210328164422.32, 121.0, 0.0, 0.0
20210328164423.36, 121.0, 0.0, 0.0
20210328164424.41, 121.0, 0.0, 0.0
20210328164425.45, 121.1, 0.0, 0.0
20210328164426.5, 121.1, 0.0, 0.0
20210328164427.54, 121.1, 0.0, 0.0
20210328164428.59, 121.1, 0.0, 0.0
20210328164429.64, 121.0, 0.0, 0.0
20210328164430.68, 121.0, 0.0, 0.0
20210328164431.73, 121.0, 0.0, 0.0
20210328164432.82, 121.0, 0.0, 0.0
20210328164433.86, 121.0, 0.0, 0.0
20210328164434.9, 121.0, 0.0, 0.0
20210328164435.94, 121.0, 0.0, 0.0
20210328164437.0, 121.0, 0.0, 0.0
20210328164438.04, 121.0, 0.0, 0.0
20210328164439.09, 121.0, 0.0, 0.0
20210328164440.14, 121.0, 0.0, 0.0
20210328164441.18, 121.0, 0.0, 0.0
20210328164442.28, 121.0, 0.0, 0.0
20210328164443.32, 121.0, 0.0, 0.0
20210328164444.38, 121.0, 0.0, 0.0
20210328164445.5, 120.9, 0.0, 0.0
20210328164446.6, 120.9, 0.0, 0.0
20210328164447.7, 120.9, 0.0, 0.0
20210328164448.82, 120.9, 0.0, 0.0
20210328164449.93, 120.9, 0.0, 0.0
20210328164451.04, 120.9, 0.0, 0.0
20210328164452.15, 120.9, 0.0, 0.0
20210328164453.21, 120.9, 0.0, 0.0
20210328164454.31, 120.9, 0.0, 0.0
20210328164455.37, 120.9, 0.0, 0.0
20210328164456.41, 121.0, 0.0, 0.0
20210328164457.54, 121.0, 0.0, 0.0
20210328164458.65, 121.0, 0.0, 0.0
20210328164459.75, 121.0, 0.0, 0.0
20210328164500.84, 121.0, 0.0, 0.0
20210328164501.96, 121.0, 0.0, 0.0
20210328164503.05, 121.0, 0.0, 0.0
20210328164504.1, 121.0, 0.0, 0.0
20210328164505.17, 121.0, 0.0, 0.0
20210328164506.28, 121.0, 0.0, 0.0
20210328164507.36, 121.0, 0.0, 0.0
20210328164508.4, 121.0, 0.0, 0.0
20210328164509.45, 121.0, 0.0, 0.0
20210328164510.49, 121.0, 0.0, 0.0
20210328164511.62, 121.0, 0.0, 0.0
20210328164512.74, 121.0, 0.0, 0.0
20210328164513.84, 121.0, 0.0, 0.0
20210328164514.97, 121.0, 0.0, 0.0
20210328164516.06, 121.0, 0.0, 0.0
20210328164517.11, 121.0, 0.0, 0.0
20210328164518.16, 121.0, 0.0, 0.0
20210328164519.2, 121.0, 0.0, 0.0
20210328164520.24, 121.0, 0.0, 0.0
20210328164521.28, 121.0, 0.0, 0.0
20210328164522.34, 121.0, 0.0, 0.0
20210328164523.43, 121.0, 0.0, 0.0
20210328164524.48, 121.1, 0.0, 0.0
20210328164525.53, 121.1, 0.0, 0.0
20210328164526.58, 121.1, 0.0, 0.0
20210328164527.62, 121.1, 0.0, 0.0
20210328164528.67, 121.1, 0.0, 0.0
20210328164529.72, 121.1, 0.0, 0.0
20210328164530.77, 121.1, 0.0, 0.0
20210328164531.81, 121.1, 0.0, 0.0
20210328164532.85, 121.1, 0.0, 0.0
20210328164533.9, 121.1, 0.0, 0.0
20210328164534.94, 121.1, 0.0, 0.0
20210328164535.98, 121.1, 0.0, 0.0
20210328164537.03, 121.1, 0.0, 0.0
20210328164538.07, 121.1, 0.0, 0.0
20210328164539.12, 121.1, 0.0, 0.0
20210328164540.21, 121.1, 0.0, 0.0
20210328164541.25, 121.0, 0.0, 0.0
20210328164542.3, 121.0, 0.0, 0.0
20210328164543.38, 121.1, 0.0, 0.0
20210328164544.46, 121.1, 0.0, 0.0
20210328164545.54, 121.0, 0.0, 0.0
20210328164546.62, 121.0, 0.0, 0.0
20210328164547.68, 121.0, 0.0, 0.0
20210328164548.72, 121.0, 0.0, 0.0
20210328164549.81, 121.0, 0.0, 0.0
20210328164550.93, 121.0, 0.0, 0.0
20210328164552.06, 121.1, 0.0, 0.0
20210328164553.17, 121.1, 0.0, 0.0
20210328164554.21, 121.1, 0.0, 0.0
20210328164555.26, 121.1, 0.0, 0.0
20210328164556.32, 121.1, 0.0, 0.0
20210328164557.39, 121.1, 0.0, 0.0
20210328164558.46, 121.1, 0.0, 0.0
20210328164559.5, 121.1, 0.0, 0.0
20210328164600.56, 121.1, 0.0, 0.0
20210328164601.66, 121.1, 0.0, 0.0
20210328164602.77, 121.1, 0.0, 0.0
20210328164603.83, 121.1, 0.0, 0.0
20210328164604.87, 121.1, 0.0, 0.0
20210328164605.95, 121.0, 0.0, 0.0
20210328164607.05, 121.0, 0.0, 0.0
20210328164608.09, 121.0, 0.0, 0.0
20210328164609.2, 121.0, 0.0, 0.0
20210328164610.29, 121.1, 0.0, 0.0
20210328164611.38, 121.1, 0.0, 0.0
20210328164612.43, 121.0, 0.0, 0.0
20210328164613.52, 121.0, 0.0, 0.0
20210328164614.62, 121.0, 0.0, 0.0
20210328164615.74, 121.1, 0.0, 0.0
20210328164616.84, 121.1, 0.0, 0.0
20210328164617.93, 121.0, 0.0, 0.0
20210328164618.98, 121.0, 0.0, 0.0
20210328164620.07, 121.0, 0.0, 0.0
20210328164621.16, 121.0, 0.0, 0.0
20210328164622.26, 121.0, 0.0, 0.0
20210328164623.34, 121.0, 0.0, 0.0
20210328164624.42, 121.1, 0.0, 0.0
20210328164625.47, 121.1, 0.0, 0.0
20210328164626.52, 121.1, 0.0, 0.0
20210328164627.57, 121.1, 0.0, 0.0
20210328164628.61, 121.1, 0.0, 0.0
20210328164629.67, 121.1, 0.0, 0.0
20210328164630.72, 121.1, 0.0, 0.0
20210328164631.79, 121.1, 0.0, 0.0
20210328164632.84, 121.1, 0.0, 0.0
20210328164633.89, 121.1, 0.0, 0.0
20210328164634.94, 121.1, 0.0, 0.0
20210328164635.99, 121.1, 0.0, 0.0
20210328164637.03, 121.1, 0.0, 0.0
20210328164638.08, 121.1, 0.0, 0.0
20210328164639.12, 121.1, 0.0, 0.0
20210328164640.17, 121.1, 0.0, 0.0
20210328164641.21, 121.1, 0.0, 0.0
20210328164642.26, 121.1, 0.0, 0.0
20210328164643.3, 121.2, 0.0, 0.0
20210328164644.35, 121.2, 0.0, 0.0
20210328164645.39, 121.2, 0.0, 0.0
20210328164646.43, 121.2, 0.0, 0.0
20210328164647.48, 121.2, 0.0, 0.0
20210328164648.52, 121.1, 0.0, 0.0
20210328164649.62, 121.1, 0.0, 0.0
20210328164650.67, 121.1, 0.0, 0.0
20210328164651.72, 121.1, 0.0, 0.0
20210328164652.76, 121.1, 0.0, 0.0
20210328164653.8, 121.1, 0.0, 0.0
20210328164654.85, 121.2, 0.0, 0.0
20210328164655.9, 121.2, 0.0, 0.0
20210328164656.95, 121.1, 0.0, 0.0
20210328164657.99, 121.1, 0.0, 0.0
20210328164659.04, 121.1, 0.0, 0.0
20210328164700.09, 121.1, 0.0, 0.0
20210328164701.13, 121.2, 0.0, 0.0
20210328164702.18, 121.2, 0.0, 0.0
20210328164703.22, 121.2, 0.0, 0.0
20210328164704.27, 121.2, 0.0, 0.0
20210328164705.32, 121.2, 0.0, 0.0
20210328164706.38, 121.2, 0.0, 0.0
20210328164707.43, 121.2, 0.0, 0.0
20210328164708.47, 121.2, 0.0, 0.0
20210328164709.52, 121.1, 0.0, 0.0
20210328164710.57, 121.1, 0.0, 0.0
20210328164711.62, 121.1, 0.0, 0.0
20210328164712.67, 121.1, 0.0, 0.0
20210328164713.72, 121.1, 0.0, 0.0
20210328164714.77, 121.1, 0.0, 0.0
20210328164715.81, 121.1, 0.0, 0.0
20210328164716.86, 121.1, 0.0, 0.0
20210328164717.91, 121.1, 0.0, 0.0
20210328164718.96, 121.1, 0.0, 0.0
20210328164720.01, 121.1, 0.0, 0.0
20210328164721.07, 121.1, 0.0, 0.0
20210328164722.11, 121.1, 0.0, 0.0
20210328164723.16, 121.1, 0.0, 0.0
20210328164724.21, 121.2, 0.0, 0.0
20210328164725.26, 121.2, 0.0, 0.0
20210328164726.3, 121.2, 0.0, 0.0
20210328164727.36, 121.2, 0.0, 0.0
20210328164728.4, 121.2, 0.0, 0.0
20210328164729.44, 121.2, 0.0, 0.0
20210328164730.49, 121.2, 0.0, 0.0
20210328164731.54, 121.2, 0.0, 0.0
20210328164732.59, 121.2, 0.0, 0.0
20210328164733.7, 121.2, 0.0, 0.0
20210328164734.75, 121.2, 0.0, 0.0
20210328164735.8, 121.2, 0.0, 0.0
20210328164736.85, 121.2, 0.0, 0.0
20210328164737.89, 121.2, 0.0, 0.0
20210328164738.95, 121.2, 0.0, 0.0
20210328164739.99, 121.2, 0.0, 0.0
20210328164741.04, 121.2, 0.0, 0.0
20210328164742.08, 121.2, 0.0, 0.0
20210328164743.13, 121.2, 0.0, 0.0
20210328164744.18, 121.2, 0.0, 0.0
20210328164745.23, 121.2, 0.0, 0.0
20210328164746.28, 121.2, 0.0, 0.0
20210328164747.33, 121.2, 0.0, 0.0
20210328164748.38, 121.1, 0.0, 0.0
20210328164749.45, 121.1, 0.0, 0.0
20210328164750.55, 121.1, 0.0, 0.0
20210328164751.65, 121.1, 0.0, 0.0
20210328164752.75, 121.1, 0.0, 0.0
20210328164753.85, 121.1, 0.0, 0.0
20210328164754.89, 121.1, 0.0, 0.0
20210328164756.02, 121.1, 0.0, 0.0
20210328164757.09, 121.2, 0.0, 0.0
20210328164758.14, 121.2, 0.0, 0.0
20210328164759.28, 121.2, 0.0, 0.0
20210328164800.32, 121.2, 0.0, 0.0
20210328164801.43, 121.2, 0.0, 0.0
20210328164802.5, 121.2, 0.0, 0.0
20210328164803.57, 121.2, 0.0, 0.0
20210328164804.62, 121.1, 0.0, 0.0
20210328164805.71, 121.1, 0.0, 0.0
20210328164806.75, 121.2, 0.0, 0.0
20210328164807.86, 121.2, 0.0, 0.0
20210328164808.89, 121.1, 0.0, 0.0
20210328164810.0, 121.1, 0.0, 0.0
20210328164811.11, 121.2, 0.0, 0.0
20210328164812.25, 121.2, 0.0, 0.0
20210328164813.36, 121.2, 0.0, 0.0
20210328164814.4, 121.2, 0.0, 0.0
20210328164815.44, 121.2, 0.0, 0.0
20210328164816.53, 121.2, 0.0, 0.0
20210328164817.64, 121.2, 0.0, 0.0
20210328164818.7, 121.2, 0.0, 0.0
20210328164819.8, 121.2, 0.0, 0.0
20210328164820.93, 121.2, 0.0, 0.0
20210328164822.06, 121.2, 0.0, 0.0
20210328164823.11, 121.1, 0.0, 0.0
20210328164824.19, 121.1, 0.0, 0.0
20210328164825.31, 121.2, 0.0, 0.0
20210328164826.43, 121.2, 0.0, 0.0
20210328164827.56, 121.2, 0.0, 0.0
20210328164828.67, 121.2, 0.0, 0.0
20210328164829.75, 121.1, 0.0, 0.0
20210328164830.82, 121.1, 0.0, 0.0
20210328164831.88, 121.2, 0.0, 0.0
20210328164832.95, 121.2, 0.0, 0.0
20210328164834.04, 121.1, 0.0, 0.0
20210328164835.14, 121.1, 0.0, 0.0
20210328164836.26, 121.2, 0.0, 0.0
20210328164837.4, 121.2, 0.0, 0.0
20210328164838.52, 121.2, 0.0, 0.0
20210328164839.61, 121.2, 0.0, 0.0
20210328164840.67, 121.2, 0.0, 0.0
20210328164841.73, 121.2, 0.0, 0.0
20210328164842.82, 121.2, 0.0, 0.0
20210328164843.91, 121.2, 0.0, 0.0
20210328164845.04, 121.2, 0.0, 0.0
20210328164846.13, 121.2, 0.0, 0.0
20210328164847.23, 121.2, 0.0, 0.0
20210328164848.3, 121.2, 0.0, 0.0
20210328164849.44, 121.2, 0.0, 0.0
20210328164850.52, 121.1, 0.0, 0.0
20210328164851.66, 121.1, 0.0, 0.0
20210328164852.74, 121.2, 0.0, 0.0
20210328164853.92, 121.2, 0.0, 0.0
20210328164854.96, 121.2, 0.0, 0.0
20210328164856.02, 121.2, 0.0, 0.0
20210328164857.1, 121.2, 0.0, 0.0
20210328164858.15, 121.2, 0.0, 0.0
20210328164859.23, 121.2, 0.0, 0.0
20210328164900.34, 121.2, 0.0, 0.0
20210328164901.45, 121.2, 0.0, 0.0
20210328164902.52, 121.2, 0.0, 0.0
20210328164903.6, 121.2, 0.0, 0.0
20210328164904.73, 121.1, 0.0, 0.0
20210328164905.84, 121.1, 0.0, 0.0
20210328164906.95, 121.1, 0.0, 0.0
20210328164908.05, 121.1, 0.0, 0.0
20210328164909.14, 121.1, 0.0, 0.0
20210328164910.24, 121.1, 0.0, 0.0
20210328164911.34, 121.1, 0.0, 0.0
20210328164912.39, 121.2, 0.0, 0.0
20210328164913.52, 121.2, 0.0, 0.0
20210328164914.6, 121.2, 0.0, 0.0
20210328164915.67, 121.2, 0.0, 0.0
20210328164916.71, 121.1, 0.0, 0.0
20210328164917.81, 121.1, 0.0, 0.0
20210328164918.88, 121.1, 0.0, 0.0
20210328164919.96, 121.1, 0.0, 0.0
20210328164921.08, 121.1, 0.0, 0.0
20210328164922.19, 121.1, 0.0, 0.0
20210328164923.29, 121.1, 0.0, 0.0
20210328164924.38, 121.1, 0.0, 0.0
20210328164925.49, 121.1, 0.0, 0.0
20210328164926.56, 121.1, 0.0, 0.0
20210328164927.65, 121.1, 0.0, 0.0
20210328164928.75, 121.1, 0.0, 0.0
20210328164929.85, 121.1, 0.0, 0.0
20210328164931.02, 121.1, 0.0, 0.0
20210328164932.08, 121.1, 0.0, 0.0
20210328164933.18, 121.1, 0.0, 0.0
20210328164934.29, 121.1, 0.0, 0.0
20210328164935.41, 121.2, 0.0, 0.0
20210328164936.52, 121.2, 0.0, 0.0
20210328164937.6, 121.3, 0.0, 0.0
20210328164938.7, 121.3, 0.0, 0.0
20210328164939.75, 121.2, 0.0, 0.0
20210328164940.83, 121.2, 0.0, 0.0
20210328164941.92, 121.2, 0.0, 0.0
20210328164943.01, 121.2, 0.0, 0.0
20210328164944.11, 121.2, 0.0, 0.0
20210328164945.16, 121.2, 0.0, 0.0
20210328164946.24, 121.2, 0.0, 0.0
20210328164947.29, 121.2, 0.0, 0.0
20210328164948.37, 121.2, 0.0, 0.0
20210328164949.48, 121.2, 0.0, 0.0
20210328164950.54, 121.2, 0.0, 0.0
20210328164951.61, 121.2, 0.0, 0.0
20210328164952.7, 121.2, 0.0, 0.0
20210328164953.79, 121.2, 0.0, 0.0
20210328164954.9, 121.2, 0.0, 0.0
20210328164955.95, 121.2, 0.0, 0.0
20210328164957.0, 121.2, 0.0, 0.0
20210328164958.07, 121.2, 0.0, 0.0
20210328164959.2, 121.2, 0.0, 0.0
20210328165000.29, 121.2, 0.0, 0.0
20210328165001.4, 121.2, 0.0, 0.0
20210328165002.5, 121.1, 0.0, 0.0
20210328165003.64, 121.1, 0.0, 0.0
20210328165004.75, 121.1, 0.0, 0.0
20210328165005.88, 121.1, 0.0, 0.0
20210328165006.99, 121.1, 0.0, 0.0
20210328165008.07, 121.1, 0.0, 0.0
20210328165009.13, 121.1, 0.0, 0.0
20210328165010.23, 121.1, 0.0, 0.0
20210328165011.36, 121.1, 0.0, 0.0
20210328165012.45, 121.1, 0.0, 0.0
20210328165013.56, 121.1, 0.0, 0.0
20210328165014.64, 121.1, 0.0, 0.0
20210328165015.7, 121.1, 0.0, 0.0
20210328165016.74, 121.1, 0.0, 0.0
20210328165017.82, 121.1, 0.0, 0.0
20210328165018.87, 121.1, 0.0, 0.0
20210328165019.96, 121.1, 0.0, 0.0
20210328165021.02, 121.1, 0.0, 0.0
20210328165022.1, 121.1, 0.0, 0.0
20210328165023.23, 121.1, 0.0, 0.0
20210328165024.34, 121.1, 0.0, 0.0
20210328165025.42, 121.2, 0.0, 0.0
20210328165026.52, 121.2, 0.0, 0.0
20210328165027.63, 121.2, 0.0, 0.0
20210328165028.74, 121.2, 0.0, 0.0
20210328165029.88, 121.2, 0.0, 0.0
20210328165031.0, 121.2, 0.0, 0.0
20210328165032.11, 121.2, 0.0, 0.0
20210328165033.18, 121.1, 0.0, 0.0
20210328165034.28, 121.1, 0.0, 0.0
20210328165035.37, 121.2, 0.0, 0.0
20210328165036.42, 121.2, 0.0, 0.0
20210328165037.54, 121.1, 0.0, 0.0
20210328165038.67, 121.1, 0.0, 0.0
20210328165039.79, 121.1, 0.0, 0.0
20210328165041.02, 121.1, 0.0, 0.0
20210328165042.07, 121.1, 0.0, 0.0
20210328165043.15, 121.2, 0.0, 0.0
20210328165044.26, 121.2, 0.0, 0.0
20210328165045.3, 121.1, 0.0, 0.0
20210328165046.34, 121.1, 0.0, 0.0
20210328165047.44, 121.1, 0.0, 0.0
20210328165048.48, 121.1, 0.0, 0.0
20210328165049.59, 121.1, 0.0, 0.0
20210328165050.7, 121.1, 0.0, 0.0
20210328165051.75, 121.1, 0.0, 0.0
20210328165052.83, 121.1, 0.0, 0.0
20210328165053.93, 121.1, 0.0, 0.0
20210328165055.06, 121.1, 0.0, 0.0
20210328165056.1, 121.2, 0.0, 0.0
20210328165057.15, 121.2, 0.0, 0.0
20210328165058.27, 121.2, 0.0, 0.0
20210328165059.38, 121.2, 0.0, 0.0
20210328165100.44, 121.2, 0.0, 0.0
20210328165101.51, 121.2, 0.0, 0.0
20210328165102.61, 121.2, 0.0, 0.0
20210328165103.67, 121.2, 0.0, 0.0
20210328165104.77, 121.2, 0.0, 0.0
20210328165105.88, 121.2, 0.0, 0.0
20210328165106.99, 121.2, 0.0, 0.0
20210328165108.06, 121.2, 0.0, 0.0
20210328165109.14, 121.2, 0.0, 0.0
20210328165110.23, 121.2, 0.0, 0.0
20210328165111.36, 121.2, 0.0, 0.0
20210328165112.42, 121.2, 0.0, 0.0
20210328165113.54, 121.2, 0.0, 0.0
20210328165114.64, 121.2, 0.0, 0.0
20210328165115.73, 121.2, 0.0, 0.0
20210328165116.84, 121.2, 0.0, 0.0
20210328165118.04, 121.2, 0.0, 0.0
20210328165119.08, 121.2, 0.0, 0.0
20210328165120.13, 121.2, 0.0, 0.0
20210328165121.18, 121.2, 0.0, 0.0
20210328165122.23, 121.2, 0.0, 0.0
20210328165123.34, 121.2, 0.0, 0.0
20210328165124.4, 121.2, 0.0, 0.0
20210328165125.47, 121.2, 0.0, 0.0
20210328165126.58, 121.2, 0.0, 0.0
20210328165127.66, 121.2, 0.0, 0.0
20210328165128.77, 121.2, 0.0, 0.0
20210328165129.88, 121.2, 0.0, 0.0
20210328165130.97, 121.2, 0.0, 0.0
20210328165132.1, 121.2, 0.0, 0.0
20210328165133.22, 121.2, 0.0, 0.0
20210328165134.51, 121.1, 0.0, 0.0
20210328165135.55, 121.1, 0.0, 0.0
20210328165136.69, 121.1, 0.0, 0.0
20210328165137.79, 121.1, 0.0, 0.0
20210328165138.89, 121.2, 0.0, 0.0
20210328165140.03, 121.2, 0.0, 0.0
20210328165141.13, 121.2, 0.0, 0.0
20210328165142.21, 121.2, 0.0, 0.0
20210328165143.32, 121.1, 0.0, 0.0
20210328165144.39, 121.1, 0.0, 0.0
20210328165145.49, 121.1, 0.0, 0.0
20210328165146.55, 121.1, 0.0, 0.0
20210328165147.62, 121.1, 0.0, 0.0
20210328165148.74, 121.1, 0.0, 0.0
20210328165149.85, 121.1, 0.0, 0.0
20210328165150.95, 121.1, 0.0, 0.0
20210328165152.01, 121.1, 0.0, 0.0
20210328165153.14, 121.2, 0.0, 0.0
20210328165154.19, 121.2, 0.0, 0.0
20210328165155.32, 121.2, 0.0, 0.0
20210328165156.41, 121.2, 0.0, 0.0
20210328165157.48, 121.2, 0.0, 0.0
20210328165158.57, 121.2, 0.0, 0.0
20210328165159.68, 121.2, 0.0, 0.0
20210328165200.77, 121.2, 0.0, 0.0
20210328165201.85, 121.2, 0.0, 0.0
20210328165202.96, 121.2, 0.0, 0.0
20210328165204.04, 121.2, 0.0, 0.0
20210328165205.15, 121.2, 0.0, 0.0
20210328165206.25, 121.2, 0.0, 0.0
20210328165207.48, 121.2, 0.0, 0.0
20210328165208.55, 121.2, 0.0, 0.0
20210328165209.65, 121.2, 0.0, 0.0
20210328165210.73, 121.2, 0.0, 0.0
20210328165211.77, 121.2, 0.0, 0.0
20210328165212.84, 121.2, 0.0, 0.0
20210328165213.92, 121.2, 0.0, 0.0
20210328165215.0, 121.2, 0.0, 0.0
20210328165216.12, 121.2, 0.0, 0.0
20210328165217.17, 121.2, 0.0, 0.0
20210328165218.29, 121.2, 0.0, 0.0
20210328165219.41, 121.2, 0.0, 0.0
20210328165220.5, 121.2, 0.0, 0.0
20210328165221.66, 121.2, 0.0, 0.0
20210328165222.73, 121.1, 0.0, 0.0
20210328165223.91, 121.1, 0.0, 0.0
20210328165224.96, 121.1, 0.0, 0.0
20210328165226.07, 121.1, 0.0, 0.0
20210328165227.16, 121.1, 0.0, 0.0
20210328165228.25, 121.1, 0.0, 0.0
20210328165229.35, 121.1, 0.0, 0.0
20210328165230.4, 121.1, 0.0, 0.0
20210328165231.47, 121.1, 0.0, 0.0
20210328165232.59, 121.1, 0.0, 0.0
20210328165233.7, 121.1, 0.0, 0.0
20210328165234.79, 121.2, 0.0, 0.0
20210328165235.89, 121.2, 0.0, 0.0
20210328165237.04, 121.2, 0.0, 0.0
20210328165238.12, 121.2, 0.0, 0.0
20210328165239.25, 121.2, 0.0, 0.0
20210328165240.38, 121.2, 0.0, 0.0
20210328165241.45, 121.2, 0.0, 0.0
20210328165242.5, 121.1, 0.0, 0.0
20210328165243.57, 121.1, 0.0, 0.0
20210328165244.67, 121.2, 0.0, 0.0
20210328165245.76, 121.2, 0.0, 0.0
20210328165246.82, 121.1, 0.0, 0.0
20210328165247.94, 121.1, 0.0, 0.0
20210328165249.06, 121.1, 0.0, 0.0
20210328165250.17, 121.1, 0.0, 0.0
20210328165251.25, 121.1, 0.0, 0.0
20210328165252.34, 121.1, 0.0, 0.0
20210328165253.41, 121.1, 0.0, 0.0
20210328165254.46, 121.1, 0.0, 0.0
20210328165255.55, 121.1, 0.0, 0.0
20210328165256.7, 121.1, 0.0, 0.0
20210328165257.74, 121.1, 0.0, 0.0
20210328165258.97, 121.2, 0.0, 0.0
20210328165300.01, 121.2, 0.0, 0.0
20210328165301.06, 121.2, 0.0, 0.0
20210328165302.16, 121.2, 0.0, 0.0
20210328165303.27, 121.2, 0.0, 0.0
20210328165304.33, 121.2, 0.0, 0.0
20210328165305.41, 121.2, 0.0, 0.0
20210328165306.5, 121.2, 0.0, 0.0
20210328165307.59, 121.2, 0.0, 0.0
20210328165308.7, 121.2, 0.0, 0.0
20210328165309.74, 121.2, 0.0, 0.0
20210328165310.86, 121.2, 0.0, 0.0
20210328165311.99, 121.2, 0.0, 0.0
20210328165313.08, 121.2, 0.0, 0.0
20210328165314.21, 121.3, 0.0, 0.0
20210328165315.35, 121.3, 0.0, 0.0
20210328165316.45, 121.2, 0.0, 0.0
20210328165317.53, 121.2, 0.0, 0.0
20210328165318.62, 121.2, 0.0, 0.0
20210328165319.67, 121.2, 0.0, 0.0
20210328165320.73, 121.2, 0.0, 0.0
20210328165321.85, 121.2, 0.0, 0.0
20210328165322.91, 121.2, 0.0, 0.0
20210328165324.02, 121.2, 0.0, 0.0
20210328165325.16, 121.2, 0.0, 0.0
20210328165326.26, 121.2, 0.0, 0.0
20210328165327.42, 121.2, 0.0, 0.0
20210328165328.51, 121.2, 0.0, 0.0
20210328165329.62, 121.2, 0.0, 0.0
20210328165330.73, 121.2, 0.0, 0.0
20210328165331.84, 121.2, 0.0, 0.0
20210328165332.94, 121.2, 0.0, 0.0
20210328165334.06, 121.2, 0.0, 0.0
20210328165335.17, 121.2, 0.0, 0.0
20210328165336.29, 121.2, 0.0, 0.0
20210328165337.38, 121.2, 0.0, 0.0
20210328165338.44, 121.2, 0.0, 0.0
20210328165339.55, 121.2, 0.0, 0.0
20210328165340.61, 121.1, 0.0, 0.0
20210328165341.75, 121.1, 0.0, 0.0
20210328165342.79, 121.1, 0.0, 0.0
20210328165343.89, 121.1, 0.0, 0.0
20210328165344.99, 121.2, 0.0, 0.0
20210328165346.04, 121.2, 0.0, 0.0
20210328165347.14, 121.1, 0.0, 0.0
20210328165348.2, 121.1, 0.0, 0.0
20210328165349.29, 121.1, 0.0, 0.0
20210328165350.35, 121.1, 0.0, 0.0
20210328165351.48, 121.1, 0.0, 0.0
20210328165352.61, 121.1, 0.0, 0.0
20210328165353.7, 121.1, 0.0, 0.0
20210328165354.8, 121.1, 0.0, 0.0
20210328165355.86, 121.1, 0.0, 0.0
20210328165356.95, 121.1, 0.0, 0.0
20210328165358.05, 121.1, 0.0, 0.0
20210328165359.13, 121.1, 0.0, 0.0
20210328165400.25, 121.1, 0.0, 0.0
20210328165401.29, 121.1, 0.0, 0.0
20210328165402.37, 121.1, 0.0, 0.0
20210328165403.47, 121.1, 0.0, 0.0
20210328165404.57, 121.1, 0.0, 0.0
20210328165405.69, 121.1, 0.0, 0.0
20210328165406.91, 121.1, 0.0, 0.0
20210328165408.0, 121.1, 0.0, 0.0
20210328165409.09, 121.1, 0.0, 0.0
20210328165410.2, 121.1, 0.0, 0.0
20210328165411.33, 121.2, 0.0, 0.0
20210328165412.46, 121.2, 0.0, 0.0
20210328165413.57, 121.1, 0.0, 0.0
20210328165414.68, 121.1, 0.0, 0.0
20210328165415.8, 121.2, 0.0, 0.0
20210328165416.88, 121.2, 0.0, 0.0
20210328165417.98, 121.2, 0.0, 0.0
20210328165419.07, 121.2, 0.0, 0.0
20210328165420.19, 121.2, 0.0, 0.0
20210328165421.31, 121.2, 0.0, 0.0
20210328165422.36, 121.2, 0.0, 0.0
20210328165423.42, 121.2, 0.0, 0.0
20210328165424.48, 121.2, 0.0, 0.0
20210328165425.61, 121.2, 0.0, 0.0
20210328165426.72, 121.2, 0.0, 0.0
20210328165427.78, 121.2, 0.0, 0.0
20210328165428.86, 121.2, 0.0, 0.0
20210328165429.95, 121.2, 0.0, 0.0
20210328165431.04, 121.2, 0.0, 0.0
20210328165432.16, 121.2, 0.0, 0.0
20210328165433.28, 121.2, 0.0, 0.0
20210328165434.34, 121.2, 0.0, 0.0
20210328165435.38, 121.2, 0.0, 0.0
20210328165436.43, 121.1, 0.0, 0.0
20210328165437.47, 121.1, 0.0, 0.0
20210328165438.52, 121.1, 0.0, 0.0
20210328165439.77, 121.1, 0.0, 0.0
20210328165440.81, 121.1, 0.0, 0.0
20210328165441.88, 121.2, 0.0, 0.0
20210328165442.94, 121.2, 0.0, 0.0
20210328165443.98, 121.2, 0.0, 0.0
20210328165445.08, 121.2, 0.0, 0.0
20210328165446.18, 121.2, 0.0, 0.0
20210328165447.25, 121.2, 0.0, 0.0
20210328165448.31, 121.2, 0.0, 0.0
20210328165449.45, 121.2, 0.0, 0.0
20210328165450.56, 121.2, 0.0, 0.0
20210328165451.7, 121.2, 0.0, 0.0
20210328165452.8, 121.2, 0.0, 0.0
20210328165453.93, 121.2, 0.0, 0.0
20210328165454.98, 121.2, 0.0, 0.0
20210328165456.1, 121.2, 0.0, 0.0
20210328165457.18, 121.2, 0.0, 0.0
20210328165458.26, 121.2, 0.0, 0.0
20210328165459.36, 121.2, 0.0, 0.0
20210328165500.43, 121.2, 0.0, 0.0
20210328165501.51, 121.2, 0.0, 0.0
20210328165502.59, 121.2, 0.0, 0.0
20210328165503.7, 121.2, 0.0, 0.0
20210328165504.75, 121.2, 0.0, 0.0
20210328165505.85, 121.2, 0.0, 0.0
20210328165506.95, 121.2, 0.0, 0.0
20210328165508.04, 121.2, 0.0, 0.0
20210328165509.16, 121.2, 0.0, 0.0
20210328165510.23, 121.2, 0.0, 0.0
20210328165511.33, 121.2, 0.0, 0.0
20210328165512.39, 121.2, 0.0, 0.0
20210328165513.52, 121.1, 0.0, 0.0
20210328165514.6, 121.1, 0.0, 0.0
20210328165515.68, 121.2, 0.0, 0.0
20210328165516.84, 121.2, 0.0, 0.0
20210328165517.89, 121.2, 0.0, 0.0
20210328165518.96, 121.2, 0.0, 0.0
20210328165520.11, 121.2, 0.0, 0.0
20210328165521.19, 121.2, 0.0, 0.0
20210328165522.31, 121.2, 0.0, 0.0
20210328165523.39, 121.2, 0.0, 0.0
20210328165524.46, 121.2, 0.0, 0.0
20210328165525.56, 121.3, 0.0, 0.0
20210328165526.65, 121.3, 0.0, 0.0
20210328165527.77, 121.3, 0.0, 0.0
20210328165528.88, 121.3, 0.0, 0.0
20210328165529.93, 121.3, 0.0, 0.0
20210328165531.05, 121.3, 0.0, 0.0
20210328165532.14, 121.2, 0.0, 0.0
20210328165533.24, 121.2, 0.0, 0.0
20210328165534.32, 121.2, 0.0, 0.0
20210328165535.42, 121.2, 0.0, 0.0
20210328165536.47, 121.2, 0.0, 0.0
20210328165537.52, 121.2, 0.0, 0.0
20210328165538.57, 121.2, 0.0, 0.0
20210328165539.7, 121.2, 0.0, 0.0
20210328165540.79, 121.2, 0.0, 0.0
20210328165541.88, 121.2, 0.0, 0.0
20210328165542.99, 121.2, 0.0, 0.0
20210328165544.07, 121.1, 0.0, 0.0
20210328165545.22, 121.1, 0.0, 0.0
20210328165546.3, 121.1, 0.0, 0.0
20210328165547.43, 121.1, 0.0, 0.0
20210328165548.48, 121.1, 0.0, 0.0
20210328165549.55, 121.1, 0.0, 0.0
20210328165550.6, 121.1, 0.0, 0.0
20210328165551.72, 121.1, 0.0, 0.0
20210328165552.83, 121.1, 0.0, 0.0
20210328165553.89, 121.1, 0.0, 0.0
20210328165554.96, 121.1, 0.0, 0.0
20210328165556.0, 121.1, 0.0, 0.0
20210328165557.05, 121.1, 0.0, 0.0
20210328165558.09, 121.2, 0.0, 0.0
20210328165559.14, 121.2, 0.0, 0.0
20210328165600.18, 121.2, 0.0, 0.0
20210328165601.23, 121.2, 0.0, 0.0
20210328165602.28, 121.3, 0.0, 0.0
20210328165603.33, 121.3, 0.0, 0.0
20210328165604.36, 121.3, 0.0, 0.0
20210328165605.41, 121.3, 0.0, 0.0
20210328165606.5, 121.2, 0.0, 0.0
20210328165607.64, 121.2, 0.0, 0.0
20210328165608.74, 121.3, 0.0, 0.0
20210328165609.86, 121.3, 0.0, 0.0
20210328165610.96, 121.3, 0.0, 0.0
20210328165612.11, 121.3, 0.0, 0.0
20210328165613.23, 121.3, 0.0, 0.0
20210328165614.32, 121.3, 0.0, 0.0
20210328165615.45, 121.3, 0.0, 0.0
20210328165616.5, 121.3, 0.0, 0.0
20210328165617.57, 121.3, 0.0, 0.0
20210328165618.66, 121.3, 0.0, 0.0
20210328165619.74, 121.3, 0.0, 0.0
20210328165620.86, 121.2, 0.0, 0.0
20210328165621.95, 121.2, 0.0, 0.0
20210328165623.02, 121.2, 0.0, 0.0
20210328165624.11, 121.2, 0.0, 0.0
20210328165625.18, 121.2, 0.0, 0.0
20210328165626.29, 121.2, 0.0, 0.0
20210328165627.33, 121.2, 0.0, 0.0
20210328165628.4, 121.2, 0.0, 0.0
20210328165629.47, 121.2, 0.0, 0.0
20210328165630.53, 121.2, 0.0, 0.0
20210328165631.58, 121.2, 0.0, 0.0
20210328165632.68, 121.2, 0.0, 0.0
20210328165633.78, 121.2, 0.0, 0.0
20210328165634.83, 121.2, 0.0, 0.0
20210328165635.87, 121.2, 0.0, 0.0
20210328165636.96, 121.2, 0.0, 0.0
20210328165638.04, 121.2, 0.0, 0.0
20210328165639.08, 121.2, 0.0, 0.0
20210328165640.13, 121.2, 0.0, 0.0
20210328165641.17, 121.2, 0.0, 0.0
20210328165642.21, 121.2, 0.0, 0.0
20210328165643.32, 121.2, 0.0, 0.0
20210328165644.38, 121.2, 0.0, 0.0
20210328165645.46, 121.2, 0.0, 0.0
20210328165646.59, 121.2, 0.0, 0.0
20210328165647.64, 121.2, 0.0, 0.0
20210328165648.68, 121.2, 0.0, 0.0
20210328165649.81, 121.2, 0.0, 0.0
20210328165650.92, 121.2, 0.0, 0.0
20210328165652.01, 121.2, 0.0, 0.0
20210328165653.09, 121.2, 0.0, 0.0
20210328165654.2, 121.1, 0.0, 0.0
20210328165655.3, 121.1, 0.0, 0.0
20210328165656.36, 121.2, 0.0, 0.0
20210328165657.48, 121.2, 0.0, 0.0
20210328165658.55, 121.2, 0.0, 0.0
20210328165659.6, 121.2, 0.0, 0.0
20210328165700.72, 121.2, 0.0, 0.0
20210328165701.77, 121.3, 0.0, 0.0
20210328165702.86, 121.3, 0.0, 0.0
20210328165703.95, 121.3, 0.0, 0.0
20210328165705.04, 121.3, 0.0, 0.0
20210328165706.08, 121.3, 0.0, 0.0
20210328165707.21, 121.3, 0.0, 0.0
20210328165708.32, 121.3, 0.0, 0.0
20210328165709.43, 121.3, 0.0, 0.0
20210328165710.53, 121.2, 0.0, 0.0
20210328165711.64, 121.2, 0.0, 0.0
20210328165712.73, 121.2, 0.0, 0.0
20210328165713.84, 121.2, 0.0, 0.0
20210328165714.89, 121.2, 0.0, 0.0
20210328165716.02, 121.2, 0.0, 0.0
20210328165717.09, 121.2, 0.0, 0.0
20210328165718.17, 121.2, 0.0, 0.0
20210328165719.26, 121.2, 0.0, 0.0
20210328165720.31, 121.2, 0.0, 0.0
20210328165721.41, 121.2, 0.0, 0.0
20210328165722.51, 121.2, 0.0, 0.0
20210328165723.61, 121.2, 0.0, 0.0
20210328165724.71, 121.2, 0.0, 0.0
20210328165725.76, 121.2, 0.0, 0.0
20210328165726.86, 121.1, 0.0, 0.0
20210328165727.99, 121.1, 0.0, 0.0
20210328165729.08, 121.2, 0.0, 0.0
20210328165730.16, 121.2, 0.0, 0.0
20210328165731.26, 121.1, 0.0, 0.0
20210328165732.36, 121.1, 0.0, 0.0
20210328165733.44, 121.2, 0.0, 0.0
20210328165734.58, 121.2, 0.0, 0.0
20210328165735.63, 121.2, 0.0, 0.0
20210328165736.74, 121.2, 0.0, 0.0
20210328165737.86, 121.2, 0.0, 0.0
20210328165738.98, 121.2, 0.0, 0.0
20210328165740.11, 121.2, 0.0, 0.0
20210328165741.23, 121.2, 0.0, 0.0
20210328165742.34, 121.2, 0.0, 0.0
20210328165743.45, 121.2, 0.0, 0.0
20210328165744.49, 121.2, 0.0, 0.0
20210328165745.62, 121.2, 0.0, 0.0
20210328165746.71, 121.2, 0.0, 0.0
20210328165747.8, 121.2, 0.0, 0.0
20210328165748.89, 121.2, 0.0, 0.0
20210328165750.03, 121.2, 0.0, 0.0
20210328165751.14, 121.2, 0.0, 0.0
20210328165752.2, 121.2, 0.0, 0.0
20210328165753.27, 121.2, 0.0, 0.0
20210328165754.32, 121.2, 0.0, 0.0
20210328165755.46, 121.2, 0.0, 0.0
20210328165756.56, 121.2, 0.0, 0.0
20210328165757.61, 121.1, 0.0, 0.0
20210328165758.72, 121.1, 0.0, 0.0
20210328165759.84, 121.1, 0.0, 0.0
20210328165800.91, 121.1, 0.0, 0.0
20210328165801.95, 121.2, 0.0, 0.0
20210328165803.06, 121.2, 0.0, 0.0
20210328165804.17, 121.2, 0.0, 0.0
20210328165805.28, 121.2, 0.0, 0.0
20210328165806.34, 121.2, 0.0, 0.0
20210328165807.43, 121.2, 0.0, 0.0
20210328165808.5, 121.2, 0.0, 0.0
20210328165809.61, 121.2, 0.0, 0.0
20210328165810.67, 121.2, 0.0, 0.0
20210328165811.78, 121.2, 0.0, 0.0
20210328165812.85, 121.2, 0.0, 0.0
20210328165813.95, 121.3, 0.0, 0.0
20210328165815.06, 121.3, 0.0, 0.0
20210328165816.19, 121.2, 0.0, 0.0
20210328165817.32, 121.2, 0.0, 0.0
20210328165818.37, 121.2, 0.0, 0.0
20210328165819.48, 121.2, 0.0, 0.0
20210328165820.61, 121.2, 0.0, 0.0
20210328165821.71, 121.2, 0.0, 0.0
20210328165822.78, 121.2, 0.0, 0.0
20210328165823.87, 121.2, 0.0, 0.0
20210328165824.96, 121.2, 0.0, 0.0
20210328165826.05, 121.2, 0.0, 0.0
20210328165827.09, 121.2, 0.0, 0.0
20210328165828.15, 121.2, 0.0, 0.0
20210328165829.24, 121.2, 0.0, 0.0
20210328165830.34, 121.2, 0.0, 0.0
20210328165831.42, 121.2, 0.0, 0.0
20210328165832.47, 121.2, 0.0, 0.0
20210328165833.55, 121.2, 0.0, 0.0
20210328165834.68, 121.2, 0.0, 0.0
20210328165835.78, 121.2, 0.0, 0.0
20210328165836.86, 121.2, 0.0, 0.0
20210328165837.95, 121.2, 0.0, 0.0
20210328165839.03, 121.2, 0.0, 0.0
20210328165840.13, 121.2, 0.0, 0.0
20210328165841.23, 121.2, 0.0, 0.0
20210328165842.49, 121.1, 0.0, 0.0
20210328165843.53, 121.1, 0.0, 0.0
20210328165844.63, 121.2, 0.0, 0.0
20210328165845.71, 121.2, 0.0, 0.0
20210328165846.77, 121.1, 0.0, 0.0
20210328165847.88, 121.1, 0.0, 0.0
20210328165848.92, 121.2, 0.0, 0.0
20210328165849.97, 121.2, 0.0, 0.0
20210328165851.02, 121.1, 0.0, 0.0
20210328165852.13, 121.1, 0.0, 0.0
20210328165853.25, 121.1, 0.0, 0.0
20210328165854.3, 121.1, 0.0, 0.0
20210328165855.43, 121.1, 0.0, 0.0
20210328165856.51, 121.1, 0.0, 0.0
20210328165857.62, 121.1, 0.0, 0.0
20210328165858.73, 121.1, 0.0, 0.0
20210328165859.84, 121.2, 0.0, 0.0
20210328165900.96, 121.2, 0.0, 0.0
20210328165902.07, 121.2, 0.0, 0.0
20210328165903.17, 121.2, 0.0, 0.0
20210328165904.21, 121.2, 0.0, 0.0
20210328165905.32, 121.2, 0.0, 0.0
20210328165906.37, 121.2, 0.0, 0.0
20210328165907.49, 121.2, 0.0, 0.0
20210328165908.62, 121.2, 0.0, 0.0
20210328165909.74, 121.2, 0.0, 0.0
20210328165910.86, 121.2, 0.0, 0.0
20210328165911.95, 121.2, 0.0, 0.0
20210328165913.05, 121.2, 0.0, 0.0
20210328165914.14, 121.2, 0.0, 0.0
20210328165915.19, 121.2, 0.0, 0.0
20210328165916.23, 121.3, 0.0, 0.0
20210328165917.28, 121.3, 0.0, 0.0
20210328165918.32, 121.2, 0.0, 0.0
20210328165919.37, 121.2, 0.0, 0.0
20210328165920.41, 121.3, 0.0, 0.0
20210328165921.46, 121.3, 0.0, 0.0
20210328165922.61, 121.3, 0.0, 0.0
20210328165923.67, 121.4, 0.0, 0.0
20210328165924.72, 121.4, 0.0, 0.0
20210328165925.77, 121.5, 0.0, 0.0
20210328165926.81, 121.5, 0.0, 0.0
20210328165927.85, 121.4, 0.0, 0.0
20210328165928.89, 121.4, 0.0, 0.0
20210328165929.93, 121.3, 0.0, 0.0
20210328165930.99, 121.3, 0.0, 0.0
20210328165932.07, 121.2, 0.0, 0.0
20210328165933.16, 121.2, 0.0, 0.0
20210328165934.21, 121.2, 0.0, 0.0
20210328165935.34, 121.2, 0.0, 0.0
20210328165936.43, 121.2, 0.0, 0.0
20210328165937.48, 121.2, 0.0, 0.0
20210328165938.57, 121.2, 0.0, 0.0
20210328165939.65, 121.2, 0.0, 0.0
20210328165940.71, 121.1, 0.0, 0.0
20210328165941.82, 121.1, 0.0, 0.0
20210328165942.93, 121.1, 0.0, 0.0
20210328165944.15, 121.1, 0.0, 0.0
20210328165945.21, 121.1, 0.0, 0.0
20210328165946.34, 121.1, 0.0, 0.0
20210328165947.44, 121.1, 0.0, 0.0
20210328165948.54, 121.1, 0.0, 0.0
20210328165949.63, 121.1, 0.0, 0.0
20210328165950.71, 121.2, 0.0, 0.0
20210328165951.76, 121.2, 0.0, 0.0
20210328165952.84, 121.2, 0.0, 0.0
20210328165953.96, 121.2, 0.0, 0.0
20210328165955.07, 121.2, 0.0, 0.0
20210328165956.12, 121.2, 0.0, 0.0
20210328165957.21, 121.3, 0.0, 0.0
20210328165958.31, 121.3, 0.0, 0.0
20210328165959.43, 121.3, 0.0, 0.0
