time,voltage,current,power
20210330071809.76, 121.4, 2.6, 241.0
20210330071810.94, 121.4, 2.6, 241.0
20210330071811.99, 121.4, 2.6, 240.0
20210330071813.06, 121.4, 2.6, 240.0
20210330071814.2, 121.4, 2.5, 239.0
20210330071815.26, 121.4, 2.5, 239.0
20210330071816.39, 121.4, 2.5, 238.0
20210330071817.46, 121.4, 2.5, 238.0
20210330071818.52, 121.4, 2.5, 237.0
20210330071819.64, 121.4, 2.5, 237.0
20210330071820.71, 121.4, 2.5, 238.0
20210330071821.79, 121.4, 2.5, 238.0
20210330071822.85, 121.5, 2.5, 239.0
20210330071823.91, 121.5, 2.5, 239.0
20210330071825.01, 121.5, 2.5, 236.0
20210330071826.12, 121.5, 2.5, 236.0
20210330071827.22, 121.5, 2.5, 244.0
20210330071828.34, 121.5, 2.5, 244.0
20210330071829.46, 121.5, 2.6, 238.0
20210330071830.52, 121.5, 2.6, 238.0
20210330071831.58, 121.5, 2.6, 240.0
20210330071832.66, 121.5, 2.6, 240.0
20210330071833.79, 121.5, 2.6, 239.0
20210330071834.84, 121.5, 2.6, 239.0
20210330071835.91, 121.5, 2.6, 238.0
20210330071837.0, 121.5, 2.6, 239.0
20210330071838.24, 121.5, 2.6, 239.0
20210330071839.34, 121.5, 2.6, 238.0
20210330071840.45, 121.5, 2.6, 238.0
20210330071841.54, 121.4, 2.6, 238.0
20210330071842.61, 121.4, 2.6, 238.0
20210330071843.74, 121.4, 2.6, 239.0
20210330071844.84, 121.4, 2.6, 239.0
20210330071845.89, 121.5, 2.5, 241.0
20210330071847.0, 121.5, 2.5, 241.0
20210330071848.13, 121.5, 2.5, 235.0
20210330071849.19, 121.5, 2.5, 235.0
20210330071850.3, 121.4, 2.5, 237.0
20210330071851.37, 121.4, 2.5, 237.0
20210330071852.46, 121.5, 2.5, 237.0
20210330071853.59, 121.5, 2.5, 237.0
20210330071854.68, 121.5, 2.5, 239.0
20210330071855.96, 121.5, 2.5, 239.0
20210330071857.0, 121.5, 2.5, 239.0
20210330071858.14, 121.5, 2.5, 240.0
20210330071859.21, 121.5, 2.5, 240.0
20210330071900.31, 121.5, 2.6, 236.0
20210330071901.44, 121.5, 2.6, 236.0
20210330071902.55, 121.4, 2.6, 240.0
20210330071903.66, 121.4, 2.6, 240.0
20210330071904.79, 121.4, 2.6, 237.0
20210330071905.88, 121.4, 2.6, 237.0
20210330071906.98, 121.4, 2.6, 240.0
20210330071908.13, 121.4, 2.6, 240.0
20210330071909.22, 121.4, 2.6, 237.0
20210330071910.34, 121.4, 2.6, 237.0
20210330071911.4, 121.4, 2.6, 236.0
20210330071912.5, 121.4, 2.6, 236.0
20210330071913.6, 121.4, 2.6, 238.0
20210330071914.73, 121.4, 2.6, 237.0
20210330071915.82, 121.4, 2.6, 237.0
20210330071916.93, 121.4, 2.6, 234.0
20210330071918.05, 121.4, 2.6, 234.0
20210330071919.16, 121.4, 2.6, 236.0
20210330071920.29, 121.4, 2.6, 236.0
20210330071921.4, 121.4, 2.6, 239.0
20210330071922.53, 121.4, 2.6, 239.0
20210330071923.66, 121.4, 2.6, 239.0
20210330071924.78, 121.4, 2.6, 239.0
20210330071925.88, 121.4, 2.6, 237.0
20210330071927.03, 121.4, 2.6, 237.0
20210330071928.12, 121.3, 2.6, 238.0
20210330071929.23, 121.3, 2.6, 239.0
20210330071930.45, 121.3, 2.5, 239.0
20210330071931.55, 121.3, 2.5, 238.0
20210330071932.64, 121.3, 2.5, 238.0
20210330071933.74, 121.3, 2.5, 236.0
20210330071934.79, 121.3, 2.5, 236.0
20210330071935.89, 121.3, 2.5, 236.0
20210330071937.02, 121.3, 2.5, 236.0
20210330071938.16, 121.3, 2.5, 240.0
20210330071939.26, 121.3, 2.5, 240.0
20210330071940.38, 121.3, 2.5, 237.0
20210330071941.46, 121.3, 2.5, 237.0
20210330071942.56, 121.3, 2.5, 256.0
20210330071943.68, 121.3, 2.5, 256.0
20210330071944.77, 121.3, 2.5, 239.0
20210330071945.89, 121.3, 2.5, 239.0
20210330071947.04, 121.3, 2.6, 236.0
20210330071948.18, 121.3, 2.6, 238.0
20210330071949.32, 121.3, 2.6, 238.0
20210330071950.45, 121.4, 2.6, 236.0
20210330071951.57, 121.4, 2.6, 236.0
20210330071952.68, 121.5, 2.6, 240.0
20210330071953.77, 121.5, 2.6, 240.0
20210330071954.92, 121.4, 2.6, 240.0
20210330071956.02, 121.4, 2.6, 240.0
20210330071957.14, 121.5, 2.6, 240.0
20210330071958.25, 121.5, 2.6, 240.0
20210330071959.38, 121.4, 2.6, 237.0
20210330072000.5, 121.4, 2.6, 237.0
20210330072001.55, 121.4, 2.5, 239.0
20210330072002.84, 121.4, 2.5, 237.0
20210330072003.92, 121.4, 2.5, 237.0
20210330072005.06, 121.4, 2.5, 237.0
20210330072006.12, 121.4, 2.5, 237.0
20210330072007.22, 121.5, 2.5, 237.0
20210330072008.29, 121.5, 2.5, 237.0
20210330072009.43, 121.5, 2.5, 240.0
20210330072010.55, 121.5, 2.5, 240.0
20210330072011.64, 121.5, 2.5, 241.0
20210330072012.72, 121.5, 2.5, 241.0
20210330072013.83, 121.5, 2.5, 240.0
20210330072014.92, 121.5, 2.5, 240.0
20210330072016.02, 121.5, 2.5, 238.0
20210330072017.11, 121.5, 2.5, 238.0
20210330072018.19, 121.5, 2.5, 240.0
20210330072019.27, 121.5, 2.5, 240.0
20210330072020.4, 121.4, 2.5, 239.0
20210330072021.68, 121.4, 2.5, 237.0
20210330072022.75, 121.4, 2.5, 237.0
20210330072023.88, 121.4, 2.5, 242.0
20210330072025.0, 121.4, 2.5, 242.0
20210330072026.11, 121.5, 2.5, 238.0
20210330072027.16, 121.5, 2.5, 238.0
20210330072028.3, 121.4, 2.5, 236.0
20210330072029.45, 121.4, 2.5, 236.0
20210330072030.58, 121.4, 2.5, 238.0
20210330072031.65, 121.4, 2.5, 238.0
20210330072032.77, 121.4, 2.5, 236.0
20210330072033.89, 121.4, 2.5, 236.0
20210330072034.98, 121.4, 2.5, 239.0
20210330072036.09, 121.4, 2.5, 239.0
20210330072037.22, 121.4, 2.5, 237.0
20210330072038.36, 121.4, 2.5, 238.0
20210330072039.57, 121.4, 2.5, 238.0
20210330072040.68, 121.4, 2.5, 237.0
20210330072041.8, 121.4, 2.5, 237.0
20210330072042.93, 121.4, 2.5, 236.0
20210330072044.05, 121.4, 2.5, 236.0
20210330072045.17, 121.5, 2.5, 240.0
20210330072046.31, 121.5, 2.5, 240.0
20210330072047.45, 121.5, 2.7, 237.0
20210330072048.5, 121.5, 2.7, 237.0
20210330072049.62, 121.4, 2.7, 237.0
20210330072050.73, 121.4, 2.7, 237.0
20210330072051.84, 121.4, 2.7, 237.0
20210330072052.96, 121.4, 2.7, 237.0
20210330072054.11, 121.4, 2.7, 241.0
20210330072055.2, 121.4, 2.7, 235.0
20210330072056.29, 121.4, 2.7, 235.0
20210330072057.43, 121.4, 2.7, 235.0
20210330072058.57, 121.4, 2.7, 235.0
20210330072059.62, 121.4, 2.7, 240.0
20210330072100.75, 121.4, 2.7, 240.0
20210330072101.79, 121.4, 2.5, 238.0
20210330072102.87, 121.4, 2.5, 238.0
20210330072103.96, 121.3, 2.5, 239.0
20210330072105.08, 121.3, 2.5, 239.0
20210330072106.16, 121.3, 2.5, 239.0
20210330072107.3, 121.3, 2.5, 239.0
20210330072108.43, 121.3, 2.5, 240.0
20210330072109.52, 121.3, 2.5, 240.0
20210330072110.65, 121.3, 2.5, 241.0
20210330072111.74, 121.3, 2.5, 237.0
20210330072112.94, 121.3, 2.5, 237.0
20210330072114.09, 121.4, 2.5, 235.0
20210330072115.18, 121.4, 2.5, 235.0
20210330072116.32, 121.3, 2.6, 237.0
20210330072117.43, 121.3, 2.6, 237.0
20210330072118.5, 121.3, 2.6, 235.0
20210330072119.59, 121.3, 2.6, 235.0
20210330072120.69, 121.3, 2.6, 240.0
20210330072121.84, 121.3, 2.6, 240.0
20210330072122.93, 121.3, 2.6, 238.0
20210330072124.05, 121.3, 2.6, 238.0
20210330072125.17, 121.4, 2.6, 234.0
20210330072126.27, 121.4, 2.6, 234.0
20210330072127.41, 121.3, 2.6, 239.0
20210330072128.52, 121.3, 2.6, 238.0
20210330072129.71, 121.4, 2.6, 238.0
20210330072130.84, 121.4, 2.6, 239.0
20210330072131.97, 121.4, 2.6, 239.0
20210330072133.05, 121.5, 2.7, 237.0
20210330072134.13, 121.5, 2.7, 237.0
20210330072135.18, 121.4, 2.7, 238.0
20210330072136.32, 121.4, 2.7, 238.0
20210330072137.42, 121.4, 2.7, 237.0
20210330072138.55, 121.4, 2.7, 237.0
20210330072139.62, 121.5, 2.7, 242.0
20210330072140.68, 121.5, 2.7, 242.0
20210330072141.82, 121.4, 2.7, 235.0
20210330072142.97, 121.4, 2.7, 235.0
20210330072144.05, 121.4, 2.7, 240.0
20210330072145.11, 121.4, 2.7, 240.0
20210330072146.16, 121.4, 2.7, 236.0
20210330072147.49, 121.4, 2.5, 238.0
20210330072148.59, 121.4, 2.5, 238.0
20210330072149.7, 121.2, 2.5, 237.0
20210330072150.83, 121.2, 2.5, 237.0
20210330072151.9, 121.3, 2.5, 234.0
20210330072152.97, 121.3, 2.5, 234.0
20210330072154.07, 121.3, 2.5, 239.0
20210330072155.19, 121.3, 2.5, 239.0
20210330072156.3, 121.3, 2.5, 239.0
20210330072157.37, 121.3, 2.5, 239.0
20210330072158.48, 121.3, 2.5, 237.0
20210330072159.57, 121.3, 2.5, 237.0
20210330072200.71, 121.3, 2.5, 238.0
20210330072201.78, 121.3, 2.5, 238.0
20210330072202.87, 121.3, 2.5, 237.0
20210330072203.98, 121.3, 2.5, 237.0
20210330072205.08, 121.3, 2.5, 236.0
20210330072206.18, 121.3, 2.5, 240.0
20210330072207.39, 121.2, 2.5, 240.0
20210330072208.44, 121.3, 2.5, 237.0
20210330072209.5, 121.3, 2.5, 237.0
20210330072210.59, 121.4, 2.5, 235.0
20210330072211.71, 121.4, 2.5, 235.0
20210330072212.76, 121.4, 2.5, 237.0
20210330072213.9, 121.4, 2.5, 237.0
20210330072215.04, 121.4, 2.5, 237.0
20210330072216.11, 121.4, 2.5, 237.0
20210330072217.19, 121.3, 2.5, 233.0
20210330072218.32, 121.3, 2.5, 233.0
20210330072219.41, 121.3, 2.5, 235.0
20210330072220.57, 121.3, 2.5, 235.0
20210330072221.71, 121.3, 2.5, 237.0
20210330072222.8, 121.3, 2.5, 237.0
20210330072223.89, 121.3, 2.5, 236.0
20210330072225.01, 121.3, 2.5, 239.0
20210330072226.15, 121.4, 2.5, 239.0
20210330072227.25, 121.4, 2.5, 235.0
20210330072228.34, 121.4, 2.5, 235.0
20210330072229.43, 121.4, 2.5, 235.0
20210330072230.53, 121.4, 2.5, 235.0
20210330072231.65, 121.4, 2.5, 240.0
20210330072232.76, 121.4, 2.5, 240.0
20210330072233.88, 121.4, 2.7, 240.0
20210330072235.0, 121.4, 2.7, 240.0
20210330072236.06, 121.4, 2.7, 238.0
20210330072237.18, 121.4, 2.7, 238.0
20210330072238.32, 121.5, 2.7, 237.0
20210330072239.45, 121.5, 2.7, 237.0
20210330072240.58, 121.5, 2.7, 238.0
20210330072241.64, 121.5, 2.7, 238.0
20210330072242.7, 121.5, 2.7, 236.0
20210330072243.84, 121.4, 2.7, 237.0
20210330072245.05, 121.4, 2.7, 237.0
20210330072246.12, 121.5, 2.7, 237.0
20210330072247.21, 121.5, 2.7, 237.0
20210330072248.31, 121.4, 2.5, 239.0
20210330072249.39, 121.4, 2.5, 239.0
20210330072250.49, 121.4, 2.5, 237.0
20210330072251.55, 121.4, 2.5, 237.0
20210330072252.68, 121.4, 2.5, 237.0
20210330072253.8, 121.4, 2.5, 237.0
20210330072254.91, 121.3, 2.5, 237.0
20210330072256.05, 121.3, 2.5, 237.0
20210330072257.18, 121.4, 2.5, 238.0
20210330072258.34, 121.4, 2.5, 238.0
20210330072259.44, 121.3, 2.5, 238.0
20210330072300.5, 121.3, 2.5, 238.0
20210330072301.63, 121.4, 2.5, 240.0
20210330072302.76, 121.4, 2.5, 239.0
20210330072303.89, 121.4, 2.5, 239.0
20210330072304.96, 121.4, 2.6, 237.0
20210330072306.06, 121.4, 2.6, 237.0
20210330072307.11, 121.3, 2.6, 240.0
20210330072308.16, 121.3, 2.6, 240.0
20210330072309.29, 121.4, 2.6, 240.0
20210330072310.38, 121.4, 2.6, 240.0
20210330072311.44, 121.4, 2.6, 240.0
20210330072312.56, 121.4, 2.6, 240.0
20210330072313.64, 121.4, 2.6, 237.0
20210330072314.69, 121.4, 2.6, 237.0
20210330072315.81, 121.5, 2.6, 239.0
20210330072316.88, 121.5, 2.6, 239.0
20210330072317.92, 121.5, 2.6, 238.0
20210330072318.97, 121.5, 2.6, 238.0
20210330072320.03, 121.5, 2.7, 239.0
20210330072321.14, 121.5, 2.7, 239.0
20210330072322.2, 121.5, 2.7, 239.0
20210330072323.32, 121.5, 2.7, 239.0
20210330072324.45, 121.3, 2.7, 241.0
20210330072325.56, 121.3, 2.7, 241.0
20210330072326.68, 121.4, 2.7, 238.0
20210330072327.84, 121.4, 2.7, 240.0
20210330072329.02, 121.4, 2.7, 240.0
20210330072330.12, 121.4, 2.7, 242.0
20210330072331.21, 121.4, 2.7, 242.0
20210330072332.32, 121.5, 2.7, 238.0
20210330072333.38, 121.5, 2.7, 238.0
20210330072334.43, 121.5, 2.5, 238.0
20210330072335.54, 121.5, 2.5, 238.0
20210330072336.63, 121.4, 2.5, 241.0
20210330072337.68, 121.4, 2.5, 241.0
20210330072338.81, 121.5, 2.5, 238.0
20210330072339.97, 121.5, 2.5, 238.0
20210330072341.1, 121.5, 2.5, 240.0
20210330072342.25, 121.5, 2.5, 240.0
20210330072343.3, 121.6, 2.5, 236.0
20210330072344.45, 121.6, 2.5, 242.0
20210330072345.66, 121.6, 2.5, 242.0
20210330072346.81, 121.6, 2.5, 241.0
20210330072347.87, 121.6, 2.5, 241.0
20210330072349.0, 121.6, 2.5, 240.0
20210330072350.09, 121.6, 2.5, 240.0
20210330072351.19, 121.6, 2.7, 238.0
20210330072352.34, 121.6, 2.7, 238.0
20210330072353.47, 121.6, 2.7, 236.0
20210330072354.58, 121.6, 2.7, 236.0
20210330072355.66, 121.5, 2.7, 240.0
20210330072356.77, 121.5, 2.7, 240.0
20210330072357.91, 121.5, 2.7, 240.0
20210330072359.04, 121.5, 2.7, 240.0
20210330072400.09, 121.6, 2.7, 240.0
20210330072401.2, 121.6, 2.7, 237.0
20210330072402.41, 121.5, 2.7, 237.0
20210330072403.55, 121.4, 2.7, 237.0
20210330072404.67, 121.4, 2.7, 237.0
20210330072405.76, 121.5, 2.6, 237.0
20210330072406.87, 121.5, 2.6, 237.0
20210330072407.98, 121.4, 2.6, 238.0
20210330072409.08, 121.4, 2.6, 238.0
20210330072410.2, 121.4, 2.6, 237.0
20210330072411.32, 121.4, 2.6, 237.0
20210330072412.44, 121.4, 2.6, 236.0
20210330072413.53, 121.4, 2.6, 236.0
20210330072414.65, 121.4, 2.6, 237.0
20210330072415.72, 121.4, 2.6, 237.0
20210330072416.78, 121.4, 2.6, 241.0
20210330072417.89, 121.4, 2.6, 241.0
20210330072419.02, 121.4, 2.6, 237.0
20210330072420.17, 121.5, 2.5, 240.0
20210330072421.25, 121.5, 2.5, 240.0
20210330072422.38, 121.4, 2.5, 239.0
20210330072423.51, 121.4, 2.5, 239.0
20210330072424.58, 121.4, 2.5, 238.0
20210330072425.73, 121.4, 2.5, 238.0
20210330072426.84, 121.4, 2.5, 239.0
20210330072428.0, 121.4, 2.5, 239.0
20210330072429.12, 121.5, 2.5, 242.0
20210330072430.26, 121.5, 2.5, 242.0
20210330072431.38, 121.5, 2.5, 240.0
20210330072432.52, 121.5, 2.5, 240.0
20210330072433.57, 121.5, 2.5, 238.0
20210330072434.68, 121.5, 2.5, 239.0
20210330072435.93, 121.4, 2.5, 239.0
20210330072437.03, 121.4, 2.7, 238.0
20210330072438.14, 121.4, 2.7, 238.0
20210330072439.22, 121.4, 2.7, 242.0
20210330072440.35, 121.4, 2.7, 242.0
20210330072441.43, 121.4, 2.7, 252.0
20210330072442.54, 121.4, 2.7, 252.0
20210330072443.61, 121.5, 2.7, 235.0
20210330072444.75, 121.5, 2.7, 235.0
20210330072445.87, 121.5, 2.7, 234.0
20210330072446.96, 121.5, 2.7, 234.0
20210330072448.05, 121.5, 2.7, 238.0
20210330072449.18, 121.5, 2.7, 238.0
20210330072450.3, 121.5, 2.7, 237.0
20210330072451.45, 121.5, 2.7, 237.0
20210330072452.55, 121.4, 2.6, 237.0
20210330072453.64, 121.4, 2.6, 242.0
20210330072454.84, 121.4, 2.6, 242.0
20210330072455.94, 121.4, 2.6, 239.0
20210330072457.05, 121.4, 2.6, 239.0
20210330072458.17, 121.4, 2.6, 236.0
20210330072459.22, 121.4, 2.6, 236.0
20210330072500.35, 121.4, 2.6, 236.0
20210330072501.41, 121.4, 2.6, 236.0
20210330072502.53, 121.3, 2.6, 242.0
20210330072503.64, 121.3, 2.6, 242.0
20210330072504.74, 121.4, 2.6, 238.0
20210330072505.85, 121.4, 2.6, 238.0
20210330072506.96, 121.4, 2.5, 237.0
20210330072508.11, 121.4, 2.5, 237.0
20210330072509.23, 121.4, 2.5, 239.0
20210330072510.38, 121.4, 2.5, 238.0
20210330072511.52, 121.4, 2.5, 238.0
20210330072512.57, 121.4, 2.5, 240.0
20210330072513.68, 121.4, 2.5, 240.0
20210330072514.77, 121.5, 2.5, 242.0
20210330072515.9, 121.5, 2.5, 242.0
20210330072517.01, 121.4, 2.5, 240.0
20210330072518.07, 121.4, 2.5, 240.0
20210330072519.18, 121.4, 2.5, 241.0
20210330072520.32, 121.4, 2.5, 241.0
20210330072521.45, 121.4, 2.5, 237.0
20210330072522.52, 121.4, 2.5, 237.0
20210330072523.58, 121.4, 2.5, 239.0
20210330072524.69, 121.4, 2.5, 239.0
20210330072525.77, 121.5, 2.5, 240.0
20210330072526.84, 121.5, 2.5, 240.0
20210330072527.92, 121.4, 2.5, 237.0
20210330072529.04, 121.4, 2.5, 237.0
20210330072530.18, 121.4, 2.5, 239.0
20210330072531.33, 121.4, 2.5, 240.0
20210330072532.55, 121.4, 2.5, 240.0
20210330072533.67, 121.4, 2.5, 239.0
20210330072534.8, 121.4, 2.5, 239.0
20210330072535.94, 121.3, 2.5, 236.0
20210330072537.04, 121.3, 2.5, 236.0
20210330072538.17, 121.3, 2.5, 239.0
20210330072539.3, 121.3, 2.5, 239.0
20210330072540.41, 121.4, 2.5, 237.0
20210330072541.51, 121.4, 2.5, 237.0
20210330072542.62, 121.4, 2.5, 238.0
20210330072543.73, 121.4, 2.5, 238.0
20210330072544.82, 121.4, 2.5, 240.0
20210330072545.88, 121.4, 2.5, 240.0
20210330072546.97, 121.4, 2.5, 238.0
20210330072548.09, 121.4, 2.5, 237.0
20210330072549.22, 121.4, 2.5, 237.0
20210330072550.36, 121.4, 2.5, 237.0
20210330072551.46, 121.4, 2.5, 237.0
20210330072552.52, 121.4, 2.6, 237.0
20210330072553.66, 121.4, 2.6, 237.0
20210330072554.76, 121.4, 2.6, 241.0
20210330072555.91, 121.4, 2.6, 241.0
20210330072557.02, 121.5, 2.6, 240.0
20210330072558.17, 121.5, 2.6, 240.0
20210330072559.22, 121.5, 2.6, 235.0
20210330072600.28, 121.5, 2.6, 235.0
20210330072601.39, 121.4, 2.6, 237.0
20210330072602.48, 121.4, 2.6, 237.0
20210330072603.54, 121.4, 2.6, 241.0
20210330072604.63, 121.4, 2.6, 241.0
20210330072605.74, 121.3, 2.6, 236.0
20210330072606.99, 121.3, 2.6, 237.0
20210330072608.09, 121.3, 2.6, 237.0
20210330072609.2, 121.3, 2.6, 238.0
20210330072610.35, 121.3, 2.6, 238.0
20210330072611.49, 121.2, 2.6, 239.0
20210330072612.62, 121.2, 2.6, 239.0
20210330072613.74, 121.2, 2.6, 237.0
20210330072614.82, 121.2, 2.6, 237.0
20210330072615.93, 121.2, 2.6, 236.0
20210330072617.04, 121.2, 2.6, 236.0
20210330072618.16, 121.2, 2.6, 236.0
20210330072619.3, 121.2, 2.6, 236.0
20210330072620.44, 121.3, 2.6, 240.0
20210330072621.49, 121.3, 2.6, 240.0
20210330072622.54, 121.3, 2.7, 239.0
20210330072623.68, 121.4, 2.7, 237.0
20210330072624.89, 121.4, 2.7, 237.0
20210330072626.02, 121.3, 2.7, 235.0
20210330072627.16, 121.3, 2.7, 235.0
20210330072628.29, 121.3, 2.7, 239.0
20210330072629.41, 121.3, 2.7, 239.0
20210330072630.54, 121.3, 2.7, 240.0
20210330072631.66, 121.3, 2.7, 240.0
20210330072632.72, 121.3, 2.7, 242.0
20210330072633.83, 121.3, 2.7, 242.0
20210330072634.94, 121.4, 2.7, 236.0
20210330072636.08, 121.4, 2.7, 236.0
20210330072637.13, 121.4, 2.7, 235.0
20210330072638.22, 121.4, 2.6, 240.0
20210330072639.41, 121.4, 2.6, 240.0
20210330072640.55, 121.4, 2.6, 239.0
20210330072641.67, 121.4, 2.6, 239.0
20210330072642.81, 121.4, 2.6, 239.0
20210330072643.91, 121.4, 2.6, 239.0
20210330072644.98, 121.4, 2.6, 238.0
20210330072646.09, 121.4, 2.6, 238.0
20210330072647.21, 121.5, 2.6, 239.0
20210330072648.35, 121.5, 2.6, 239.0
20210330072649.48, 121.5, 2.6, 242.0
20210330072650.61, 121.5, 2.6, 242.0
20210330072651.71, 121.4, 2.6, 240.0
20210330072652.86, 121.4, 2.6, 239.0
20210330072654.07, 121.4, 2.6, 239.0
20210330072655.18, 121.5, 2.6, 237.0
20210330072656.3, 121.5, 2.6, 237.0
20210330072657.38, 121.4, 2.6, 239.0
20210330072658.48, 121.4, 2.6, 239.0
20210330072659.61, 121.4, 2.6, 239.0
20210330072700.72, 121.4, 2.6, 239.0
20210330072701.83, 121.4, 2.6, 239.0
20210330072702.96, 121.4, 2.6, 239.0
20210330072704.05, 121.4, 2.6, 240.0
20210330072705.16, 121.4, 2.6, 240.0
20210330072706.27, 121.4, 2.6, 237.0
20210330072707.37, 121.4, 2.6, 237.0
20210330072708.44, 121.3, 2.5, 237.0
20210330072709.77, 121.4, 2.5, 238.0
20210330072710.88, 121.4, 2.5, 238.0
20210330072711.98, 121.4, 2.5, 237.0
20210330072713.08, 121.4, 2.5, 237.0
20210330072714.2, 121.5, 2.5, 235.0
20210330072715.31, 121.5, 2.5, 235.0
20210330072716.45, 121.4, 2.5, 237.0
20210330072717.58, 121.4, 2.5, 237.0
20210330072718.71, 121.4, 2.5, 241.0
20210330072719.84, 121.4, 2.5, 241.0
20210330072720.99, 121.4, 2.5, 240.0
20210330072722.11, 121.4, 2.5, 240.0
20210330072723.21, 121.4, 2.5, 238.0
20210330072724.33, 121.4, 2.5, 239.0
20210330072725.45, 121.4, 2.5, 239.0
20210330072726.56, 121.4, 2.5, 239.0
20210330072727.71, 121.4, 2.5, 239.0
20210330072728.83, 121.4, 2.5, 237.0
20210330072729.89, 121.4, 2.5, 237.0
20210330072731.01, 121.4, 2.5, 240.0
20210330072732.13, 121.4, 2.5, 240.0
20210330072733.21, 121.4, 2.5, 244.0
20210330072734.29, 121.4, 2.5, 244.0
20210330072735.43, 121.4, 2.5, 237.0
20210330072736.56, 121.4, 2.5, 237.0
20210330072737.66, 121.4, 2.5, 240.0
20210330072738.75, 121.4, 2.5, 240.0
20210330072739.86, 121.4, 2.6, 238.0
20210330072740.96, 121.4, 2.6, 238.0
20210330072742.06, 121.4, 2.6, 238.0
20210330072743.21, 121.4, 2.6, 237.0
20210330072744.35, 121.4, 2.6, 237.0
20210330072745.48, 121.4, 2.6, 239.0
20210330072746.61, 121.4, 2.6, 239.0
20210330072747.75, 121.4, 2.6, 240.0
20210330072748.88, 121.4, 2.6, 240.0
20210330072749.98, 121.4, 2.6, 237.0
20210330072751.08, 121.4, 2.6, 237.0
20210330072752.19, 121.5, 2.6, 234.0
20210330072753.26, 121.5, 2.6, 234.0
20210330072754.36, 121.5, 2.6, 236.0
20210330072755.51, 121.5, 2.6, 236.0
20210330072756.65, 121.5, 2.6, 237.0
20210330072757.75, 121.5, 2.6, 235.0
20210330072758.96, 121.4, 2.6, 235.0
20210330072800.07, 121.4, 2.6, 239.0
20210330072801.16, 121.4, 2.6, 239.0
20210330072802.23, 121.4, 2.6, 240.0
20210330072803.34, 121.4, 2.6, 240.0
20210330072804.42, 121.4, 2.6, 236.0
20210330072805.51, 121.4, 2.6, 236.0
20210330072806.62, 121.4, 2.6, 239.0
20210330072807.72, 121.4, 2.6, 239.0
20210330072808.82, 121.4, 2.5, 239.0
20210330072809.95, 121.4, 2.5, 239.0
20210330072811.06, 121.4, 2.5, 239.0
20210330072812.17, 121.4, 2.5, 239.0
20210330072813.27, 121.4, 2.5, 239.0
20210330072814.39, 121.4, 2.5, 239.0
20210330072815.48, 121.4, 2.5, 237.0
20210330072816.53, 121.4, 2.5, 237.0
20210330072817.6, 121.4, 2.5, 236.0
20210330072818.72, 121.4, 2.5, 237.0
20210330072819.91, 121.4, 2.5, 237.0
20210330072821.04, 121.4, 2.5, 234.0
20210330072822.16, 121.4, 2.5, 234.0
20210330072823.28, 121.5, 2.5, 239.0
20210330072824.41, 121.5, 2.5, 239.0
20210330072825.53, 121.6, 2.5, 240.0
20210330072826.62, 121.6, 2.5, 240.0
20210330072827.7, 121.6, 2.5, 239.0
20210330072828.78, 121.6, 2.5, 239.0
20210330072829.91, 121.5, 2.5, 239.0
20210330072831.05, 121.5, 2.5, 239.0
20210330072832.14, 121.5, 2.5, 239.0
20210330072833.24, 121.5, 2.5, 239.0
20210330072834.34, 121.5, 2.5, 237.0
20210330072835.58, 121.5, 2.5, 239.0
20210330072836.73, 121.5, 2.5, 239.0
20210330072837.84, 121.5, 2.5, 237.0
20210330072838.91, 121.5, 2.5, 237.0
20210330072840.02, 121.5, 2.5, 240.0
20210330072841.16, 121.5, 2.5, 240.0
20210330072842.24, 121.4, 2.5, 238.0
20210330072843.33, 121.4, 2.5, 238.0
20210330072844.46, 121.4, 2.5, 238.0
20210330072845.58, 121.4, 2.5, 238.0
20210330072846.7, 121.4, 2.5, 242.0
20210330072847.79, 121.4, 2.5, 242.0
20210330072848.92, 121.5, 2.5, 239.0
20210330072850.0, 121.5, 2.5, 239.0
20210330072851.13, 121.5, 2.5, 239.0
20210330072852.21, 121.4, 2.5, 235.0
20210330072853.33, 121.4, 2.5, 235.0
20210330072854.46, 121.4, 2.6, 236.0
20210330072855.52, 121.4, 2.6, 236.0
20210330072856.66, 121.4, 2.6, 240.0
20210330072857.82, 121.4, 2.6, 240.0
20210330072858.93, 121.5, 2.6, 239.0
20210330072860.0, 121.5, 2.6, 239.0
20210330072901.07, 121.5, 2.6, 239.0
20210330072902.19, 121.5, 2.6, 239.0
20210330072903.32, 121.5, 2.6, 237.0
20210330072904.45, 121.5, 2.6, 237.0
20210330072905.57, 121.5, 2.6, 244.0
20210330072906.69, 121.5, 2.6, 244.0
20210330072907.77, 121.6, 2.6, 240.0
20210330072908.85, 121.6, 2.6, 238.0
20210330072910.09, 121.5, 2.6, 238.0
20210330072911.2, 121.5, 2.6, 240.0
20210330072912.32, 121.5, 2.6, 240.0
20210330072913.45, 121.5, 2.6, 240.0
20210330072914.59, 121.5, 2.6, 240.0
20210330072915.68, 121.5, 2.6, 237.0
20210330072916.8, 121.5, 2.6, 237.0
20210330072917.87, 121.5, 2.6, 236.0
20210330072918.95, 121.5, 2.6, 236.0
20210330072920.07, 121.5, 2.6, 237.0
20210330072921.2, 121.5, 2.6, 237.0
20210330072922.28, 121.5, 2.6, 236.0
20210330072923.39, 121.5, 2.6, 236.0
20210330072924.51, 121.5, 2.6, 237.0
20210330072925.64, 121.5, 2.6, 239.0
20210330072926.86, 121.4, 2.6, 239.0
20210330072927.94, 121.5, 2.6, 237.0
20210330072929.07, 121.5, 2.6, 237.0
20210330072930.18, 121.5, 2.6, 237.0
20210330072931.32, 121.5, 2.6, 237.0
20210330072932.41, 121.5, 2.6, 237.0
20210330072933.54, 121.5, 2.6, 237.0
20210330072934.63, 121.5, 2.6, 234.0
20210330072935.72, 121.5, 2.6, 234.0
20210330072936.86, 121.5, 2.6, 241.0
20210330072937.91, 121.5, 2.6, 241.0
20210330072938.99, 121.5, 2.6, 240.0
20210330072940.14, 121.5, 2.6, 240.0
20210330072941.25, 121.5, 2.5, 237.0
20210330072942.38, 121.5, 2.5, 242.0
20210330072943.62, 121.5, 2.5, 242.0
20210330072944.68, 121.5, 2.5, 238.0
20210330072945.78, 121.5, 2.5, 238.0
20210330072946.92, 121.6, 2.5, 240.0
20210330072948.01, 121.6, 2.5, 240.0
20210330072949.09, 121.5, 2.5, 239.0
20210330072950.19, 121.5, 2.5, 239.0
20210330072951.3, 121.6, 2.5, 238.0
20210330072952.41, 121.6, 2.5, 238.0
20210330072953.49, 121.5, 2.5, 240.0
20210330072954.55, 121.5, 2.5, 240.0
20210330072955.65, 121.6, 2.5, 241.0
20210330072956.77, 121.6, 2.5, 241.0
20210330072957.89, 121.6, 2.5, 239.0
20210330072959.01, 121.6, 2.5, 239.0
20210330073000.09, 121.6, 2.5, 243.0
20210330073001.19, 121.6, 2.5, 238.0
20210330073002.4, 121.6, 2.5, 238.0
20210330073003.47, 121.5, 2.5, 237.0
20210330073004.61, 121.5, 2.5, 237.0
20210330073005.71, 121.5, 2.5, 237.0
20210330073006.84, 121.5, 2.5, 237.0
20210330073007.94, 121.5, 2.5, 236.0
20210330073009.08, 121.5, 2.5, 236.0
20210330073010.19, 121.5, 2.5, 237.0
20210330073011.25, 121.5, 2.5, 237.0
20210330073012.37, 121.4, 2.6, 239.0
20210330073013.46, 121.4, 2.6, 239.0
20210330073014.57, 121.5, 2.6, 237.0
20210330073015.67, 121.5, 2.6, 237.0
20210330073016.78, 121.5, 2.6, 239.0
20210330073017.91, 121.5, 2.6, 239.0
20210330073019.04, 121.4, 2.6, 237.0
20210330073020.12, 121.5, 2.6, 240.0
20210330073021.34, 121.5, 2.6, 240.0
20210330073022.44, 121.4, 2.6, 232.0
20210330073023.52, 121.4, 2.6, 232.0
20210330073024.59, 121.4, 2.6, 239.0
20210330073025.68, 121.4, 2.6, 239.0
20210330073026.77, 121.3, 2.5, 239.0
20210330073027.88, 121.3, 2.5, 239.0
20210330073029.02, 121.3, 2.5, 235.0
20210330073030.15, 121.3, 2.5, 235.0
20210330073031.23, 121.3, 2.5, 237.0
20210330073032.33, 121.3, 2.5, 237.0
20210330073033.46, 121.3, 2.5, 237.0
20210330073034.6, 121.3, 2.5, 237.0
20210330073035.7, 121.3, 2.5, 237.0
20210330073036.97, 121.3, 2.5, 236.0
20210330073038.06, 121.3, 2.5, 236.0
20210330073039.16, 121.4, 2.5, 238.0
20210330073040.28, 121.4, 2.5, 238.0
20210330073041.38, 121.4, 2.5, 237.0
20210330073042.51, 121.4, 2.5, 237.0
20210330073043.63, 121.4, 2.5, 236.0
20210330073044.73, 121.4, 2.5, 236.0
20210330073045.84, 121.4, 2.5, 240.0
20210330073046.96, 121.4, 2.5, 240.0
20210330073048.07, 121.4, 2.5, 240.0
20210330073049.14, 121.4, 2.5, 240.0
20210330073050.27, 121.3, 2.5, 237.0
20210330073051.39, 121.3, 2.5, 237.0
20210330073052.44, 121.4, 2.5, 237.0
20210330073053.57, 121.4, 2.5, 244.0
20210330073054.77, 121.3, 2.5, 244.0
20210330073055.85, 121.3, 2.5, 236.0
20210330073056.91, 121.3, 2.5, 236.0
20210330073058.05, 121.3, 2.5, 239.0
20210330073059.16, 121.3, 2.5, 239.0
20210330073100.21, 121.3, 2.5, 237.0
20210330073101.27, 121.3, 2.5, 237.0
20210330073102.32, 121.2, 2.5, 238.0
20210330073103.38, 121.2, 2.5, 238.0
20210330073104.43, 121.3, 2.5, 238.0
20210330073105.48, 121.3, 2.5, 238.0
20210330073106.61, 121.3, 2.5, 239.0
20210330073107.68, 121.3, 2.5, 239.0
20210330073108.76, 121.3, 2.5, 238.0
20210330073109.82, 121.3, 2.5, 238.0
20210330073110.86, 121.3, 2.5, 234.0
20210330073111.98, 121.3, 2.5, 234.0
20210330073113.1, 121.2, 2.5, 236.0
20210330073114.21, 121.2, 2.5, 236.0
20210330073115.34, 121.2, 2.5, 234.0
20210330073116.5, 121.2, 2.5, 234.0
20210330073117.58, 121.3, 2.5, 237.0
20210330073118.8, 121.2, 2.5, 238.0
20210330073119.86, 121.2, 2.5, 238.0
20210330073120.97, 121.2, 2.5, 236.0
20210330073122.1, 121.2, 2.5, 236.0
20210330073123.16, 121.2, 2.5, 235.0
20210330073124.28, 121.2, 2.5, 235.0
20210330073125.38, 121.2, 2.5, 237.0
20210330073126.53, 121.2, 2.5, 237.0
20210330073127.65, 121.4, 2.5, 236.0
20210330073128.78, 121.4, 2.5, 236.0
20210330073129.9, 121.4, 2.5, 241.0
20210330073131.04, 121.4, 2.5, 241.0
20210330073132.17, 121.3, 2.5, 239.0
20210330073133.29, 121.3, 2.5, 239.0
20210330073134.48, 121.3, 2.5, 235.0
20210330073135.62, 121.3, 2.5, 242.0
20210330073136.75, 121.3, 2.5, 242.0
20210330073137.81, 121.3, 2.5, 237.0
20210330073138.9, 121.3, 2.5, 237.0
20210330073140.03, 121.3, 2.5, 237.0
20210330073141.09, 121.3, 2.5, 237.0
20210330073142.21, 121.2, 2.5, 236.0
20210330073143.3, 121.2, 2.5, 236.0
20210330073144.42, 121.2, 2.5, 242.0
20210330073145.52, 121.2, 2.5, 242.0
20210330073146.64, 121.2, 2.5, 235.0
20210330073147.74, 121.2, 2.5, 235.0
20210330073148.82, 121.3, 2.5, 235.0
20210330073149.94, 121.3, 2.5, 235.0
20210330073151.0, 121.3, 2.5, 237.0
20210330073152.29, 121.2, 2.5, 236.0
20210330073153.38, 121.2, 2.5, 236.0
20210330073154.46, 121.1, 2.5, 237.0
20210330073155.59, 121.1, 2.5, 237.0
20210330073156.73, 121.1, 2.5, 239.0
20210330073157.82, 121.1, 2.5, 239.0
20210330073158.89, 121.2, 2.5, 237.0
20210330073159.98, 121.2, 2.5, 237.0
20210330073201.09, 121.1, 2.5, 237.0
20210330073202.18, 121.1, 2.5, 237.0
20210330073203.27, 121.2, 2.5, 237.0
20210330073204.4, 121.2, 2.5, 237.0
20210330073205.5, 121.1, 2.5, 233.0
20210330073206.63, 121.1, 2.5, 233.0
20210330073207.73, 121.2, 2.5, 240.0
20210330073209.04, 121.2, 2.5, 234.0
20210330073210.11, 121.2, 2.5, 234.0
20210330073211.17, 121.3, 2.5, 242.0
20210330073212.29, 121.3, 2.5, 242.0
20210330073213.34, 121.3, 2.7, 239.0
20210330073214.44, 121.3, 2.7, 239.0
20210330073215.55, 121.3, 2.7, 237.0
20210330073216.71, 121.3, 2.7, 237.0
20210330073217.81, 121.3, 2.7, 240.0
20210330073218.92, 121.3, 2.7, 240.0
20210330073220.01, 121.3, 2.7, 238.0
20210330073221.12, 121.3, 2.7, 238.0
20210330073222.21, 121.3, 2.7, 236.0
20210330073223.3, 121.3, 2.7, 236.0
20210330073224.38, 121.3, 2.7, 236.0
20210330073225.5, 121.3, 2.7, 236.0
20210330073226.63, 121.3, 2.7, 238.0
20210330073227.78, 121.3, 2.5, 242.0
20210330073228.93, 121.3, 2.5, 242.0
20210330073230.05, 121.2, 2.5, 236.0
20210330073231.12, 121.2, 2.5, 236.0
20210330073232.25, 121.2, 2.5, 236.0
20210330073233.31, 121.2, 2.5, 236.0
20210330073234.41, 121.2, 2.5, 236.0
20210330073235.55, 121.2, 2.5, 236.0
20210330073236.7, 121.3, 2.5, 239.0
20210330073237.8, 121.3, 2.5, 239.0
20210330073238.91, 121.2, 2.5, 238.0
20210330073240.06, 121.2, 2.5, 238.0
20210330073241.18, 121.2, 2.5, 237.0
20210330073242.29, 121.2, 2.5, 237.0
20210330073243.39, 121.2, 2.5, 238.0
20210330073244.52, 121.3, 2.6, 239.0
20210330073245.67, 121.3, 2.6, 239.0
20210330073246.78, 121.3, 2.6, 235.0
20210330073247.89, 121.3, 2.6, 235.0
20210330073249.02, 121.3, 2.6, 237.0
20210330073250.12, 121.3, 2.6, 237.0
20210330073251.23, 121.2, 2.6, 237.0
20210330073252.31, 121.2, 2.6, 237.0
20210330073253.43, 121.2, 2.6, 234.0
20210330073254.56, 121.2, 2.6, 234.0
20210330073255.67, 121.2, 2.6, 235.0
20210330073256.79, 121.2, 2.6, 235.0
20210330073257.89, 121.2, 2.6, 236.0
20210330073259.0, 121.2, 2.6, 236.0
20210330073300.07, 121.2, 2.5, 237.0
20210330073301.12, 121.2, 2.5, 237.0
20210330073302.37, 121.2, 2.5, 238.0
20210330073303.52, 121.2, 2.5, 238.0
20210330073304.66, 121.2, 2.5, 238.0
20210330073305.73, 121.2, 2.5, 239.0
20210330073306.83, 121.2, 2.5, 239.0
20210330073307.93, 121.2, 2.5, 236.0
20210330073309.02, 121.2, 2.5, 236.0
20210330073310.11, 121.3, 2.5, 239.0
20210330073311.25, 121.3, 2.5, 239.0
20210330073312.31, 121.3, 2.5, 239.0
20210330073313.41, 121.3, 2.5, 239.0
20210330073314.52, 121.3, 2.6, 239.0
20210330073315.61, 121.3, 2.6, 239.0
20210330073316.69, 121.2, 2.6, 236.0
20210330073317.79, 121.2, 2.6, 236.0
20210330073318.88, 121.3, 2.6, 239.0
20210330073320.16, 121.2, 2.6, 237.0
20210330073321.27, 121.2, 2.6, 237.0
20210330073322.39, 121.3, 2.6, 237.0
20210330073323.51, 121.3, 2.6, 237.0
20210330073324.57, 121.2, 2.6, 237.0
20210330073325.68, 121.2, 2.6, 237.0
20210330073326.79, 121.2, 2.6, 239.0
20210330073327.86, 121.2, 2.6, 239.0
20210330073328.91, 121.2, 2.5, 241.0
20210330073330.03, 121.2, 2.5, 241.0
20210330073331.16, 121.2, 2.5, 234.0
20210330073332.29, 121.2, 2.5, 234.0
20210330073333.37, 121.2, 2.5, 235.0
20210330073334.42, 121.2, 2.5, 235.0
20210330073335.54, 121.2, 2.5, 239.0
20210330073336.67, 121.2, 2.5, 239.0
20210330073337.77, 121.2, 2.5, 237.0
20210330073338.98, 121.3, 2.5, 238.0
20210330073340.08, 121.3, 2.5, 238.0
20210330073341.18, 121.3, 2.5, 237.0
20210330073342.29, 121.3, 2.5, 237.0
20210330073343.36, 121.3, 2.5, 240.0
20210330073344.48, 121.3, 2.5, 240.0
20210330073345.59, 121.3, 2.5, 242.0
20210330073346.74, 121.3, 2.5, 242.0
20210330073347.82, 121.3, 2.5, 237.0
20210330073348.93, 121.3, 2.5, 237.0
20210330073350.0, 121.3, 2.5, 239.0
20210330073351.07, 121.3, 2.5, 239.0
20210330073352.21, 121.3, 2.5, 234.0
20210330073353.29, 121.3, 2.5, 234.0
20210330073354.34, 121.3, 2.5, 235.0
20210330073355.47, 121.3, 2.5, 235.0
20210330073356.58, 121.3, 2.5, 239.0
20210330073357.73, 121.3, 2.5, 239.0
20210330073358.88, 121.3, 2.5, 239.0
20210330073400.01, 121.3, 2.5, 239.0
20210330073401.11, 121.3, 2.5, 239.0
20210330073402.21, 121.3, 2.5, 236.0
20210330073403.3, 121.3, 2.5, 236.0
20210330073404.37, 121.3, 2.5, 238.0
20210330073405.46, 121.3, 2.5, 238.0
20210330073406.6, 121.3, 2.5, 236.0
20210330073407.72, 121.3, 2.5, 236.0
20210330073408.78, 121.4, 2.5, 241.0
20210330073409.86, 121.4, 2.5, 241.0
20210330073410.93, 121.3, 2.5, 239.0
20210330073411.99, 121.3, 2.5, 239.0
20210330073413.13, 121.4, 2.5, 239.0
20210330073414.23, 121.4, 2.5, 239.0
20210330073415.29, 121.4, 2.6, 238.0
20210330073416.42, 121.4, 2.6, 238.0
20210330073417.55, 121.4, 2.6, 237.0
20210330073418.66, 121.4, 2.6, 239.0
20210330073419.82, 121.4, 2.6, 239.0
20210330073420.9, 121.4, 2.6, 236.0
20210330073421.98, 121.4, 2.6, 236.0
20210330073423.11, 121.4, 2.6, 236.0
20210330073424.22, 121.4, 2.6, 236.0
20210330073425.3, 121.3, 2.6, 235.0
20210330073426.42, 121.3, 2.6, 235.0
20210330073427.48, 121.3, 2.6, 236.0
20210330073428.56, 121.3, 2.6, 236.0
20210330073429.66, 121.4, 2.5, 242.0
20210330073430.79, 121.4, 2.5, 242.0
20210330073431.93, 121.3, 2.5, 238.0
20210330073433.06, 121.3, 2.5, 238.0
20210330073434.16, 121.3, 2.5, 237.0
20210330073435.25, 121.3, 2.5, 237.0
20210330073436.31, 121.3, 2.5, 238.0
20210330073437.45, 121.3, 2.5, 238.0
20210330073438.63, 121.3, 2.5, 238.0
20210330073439.76, 121.3, 2.5, 235.0
20210330073440.82, 121.3, 2.5, 235.0
20210330073441.93, 121.3, 2.5, 254.0
20210330073443.04, 121.3, 2.5, 254.0
20210330073444.18, 121.4, 2.5, 235.0
20210330073445.28, 121.4, 2.5, 235.0
20210330073446.39, 121.4, 2.6, 240.0
20210330073447.54, 121.4, 2.6, 240.0
20210330073448.59, 121.4, 2.6, 241.0
20210330073449.66, 121.4, 2.6, 241.0
20210330073450.75, 121.5, 2.6, 235.0
20210330073451.84, 121.5, 2.6, 235.0
20210330073452.97, 121.5, 2.6, 240.0
20210330073454.06, 121.5, 2.6, 240.0
20210330073455.19, 121.4, 2.6, 239.0
20210330073456.29, 121.3, 2.6, 239.0
20210330073457.54, 121.3, 2.6, 239.0
20210330073458.6, 121.4, 2.6, 237.0
20210330073459.75, 121.4, 2.6, 237.0
20210330073500.86, 121.4, 2.5, 238.0
20210330073501.98, 121.4, 2.5, 238.0
20210330073503.07, 121.3, 2.5, 236.0
20210330073504.21, 121.3, 2.5, 236.0
20210330073505.3, 121.3, 2.5, 236.0
20210330073506.43, 121.3, 2.5, 236.0
20210330073507.55, 121.4, 2.5, 237.0
20210330073508.65, 121.4, 2.5, 237.0
20210330073509.71, 121.4, 2.5, 239.0
20210330073510.82, 121.4, 2.5, 239.0
20210330073511.94, 121.4, 2.5, 237.0
20210330073513.04, 121.4, 2.5, 237.0
20210330073514.27, 121.4, 2.5, 237.0
20210330073515.33, 121.4, 2.6, 241.0
20210330073516.45, 121.4, 2.6, 241.0
20210330073517.59, 121.4, 2.6, 238.0
20210330073518.66, 121.4, 2.6, 238.0
20210330073519.77, 121.3, 2.6, 240.0
20210330073520.89, 121.3, 2.6, 240.0
20210330073522.03, 121.4, 2.6, 236.0
20210330073523.11, 121.4, 2.6, 236.0
20210330073524.16, 121.3, 2.6, 235.0
20210330073525.23, 121.3, 2.6, 235.0
20210330073526.32, 121.3, 2.6, 238.0
20210330073527.46, 121.3, 2.6, 238.0
20210330073528.57, 121.4, 2.6, 239.0
20210330073529.67, 121.4, 2.6, 239.0
20210330073530.75, 121.3, 2.6, 237.0
20210330073531.99, 121.4, 2.7, 239.0
20210330073533.06, 121.4, 2.7, 239.0
20210330073534.13, 121.4, 2.7, 239.0
20210330073535.2, 121.4, 2.7, 239.0
20210330073536.3, 121.4, 2.7, 237.0
20210330073537.43, 121.4, 2.7, 237.0
20210330073538.49, 121.4, 2.7, 239.0
20210330073539.6, 121.4, 2.7, 239.0
20210330073540.73, 121.4, 2.7, 237.0
20210330073541.84, 121.4, 2.7, 237.0
20210330073542.94, 121.4, 2.7, 242.0
20210330073544.07, 121.4, 2.7, 242.0
20210330073545.13, 121.4, 2.7, 238.0
20210330073546.27, 121.4, 2.7, 238.0
20210330073547.35, 121.4, 2.6, 238.0
20210330073548.47, 121.4, 2.6, 238.0
20210330073549.6, 121.3, 2.6, 238.0
20210330073550.67, 121.3, 2.6, 242.0
20210330073551.87, 121.4, 2.6, 242.0
20210330073552.98, 121.4, 2.6, 235.0
20210330073554.09, 121.4, 2.6, 235.0
20210330073555.15, 121.4, 2.6, 236.0
20210330073556.29, 121.4, 2.6, 236.0
20210330073557.42, 121.3, 2.6, 236.0
20210330073558.55, 121.3, 2.6, 236.0
20210330073559.61, 121.3, 2.6, 237.0
20210330073600.73, 121.3, 2.6, 237.0
20210330073601.81, 121.4, 2.5, 239.0
20210330073602.96, 121.4, 2.5, 239.0
20210330073604.03, 121.3, 2.5, 236.0
20210330073605.09, 121.3, 2.5, 236.0
20210330073606.18, 121.3, 2.5, 236.0
20210330073607.3, 121.3, 2.5, 236.0
20210330073608.43, 121.3, 2.5, 237.0
20210330073609.58, 121.3, 2.5, 240.0
20210330073610.72, 121.3, 2.5, 240.0
20210330073611.8, 121.3, 2.5, 240.0
20210330073612.91, 121.3, 2.5, 240.0
20210330073613.97, 121.3, 2.5, 242.0
20210330073615.12, 121.3, 2.5, 242.0
20210330073616.22, 121.3, 2.5, 237.0
20210330073617.33, 121.3, 2.5, 237.0
20210330073618.46, 121.2, 2.6, 235.0
20210330073619.61, 121.2, 2.6, 235.0
20210330073620.67, 121.2, 2.6, 236.0
20210330073621.75, 121.2, 2.6, 236.0
20210330073622.81, 121.2, 2.6, 236.0
20210330073623.92, 121.2, 2.6, 236.0
20210330073625.0, 121.2, 2.6, 235.0
20210330073626.12, 121.2, 2.6, 235.0
20210330073627.25, 121.2, 2.6, 237.0
20210330073628.48, 121.3, 2.6, 236.0
20210330073629.59, 121.3, 2.6, 236.0
20210330073630.64, 121.3, 2.6, 237.0
20210330073631.78, 121.3, 2.6, 237.0
20210330073632.85, 121.3, 2.6, 241.0
20210330073633.92, 121.3, 2.6, 241.0
20210330073635.0, 121.3, 2.6, 233.0
20210330073636.05, 121.3, 2.6, 233.0
20210330073637.16, 121.4, 2.6, 240.0
20210330073638.29, 121.4, 2.6, 240.0
20210330073639.37, 121.4, 2.6, 238.0
20210330073640.45, 121.4, 2.6, 238.0
20210330073641.55, 121.4, 2.6, 238.0
20210330073642.7, 121.4, 2.6, 238.0
20210330073643.8, 121.5, 2.6, 239.0
20210330073644.95, 121.5, 2.6, 239.0
20210330073646.02, 121.4, 2.6, 235.0
20210330073647.14, 121.4, 2.6, 235.0
20210330073648.22, 121.5, 2.5, 237.0
20210330073649.29, 121.5, 2.5, 238.0
20210330073650.54, 121.4, 2.5, 238.0
20210330073651.65, 121.4, 2.5, 235.0
20210330073652.77, 121.4, 2.5, 235.0
20210330073653.85, 121.5, 2.5, 240.0
20210330073654.95, 121.5, 2.5, 240.0
20210330073656.04, 121.4, 2.5, 236.0
20210330073657.13, 121.4, 2.5, 236.0
20210330073658.25, 121.4, 2.5, 238.0
20210330073659.37, 121.4, 2.5, 238.0
20210330073700.5, 121.4, 2.5, 239.0
20210330073701.58, 121.4, 2.5, 239.0
20210330073702.7, 121.3, 2.5, 237.0
20210330073703.82, 121.3, 2.5, 237.0
20210330073704.95, 121.3, 2.5, 236.0
20210330073706.21, 121.3, 2.5, 239.0
20210330073707.28, 121.3, 2.5, 239.0
20210330073708.36, 121.3, 2.5, 238.0
20210330073709.41, 121.3, 2.5, 238.0
20210330073710.49, 121.3, 2.5, 238.0
20210330073711.57, 121.3, 2.5, 238.0
20210330073712.71, 121.4, 2.5, 236.0
20210330073713.8, 121.4, 2.5, 236.0
20210330073714.87, 121.4, 2.5, 239.0
20210330073716.01, 121.4, 2.5, 239.0
20210330073717.11, 121.4, 2.5, 238.0
20210330073718.24, 121.4, 2.5, 238.0
20210330073719.31, 121.4, 2.7, 240.0
20210330073720.38, 121.4, 2.7, 240.0
20210330073721.5, 121.4, 2.7, 238.0
20210330073722.61, 121.4, 2.7, 238.0
20210330073723.75, 121.4, 2.7, 238.0
20210330073724.81, 121.4, 2.7, 238.0
20210330073725.92, 121.5, 2.7, 237.0
20210330073727.05, 121.5, 2.7, 240.0
20210330073728.26, 121.5, 2.7, 240.0
20210330073729.34, 121.5, 2.7, 237.0
20210330073730.41, 121.5, 2.7, 237.0
20210330073731.48, 121.5, 2.7, 238.0
20210330073732.55, 121.5, 2.7, 238.0
20210330073733.69, 121.5, 2.5, 238.0
20210330073734.77, 121.5, 2.5, 238.0
20210330073735.85, 121.5, 2.5, 240.0
20210330073736.93, 121.5, 2.5, 240.0
20210330073738.05, 121.5, 2.5, 235.0
20210330073739.11, 121.5, 2.5, 235.0
20210330073740.21, 121.5, 2.5, 242.0
20210330073741.31, 121.5, 2.5, 242.0
20210330073742.45, 121.5, 2.5, 240.0
20210330073743.55, 121.5, 2.5, 240.0
20210330073744.62, 121.5, 2.5, 239.0
20210330073745.71, 121.5, 2.5, 239.0
20210330073746.8, 121.5, 2.5, 240.0
20210330073747.88, 121.5, 2.5, 240.0
20210330073748.96, 121.4, 2.5, 238.0
20210330073750.18, 121.3, 2.5, 236.0
20210330073751.27, 121.3, 2.5, 236.0
20210330073752.34, 121.4, 2.5, 238.0
20210330073753.48, 121.4, 2.5, 238.0
20210330073754.57, 121.3, 2.5, 237.0
20210330073755.63, 121.3, 2.5, 237.0
20210330073756.74, 121.4, 2.5, 237.0
20210330073757.82, 121.4, 2.5, 237.0
20210330073758.94, 121.4, 2.5, 237.0
20210330073800.0, 121.4, 2.5, 237.0
20210330073801.06, 121.4, 2.5, 238.0
20210330073802.18, 121.4, 2.5, 238.0
20210330073803.29, 121.3, 2.5, 239.0
20210330073804.42, 121.3, 2.5, 239.0
20210330073805.56, 121.3, 2.5, 234.0
20210330073806.64, 121.3, 2.5, 234.0
20210330073807.74, 121.3, 2.5, 240.0
20210330073808.8, 121.3, 2.5, 239.0
20210330073810.02, 121.4, 2.5, 239.0
20210330073811.08, 121.5, 2.5, 240.0
20210330073812.2, 121.5, 2.5, 240.0
20210330073813.3, 121.4, 2.5, 237.0
20210330073814.45, 121.4, 2.5, 237.0
20210330073815.52, 121.5, 2.5, 240.0
20210330073816.58, 121.5, 2.5, 240.0
20210330073817.63, 121.4, 2.5, 238.0
20210330073818.75, 121.4, 2.5, 238.0
20210330073819.83, 121.5, 2.6, 237.0
20210330073820.95, 121.5, 2.6, 237.0
20210330073822.05, 121.5, 2.6, 237.0
20210330073823.16, 121.5, 2.6, 237.0
20210330073824.25, 121.5, 2.6, 238.0
20210330073825.32, 121.5, 2.6, 238.0
20210330073826.46, 121.5, 2.6, 236.0
20210330073827.59, 121.5, 2.6, 236.0
20210330073828.63, 121.6, 2.6, 238.0
20210330073829.76, 121.6, 2.6, 239.0
20210330073830.95, 121.5, 2.6, 239.0
20210330073832.09, 121.5, 2.6, 240.0
20210330073833.21, 121.5, 2.6, 240.0
20210330073834.32, 121.4, 2.5, 240.0
20210330073835.37, 121.4, 2.5, 240.0
20210330073836.42, 121.4, 2.5, 239.0
20210330073837.57, 121.4, 2.5, 239.0
20210330073838.71, 121.4, 2.5, 236.0
20210330073839.79, 121.4, 2.5, 236.0
20210330073840.89, 121.4, 2.5, 240.0
20210330073841.98, 121.4, 2.5, 240.0
20210330073843.11, 121.4, 2.5, 237.0
20210330073844.2, 121.4, 2.5, 237.0
20210330073845.27, 121.4, 2.5, 242.0
20210330073846.36, 121.4, 2.5, 242.0
20210330073847.49, 121.4, 2.5, 240.0
20210330073848.63, 121.4, 2.5, 237.0
20210330073849.8, 121.4, 2.5, 237.0
20210330073850.87, 121.5, 2.6, 242.0
20210330073851.95, 121.5, 2.6, 242.0
20210330073853.06, 121.5, 2.6, 237.0
20210330073854.2, 121.5, 2.6, 237.0
20210330073855.3, 121.5, 2.6, 237.0
20210330073856.45, 121.5, 2.6, 237.0
20210330073857.54, 121.5, 2.6, 237.0
20210330073858.66, 121.5, 2.6, 237.0
20210330073859.76, 121.6, 2.6, 237.0
20210330073900.88, 121.6, 2.6, 237.0
20210330073902.0, 121.5, 2.6, 239.0
20210330073903.12, 121.5, 2.6, 239.0
20210330073904.25, 121.5, 2.6, 241.0
20210330073905.32, 121.5, 2.6, 238.0
20210330073906.53, 121.5, 2.6, 238.0
20210330073907.64, 121.5, 2.6, 235.0
20210330073908.76, 121.5, 2.6, 235.0
20210330073909.83, 121.5, 2.6, 236.0
20210330073910.95, 121.5, 2.6, 236.0
20210330073912.06, 121.5, 2.6, 237.0
20210330073913.19, 121.5, 2.6, 237.0
20210330073914.27, 121.5, 2.6, 237.0
20210330073915.41, 121.5, 2.6, 237.0
20210330073916.53, 121.4, 2.6, 237.0
20210330073917.6, 121.4, 2.6, 237.0
20210330073918.72, 121.4, 2.6, 240.0
20210330073919.84, 121.4, 2.6, 240.0
20210330073920.97, 121.4, 2.5, 236.0
20210330073922.12, 121.5, 2.5, 239.0
20210330073923.25, 121.5, 2.5, 239.0
20210330073924.32, 121.5, 2.5, 235.0
20210330073925.39, 121.5, 2.5, 235.0
20210330073926.46, 121.4, 2.5, 237.0
20210330073927.61, 121.4, 2.5, 237.0
20210330073928.75, 121.4, 2.5, 237.0
20210330073929.86, 121.4, 2.5, 237.0
20210330073931.0, 121.4, 2.5, 240.0
20210330073932.12, 121.4, 2.5, 240.0
20210330073933.21, 121.4, 2.5, 242.0
20210330073934.27, 121.4, 2.5, 242.0
20210330073935.41, 121.4, 2.5, 234.0
20210330073936.53, 121.4, 2.5, 234.0
20210330073937.61, 121.4, 2.6, 239.0
20210330073938.74, 121.4, 2.6, 239.0
20210330073939.85, 121.4, 2.6, 240.0
20210330073940.98, 121.4, 2.6, 254.0
20210330073942.14, 121.4, 2.6, 254.0
20210330073943.25, 121.4, 2.6, 240.0
20210330073944.32, 121.4, 2.6, 240.0
20210330073945.38, 121.3, 2.6, 235.0
20210330073946.47, 121.3, 2.6, 235.0
20210330073947.58, 121.3, 2.6, 237.0
20210330073948.68, 121.3, 2.6, 237.0
20210330073949.78, 121.4, 2.6, 237.0
20210330073950.84, 121.4, 2.6, 237.0
20210330073951.89, 121.3, 2.5, 238.0
20210330073953.01, 121.3, 2.5, 238.0
20210330073954.14, 121.4, 2.5, 240.0
20210330073955.26, 121.4, 2.5, 240.0
20210330073956.33, 121.4, 2.5, 237.0
20210330073957.44, 121.4, 2.5, 237.0
20210330073958.58, 121.5, 2.5, 238.0
20210330073959.69, 121.5, 2.5, 238.0
20210330074000.79, 121.5, 2.5, 233.0
20210330074001.9, 121.4, 2.5, 236.0
20210330074003.09, 121.4, 2.5, 236.0
20210330074004.2, 121.4, 2.5, 237.0
20210330074005.29, 121.4, 2.5, 237.0
20210330074006.36, 121.5, 2.7, 238.0
20210330074007.47, 121.5, 2.7, 238.0
20210330074008.57, 121.5, 2.7, 237.0
20210330074009.72, 121.5, 2.7, 237.0
20210330074010.81, 121.5, 2.7, 241.0
20210330074011.95, 121.5, 2.7, 241.0
20210330074013.07, 121.6, 2.7, 239.0
20210330074014.18, 121.6, 2.7, 239.0
20210330074015.29, 121.6, 2.7, 237.0
20210330074016.42, 121.6, 2.7, 237.0
20210330074017.49, 121.5, 2.7, 236.0
20210330074018.65, 121.5, 2.7, 235.0
20210330074019.83, 121.5, 2.7, 235.0
20210330074020.96, 121.5, 2.7, 236.0
20210330074022.08, 121.5, 2.7, 236.0
20210330074023.23, 121.5, 2.7, 238.0
20210330074024.31, 121.5, 2.7, 238.0
20210330074025.45, 121.5, 2.7, 237.0
20210330074026.59, 121.5, 2.7, 237.0
20210330074027.73, 121.5, 2.7, 237.0
20210330074028.81, 121.5, 2.7, 237.0
20210330074029.89, 121.5, 2.7, 242.0
20210330074031.0, 121.5, 2.7, 242.0
20210330074032.13, 121.4, 2.7, 240.0
20210330074033.21, 121.4, 2.7, 240.0
20210330074034.3, 121.4, 2.7, 238.0
20210330074035.52, 121.4, 2.7, 240.0
20210330074036.59, 121.4, 2.7, 240.0
20210330074037.7, 121.4, 2.5, 239.0
20210330074038.8, 121.4, 2.5, 239.0
20210330074039.89, 121.5, 2.5, 244.0
20210330074041.05, 121.5, 2.5, 244.0
20210330074042.18, 121.5, 2.5, 238.0
20210330074043.25, 121.5, 2.5, 238.0
20210330074044.36, 121.5, 2.5, 237.0
20210330074115.98, 121.5, 2.5, 237.0
20210330074117.04, 121.5, 2.5, 241.0
20210330074118.16, 121.5, 2.5, 241.0
20210330074119.22, 121.5, 2.5, 239.0
20210330074120.32, 121.5, 2.5, 239.0
20210330074121.45, 121.5, 2.6, 241.0
20210330074122.52, 121.5, 2.6, 241.0
20210330074123.57, 121.5, 2.6, 240.0
20210330074124.64, 121.5, 2.6, 240.0
20210330074125.75, 121.5, 2.6, 240.0
20210330074126.86, 121.5, 2.6, 240.0
20210330074128.0, 121.5, 2.6, 238.0
20210330074129.15, 121.5, 2.6, 238.0
20210330074130.27, 121.5, 2.6, 237.0
20210330074131.34, 121.5, 2.6, 237.0
20210330074132.39, 121.5, 2.6, 239.0
20210330074133.73, 121.5, 2.6, 242.0
20210330074134.8, 121.5, 2.6, 242.0
20210330074135.86, 121.5, 2.6, 237.0
20210330074136.93, 121.5, 2.6, 237.0
20210330074138.06, 121.5, 2.5, 235.0
20210330074139.18, 121.5, 2.5, 235.0
20210330074140.29, 121.5, 2.5, 240.0
20210330074141.42, 121.5, 2.5, 240.0
20210330074142.51, 121.5, 2.5, 237.0
20210330074143.62, 121.5, 2.5, 237.0
20210330074144.68, 121.5, 2.5, 237.0
20210330074145.79, 121.5, 2.5, 237.0
20210330074146.89, 121.4, 2.5, 239.0
20210330074147.95, 121.4, 2.5, 239.0
20210330074149.08, 121.4, 2.5, 237.0
20210330074150.17, 121.4, 2.5, 237.0
20210330074151.26, 121.4, 2.5, 237.0
20210330074152.37, 121.4, 2.5, 241.0
20210330074153.62, 121.4, 2.5, 241.0
20210330074154.73, 121.4, 2.5, 237.0
20210330074155.81, 121.4, 2.5, 237.0
20210330074156.87, 121.4, 2.5, 242.0
20210330074157.99, 121.4, 2.5, 242.0
20210330074159.09, 121.4, 2.5, 236.0
20210330074200.15, 121.4, 2.5, 236.0
20210330074201.24, 121.4, 2.5, 241.0
20210330074202.36, 121.4, 2.5, 241.0
20210330074203.5, 121.4, 2.5, 240.0
20210330074204.62, 121.4, 2.5, 240.0
20210330074205.71, 121.4, 2.5, 241.0
20210330074206.82, 121.4, 2.5, 241.0
20210330074207.93, 121.4, 2.5, 239.0
20210330074209.05, 121.4, 2.5, 239.0
20210330074210.16, 121.5, 2.5, 239.0
20210330074211.25, 121.5, 2.5, 239.0
20210330074212.39, 121.5, 2.5, 239.0
20210330074213.48, 121.5, 2.5, 241.0
20210330074214.61, 121.5, 2.5, 241.0
20210330074215.67, 121.6, 2.5, 239.0
20210330074216.77, 121.6, 2.5, 239.0
20210330074217.86, 121.6, 2.5, 237.0
20210330074218.97, 121.6, 2.5, 237.0
20210330074220.11, 121.6, 2.5, 235.0
20210330074221.18, 121.6, 2.5, 235.0
20210330074222.27, 121.6, 2.5, 239.0
20210330074223.4, 121.6, 2.5, 239.0
20210330074224.54, 121.6, 2.5, 236.0
20210330074225.67, 121.6, 2.5, 236.0
20210330074226.78, 121.6, 2.5, 237.0
20210330074227.88, 121.6, 2.5, 237.0
20210330074228.98, 121.6, 2.5, 237.0
20210330074230.21, 121.5, 2.5, 240.0
20210330074231.27, 121.5, 2.5, 240.0
20210330074232.34, 121.6, 2.5, 239.0
20210330074233.43, 121.6, 2.5, 239.0
20210330074234.51, 121.5, 2.5, 237.0
20210330074235.62, 121.5, 2.5, 237.0
20210330074236.75, 121.5, 2.5, 239.0
20210330074237.81, 121.5, 2.5, 239.0
20210330074238.95, 121.6, 2.7, 238.0
20210330074240.05, 121.6, 2.7, 238.0
20210330074241.12, 121.6, 2.7, 235.0
20210330074242.27, 121.6, 2.7, 235.0
20210330074243.35, 121.6, 2.7, 237.0
20210330074244.5, 121.6, 2.7, 237.0
20210330074245.55, 121.5, 2.7, 240.0
20210330074246.68, 121.5, 2.7, 240.0
20210330074247.79, 121.5, 2.7, 236.0
20210330074248.84, 121.5, 2.7, 236.0
20210330074249.92, 121.5, 2.7, 237.0
20210330074251.16, 121.5, 2.7, 238.0
20210330074252.23, 121.5, 2.7, 238.0
20210330074253.32, 121.5, 2.7, 236.0
20210330074254.39, 121.5, 2.7, 236.0
20210330074255.44, 121.5, 2.7, 239.0
20210330074256.58, 121.5, 2.7, 239.0
20210330074257.71, 121.5, 2.7, 242.0
20210330074258.8, 121.5, 2.7, 242.0
20210330074259.9, 121.5, 2.7, 235.0
20210330074301.0, 121.5, 2.7, 235.0
20210330074302.06, 121.5, 2.7, 238.0
20210330074303.18, 121.5, 2.7, 238.0
20210330074304.27, 121.5, 2.7, 240.0
20210330074305.37, 121.5, 2.7, 240.0
20210330074306.5, 121.5, 2.7, 238.0
20210330074307.57, 121.5, 2.7, 238.0
20210330074308.65, 121.5, 2.7, 236.0
20210330074309.78, 121.5, 2.7, 236.0
20210330074310.87, 121.4, 2.6, 235.0
20210330074312.03, 121.6, 2.6, 237.0
20210330074313.19, 121.6, 2.6, 237.0
20210330074314.29, 121.5, 2.6, 241.0
20210330074315.35, 121.5, 2.6, 241.0
20210330074316.46, 121.5, 2.6, 237.0
20210330074317.52, 121.5, 2.6, 237.0
20210330074318.6, 121.5, 2.6, 241.0
20210330074319.72, 121.5, 2.6, 241.0
20210330074320.8, 121.6, 2.6, 235.0
20210330074321.93, 121.6, 2.6, 235.0
20210330074323.02, 121.6, 2.6, 237.0
20210330074324.16, 121.6, 2.6, 237.0
20210330074325.23, 121.5, 2.5, 240.0
20210330074326.33, 121.5, 2.5, 240.0
20210330074327.46, 121.6, 2.5, 239.0
20210330074328.52, 121.6, 2.5, 239.0
20210330074329.65, 121.6, 2.5, 241.0
20210330074330.92, 121.6, 2.5, 240.0
20210330074331.98, 121.6, 2.5, 240.0
20210330074333.09, 121.5, 2.5, 240.0
20210330074334.23, 121.5, 2.5, 240.0
20210330074335.32, 121.5, 2.5, 238.0
20210330074336.47, 121.5, 2.5, 238.0
20210330074337.61, 121.5, 2.5, 237.0
20210330074338.69, 121.5, 2.5, 237.0
20210330074339.8, 121.5, 2.7, 235.0
20210330074340.86, 121.5, 2.7, 235.0
20210330074341.96, 121.6, 2.7, 238.0
20210330074343.1, 121.6, 2.7, 238.0
20210330074344.24, 121.5, 2.7, 237.0
20210330074345.3, 121.5, 2.7, 237.0
20210330074346.37, 121.5, 2.7, 236.0
20210330074347.48, 121.5, 2.7, 236.0
20210330074348.62, 121.5, 2.7, 237.0
20210330074349.74, 121.5, 2.7, 239.0
20210330074350.89, 121.5, 2.7, 239.0
20210330074351.95, 121.5, 2.7, 238.0
20210330074353.06, 121.5, 2.7, 238.0
20210330074354.18, 121.5, 2.7, 238.0
20210330074355.29, 121.5, 2.7, 238.0
20210330074356.35, 121.5, 2.5, 238.0
20210330074357.41, 121.5, 2.5, 238.0
20210330074358.47, 121.6, 2.5, 238.0
20210330074359.57, 121.6, 2.5, 238.0
20210330074400.66, 121.6, 2.5, 242.0
20210330074401.76, 121.6, 2.5, 242.0
20210330074402.86, 121.6, 2.5, 239.0
20210330074403.97, 121.6, 2.5, 239.0
20210330074405.04, 121.6, 2.5, 237.0
20210330074406.17, 121.6, 2.5, 237.0
20210330074407.29, 121.6, 2.5, 240.0
20210330074408.42, 121.6, 2.5, 240.0
20210330074409.52, 121.6, 2.5, 242.0
20210330074410.65, 121.6, 2.4000000000000004, 239.0
20210330074411.79, 121.6, 2.4000000000000004, 239.0
20210330074412.85, 121.6, 2.4000000000000004, 237.0
20210330074414.0, 121.6, 2.4000000000000004, 237.0
20210330074415.07, 121.6, 2.4000000000000004, 238.0
20210330074416.2, 121.6, 2.4000000000000004, 238.0
20210330074417.28, 121.6, 2.4000000000000004, 236.0
20210330074418.34, 121.6, 2.4000000000000004, 236.0
20210330074419.39, 121.5, 2.4000000000000004, 240.0
20210330074420.47, 121.5, 2.4000000000000004, 240.0
20210330074421.54, 121.5, 2.4000000000000004, 240.0
20210330074422.6, 121.5, 2.4000000000000004, 240.0
20210330074423.73, 121.4, 2.4000000000000004, 235.0
20210330074424.82, 121.4, 2.4000000000000004, 235.0
20210330074425.88, 121.4, 2.5, 237.0
20210330074427.02, 121.4, 2.5, 237.0
20210330074428.11, 121.5, 2.5, 238.0
20210330074429.21, 121.5, 2.5, 238.0
20210330074430.3, 121.5, 2.5, 237.0
20210330074431.41, 121.5, 2.5, 237.0
20210330074432.54, 121.6, 2.5, 239.0
20210330074433.68, 121.5, 2.5, 237.0
20210330074434.8, 121.5, 2.5, 237.0
20210330074435.93, 121.6, 2.5, 242.0
20210330074437.04, 121.6, 2.5, 242.0
20210330074438.18, 121.5, 2.5, 238.0
20210330074439.29, 121.5, 2.5, 238.0
20210330074440.34, 121.5, 2.5, 238.0
20210330074441.47, 121.5, 2.5, 238.0
20210330074442.59, 121.5, 2.6, 239.0
20210330074443.66, 121.5, 2.6, 239.0
20210330074444.79, 121.5, 2.6, 240.0
20210330074445.92, 121.5, 2.6, 240.0
20210330074447.04, 121.5, 2.6, 241.0
20210330074448.16, 121.5, 2.6, 241.0
20210330074449.23, 121.5, 2.6, 239.0
20210330074450.28, 121.5, 2.6, 239.0
20210330074451.38, 121.6, 2.6, 239.0
20210330074452.54, 121.5, 2.6, 238.0
20210330074453.68, 121.5, 2.6, 238.0
20210330074454.8, 121.5, 2.6, 238.0
20210330074455.86, 121.5, 2.6, 238.0
20210330074456.98, 121.5, 2.5, 236.0
20210330074458.11, 121.5, 2.5, 236.0
20210330074459.2, 121.5, 2.5, 237.0
20210330074500.29, 121.5, 2.5, 237.0
20210330074501.4, 121.5, 2.5, 238.0
20210330074502.54, 121.5, 2.5, 238.0
20210330074503.68, 121.4, 2.5, 237.0
20210330074504.79, 121.4, 2.5, 237.0
20210330074505.92, 121.4, 2.5, 238.0
20210330074507.07, 121.4, 2.5, 239.0
20210330074508.3, 121.5, 2.5, 239.0
20210330074509.42, 121.5, 2.5, 237.0
20210330074510.53, 121.5, 2.5, 237.0
20210330074511.67, 121.5, 2.6, 241.0
20210330074512.8, 121.5, 2.6, 241.0
20210330074513.94, 121.5, 2.6, 242.0
20210330074515.07, 121.5, 2.6, 242.0
20210330074516.21, 121.5, 2.6, 239.0
20210330074517.29, 121.5, 2.6, 239.0
20210330074518.38, 121.4, 2.6, 241.0
20210330074519.5, 121.4, 2.6, 241.0
20210330074520.57, 121.4, 2.6, 239.0
20210330074521.74, 121.4, 2.6, 239.0
20210330074522.82, 121.5, 2.6, 241.0
20210330074523.95, 121.5, 2.6, 239.0
20210330074525.09, 121.5, 2.6, 239.0
20210330074526.24, 121.6, 2.6, 240.0
20210330074527.35, 121.6, 2.6, 240.0
20210330074528.46, 121.6, 2.6, 235.0
20210330074529.57, 121.6, 2.6, 235.0
20210330074530.66, 121.6, 2.6, 237.0
20210330074531.79, 121.6, 2.6, 237.0
20210330074532.89, 121.5, 2.6, 239.0
20210330074534.05, 121.5, 2.6, 239.0
20210330074535.18, 121.5, 2.6, 239.0
20210330074536.29, 121.5, 2.6, 239.0
20210330074537.43, 121.5, 2.6, 241.0
20210330074538.58, 121.5, 2.6, 238.0
20210330074539.73, 121.5, 2.6, 238.0
20210330074540.8, 121.5, 2.6, 241.0
20210330074541.9, 121.5, 2.6, 241.0
20210330074542.95, 121.5, 2.6, 239.0
20210330074544.07, 121.5, 2.6, 239.0
20210330074545.18, 121.5, 2.6, 237.0
20210330074546.3, 121.5, 2.6, 237.0
20210330074547.43, 121.6, 2.6, 241.0
20210330074548.56, 121.6, 2.6, 241.0
20210330074549.68, 121.6, 2.6, 240.0
20210330074550.79, 121.6, 2.6, 240.0
20210330074551.91, 121.7, 2.6, 240.0
20210330074553.05, 121.7, 2.6, 240.0
20210330074554.2, 121.7, 2.6, 239.0
20210330074555.41, 121.6, 2.6, 239.0
20210330074556.46, 121.6, 2.6, 239.0
20210330074557.6, 121.7, 2.5, 239.0
20210330074558.76, 121.7, 2.5, 239.0
20210330074559.84, 121.6, 2.5, 236.0
20210330074600.95, 121.6, 2.5, 236.0
20210330074602.01, 121.6, 2.5, 235.0
20210330074603.14, 121.6, 2.5, 235.0
20210330074604.27, 121.6, 2.5, 238.0
20210330074605.38, 121.6, 2.5, 238.0
20210330074606.52, 121.6, 2.5, 239.0
20210330074607.66, 121.6, 2.5, 239.0
20210330074608.78, 121.6, 2.5, 242.0
20210330074609.86, 121.6, 2.5, 242.0
20210330074610.93, 121.6, 2.5, 239.0
20210330074612.07, 121.6, 2.5, 239.0
20210330074613.25, 121.6, 2.5, 239.0
20210330074614.33, 121.6, 2.5, 236.0
20210330074615.43, 121.6, 2.5, 236.0
20210330074616.56, 121.6, 2.5, 240.0
20210330074617.66, 121.6, 2.5, 240.0
20210330074618.73, 121.6, 2.5, 236.0
20210330074619.81, 121.6, 2.5, 236.0
20210330074620.91, 121.6, 2.5, 237.0
20210330074622.06, 121.6, 2.5, 237.0
20210330074623.19, 121.6, 2.5, 243.0
20210330074624.3, 121.6, 2.5, 243.0
20210330074625.36, 121.6, 2.5, 242.0
20210330074626.49, 121.6, 2.5, 242.0
20210330074627.62, 121.5, 2.7, 237.0
20210330074628.76, 121.5, 2.7, 237.0
20210330074629.82, 121.5, 2.7, 240.0
20210330074630.91, 121.5, 2.7, 237.0
20210330074632.07, 121.5, 2.7, 237.0
20210330074633.18, 121.5, 2.7, 236.0
20210330074634.3, 121.5, 2.7, 236.0
20210330074635.44, 121.5, 2.7, 237.0
20210330074636.59, 121.5, 2.7, 237.0
20210330074637.72, 121.6, 2.7, 237.0
20210330074638.82, 121.6, 2.7, 237.0
20210330074639.96, 121.6, 2.7, 239.0
20210330074641.03, 121.6, 2.7, 239.0
20210330074642.17, 121.6, 2.7, 236.0
20210330074643.27, 121.6, 2.7, 236.0
20210330074644.39, 121.6, 2.6, 237.0
20210330074645.49, 121.6, 2.6, 237.0
20210330074646.61, 121.6, 2.6, 238.0
20210330074647.79, 121.6, 2.6, 241.0
20210330074648.85, 121.6, 2.6, 241.0
20210330074649.99, 121.6, 2.6, 242.0
20210330074651.07, 121.6, 2.6, 242.0
20210330074652.2, 121.6, 2.6, 238.0
20210330074653.32, 121.6, 2.6, 238.0
20210330074654.44, 121.6, 2.6, 237.0
20210330074655.59, 121.6, 2.6, 237.0
20210330074656.69, 121.6, 2.6, 239.0
20210330074657.8, 121.6, 2.6, 239.0
20210330074658.91, 121.6, 2.6, 240.0
20210330074700.05, 121.6, 2.6, 240.0
20210330074701.13, 121.7, 2.6, 240.0
20210330074702.25, 121.7, 2.6, 240.0
20210330074703.31, 121.6, 2.6, 240.0
20210330074704.43, 121.6, 2.6, 239.0
20210330074705.59, 121.6, 2.6, 239.0
20210330074706.69, 121.6, 2.6, 240.0
20210330074707.8, 121.6, 2.6, 240.0
20210330074708.86, 121.5, 2.6, 239.0
20210330074710.01, 121.5, 2.6, 239.0
20210330074711.09, 121.6, 2.6, 241.0
20210330074712.25, 121.6, 2.6, 241.0
20210330074713.33, 121.6, 2.5, 236.0
20210330074714.48, 121.6, 2.5, 236.0
20210330074715.59, 121.6, 2.5, 240.0
20210330074716.73, 121.6, 2.5, 240.0
20210330074717.79, 121.6, 2.5, 238.0
20210330074718.85, 121.6, 2.5, 238.0
20210330074719.97, 121.6, 2.5, 238.0
20210330074721.09, 121.6, 2.5, 238.0
20210330074722.16, 121.6, 2.5, 237.0
20210330074723.26, 121.6, 2.5, 238.0
20210330074724.48, 121.6, 2.5, 238.0
20210330074725.59, 121.7, 2.5, 240.0
20210330074726.7, 121.7, 2.5, 240.0
20210330074727.79, 121.6, 2.6, 240.0
20210330074728.88, 121.6, 2.6, 240.0
20210330074730.01, 121.7, 2.6, 243.0
20210330074731.09, 121.7, 2.6, 243.0
20210330074732.23, 121.7, 2.6, 243.0
20210330074733.31, 121.7, 2.6, 243.0
20210330074734.45, 121.7, 2.6, 243.0
20210330074735.6, 121.7, 2.6, 243.0
20210330074736.75, 121.7, 2.6, 240.0
20210330074737.82, 121.7, 2.6, 240.0
20210330074738.91, 121.7, 2.6, 237.0
20210330074739.99, 121.7, 2.6, 237.0
20210330074741.04, 121.7, 2.6, 241.0
20210330074742.16, 121.7, 2.6, 237.0
20210330074743.28, 121.7, 2.6, 237.0
20210330074744.39, 121.7, 2.6, 239.0
20210330074745.52, 121.7, 2.6, 239.0
20210330074746.66, 121.6, 2.6, 242.0
20210330074747.77, 121.6, 2.6, 242.0
20210330074748.84, 121.6, 2.6, 238.0
20210330074749.97, 121.6, 2.6, 238.0
20210330074751.03, 121.7, 2.6, 239.0
20210330074752.1, 121.7, 2.6, 239.0
20210330074753.21, 121.7, 2.6, 242.0
20210330074754.3, 121.7, 2.6, 242.0
20210330074755.4, 121.7, 2.6, 238.0
20210330074756.5, 121.7, 2.6, 238.0
20210330074757.64, 121.6, 2.6, 234.0
20210330074758.96, 121.6, 2.5, 238.0
20210330074800.06, 121.6, 2.5, 238.0
20210330074801.13, 121.6, 2.5, 238.0
20210330074802.24, 121.6, 2.5, 238.0
20210330074803.31, 121.6, 2.5, 241.0
20210330074804.45, 121.6, 2.5, 241.0
20210330074805.59, 121.6, 2.5, 241.0
20210330074806.66, 121.6, 2.5, 241.0
20210330074807.77, 121.6, 2.5, 239.0
20210330074808.88, 121.6, 2.5, 239.0
20210330074810.03, 121.6, 2.5, 237.0
20210330074811.09, 121.6, 2.5, 237.0
20210330074812.23, 121.6, 2.5, 237.0
20210330074813.29, 121.6, 2.5, 237.0
20210330074814.35, 121.6, 2.6, 238.0
20210330074815.48, 121.6, 2.6, 238.0
20210330074816.58, 121.6, 2.6, 239.0
20210330074817.7, 121.6, 2.6, 237.0
20210330074818.84, 121.6, 2.6, 237.0
20210330074819.95, 121.6, 2.6, 239.0
20210330074821.0, 121.6, 2.6, 239.0
20210330074822.14, 121.6, 2.6, 238.0
20210330074823.26, 121.6, 2.6, 238.0
20210330074824.32, 121.6, 2.6, 240.0
20210330074825.48, 121.6, 2.6, 240.0
20210330074826.62, 121.6, 2.6, 237.0
20210330074827.68, 121.6, 2.6, 237.0
20210330074828.79, 121.6, 2.6, 240.0
20210330074829.9, 121.6, 2.6, 240.0
20210330074831.03, 121.7, 2.6, 239.0
20210330074832.18, 121.7, 2.6, 239.0
20210330074833.29, 121.7, 2.6, 242.0
20210330074834.57, 121.7, 2.6, 242.0
20210330074835.7, 121.7, 2.6, 242.0
20210330074836.8, 121.7, 2.6, 238.0
20210330074837.92, 121.7, 2.6, 238.0
20210330074839.05, 121.7, 2.6, 237.0
20210330074840.18, 121.7, 2.6, 237.0
20210330074841.28, 121.6, 2.6, 239.0
20210330074842.34, 121.6, 2.6, 239.0
20210330074843.48, 121.6, 2.6, 237.0
20210330074844.59, 121.6, 2.6, 237.0
20210330074845.7, 121.6, 2.6, 236.0
20210330074846.8, 121.6, 2.6, 236.0
20210330074847.95, 121.6, 2.6, 238.0
20210330074849.26, 121.6, 2.6, 235.0
20210330074850.32, 121.6, 2.6, 235.0
20210330074851.45, 121.7, 2.6, 240.0
20210330074852.61, 121.7, 2.6, 240.0
20210330074853.73, 121.7, 2.6, 240.0
20210330074854.82, 121.7, 2.6, 240.0
20210330074855.96, 121.8, 2.6, 238.0
20210330074857.08, 121.8, 2.6, 238.0
20210330074858.21, 121.7, 2.6, 236.0
20210330074859.31, 121.7, 2.6, 236.0
20210330074900.43, 121.7, 2.5, 239.0
20210330074901.59, 121.7, 2.5, 239.0
20210330074902.72, 121.7, 2.5, 238.0
20210330074903.82, 121.7, 2.5, 238.0
20210330074905.03, 121.7, 2.5, 238.0
20210330074906.17, 121.6, 2.5, 237.0
20210330074907.26, 121.6, 2.5, 237.0
20210330074908.32, 121.6, 2.5, 239.0
20210330074909.41, 121.6, 2.5, 239.0
20210330074910.52, 121.7, 2.5, 238.0
20210330074911.64, 121.7, 2.5, 238.0
20210330074912.77, 121.7, 2.5, 240.0
20210330074913.91, 121.7, 2.5, 240.0
20210330074915.04, 121.7, 2.6, 240.0
20210330074916.14, 121.7, 2.6, 240.0
20210330074917.2, 121.6, 2.6, 236.0
20210330074918.3, 121.6, 2.6, 236.0
20210330074919.44, 121.7, 2.6, 241.0
20210330074920.57, 121.7, 2.6, 233.0
20210330074921.78, 121.7, 2.6, 233.0
20210330074922.84, 121.7, 2.6, 237.0
20210330074923.99, 121.7, 2.6, 237.0
20210330074925.13, 121.8, 2.6, 238.0
20210330074926.21, 121.8, 2.6, 238.0
20210330074927.3, 121.8, 2.6, 240.0
20210330074928.39, 121.8, 2.6, 240.0
20210330074929.54, 121.7, 2.7, 241.0
20210330074930.68, 121.7, 2.7, 241.0
20210330074931.79, 121.7, 2.7, 238.0
20210330074932.85, 121.7, 2.7, 238.0
20210330074933.98, 121.7, 2.7, 240.0
20210330074935.08, 121.7, 2.7, 240.0
20210330074936.2, 121.7, 2.7, 240.0
20210330074937.3, 121.7, 2.7, 240.0
20210330074938.37, 121.7, 2.7, 237.0
20210330074939.47, 121.7, 2.7, 239.0
20210330074940.66, 121.7, 2.7, 239.0
20210330074941.78, 121.7, 2.7, 254.0
20210330074942.86, 121.7, 2.7, 254.0
20210330074944.0, 121.6, 2.7, 241.0
20210330074945.15, 121.6, 2.7, 241.0
20210330074946.27, 121.7, 2.6, 240.0
20210330074947.37, 121.7, 2.6, 240.0
20210330074948.5, 121.7, 2.6, 236.0
20210330074949.64, 121.7, 2.6, 236.0
20210330074950.77, 121.7, 2.6, 240.0
20210330074951.86, 121.7, 2.6, 240.0
20210330074953.0, 121.7, 2.6, 239.0
20210330074954.22, 121.6, 2.6, 239.0
20210330074955.3, 121.6, 2.6, 239.0
20210330074956.43, 121.7, 2.6, 239.0
20210330074957.52, 121.7, 2.6, 239.0
20210330074958.65, 121.7, 2.6, 239.0
20210330074959.78, 121.7, 2.6, 239.0
20210330075000.91, 121.7, 2.5, 240.0
20210330075002.06, 121.7, 2.5, 240.0
20210330075003.18, 121.7, 2.5, 237.0
20210330075004.28, 121.7, 2.5, 237.0
20210330075005.34, 121.7, 2.5, 238.0
20210330075006.41, 121.7, 2.5, 238.0
20210330075007.54, 121.7, 2.5, 237.0
20210330075008.69, 121.7, 2.5, 239.0
20210330075009.88, 121.7, 2.5, 239.0
20210330075011.0, 121.7, 2.5, 239.0
20210330075012.12, 121.7, 2.5, 239.0
20210330075013.22, 121.7, 2.5, 236.0
20210330075014.35, 121.7, 2.5, 236.0
20210330075015.49, 121.7, 2.6, 239.0
20210330075016.64, 121.7, 2.6, 239.0
20210330075017.7, 121.7, 2.6, 240.0
20210330075018.81, 121.7, 2.6, 240.0
20210330075019.95, 121.6, 2.6, 237.0
20210330075021.05, 121.6, 2.6, 237.0
20210330075022.15, 121.7, 2.6, 240.0
20210330075023.23, 121.7, 2.6, 240.0
20210330075024.31, 121.6, 2.6, 240.0
20210330075025.43, 121.6, 2.6, 240.0
20210330075026.49, 121.7, 2.6, 239.0
20210330075027.64, 121.6, 2.6, 239.0
20210330075028.76, 121.6, 2.6, 239.0
20210330075029.88, 121.6, 2.6, 240.0
20210330075031.02, 121.6, 2.6, 240.0
20210330075032.1, 121.7, 2.6, 237.0
20210330075033.2, 121.7, 2.6, 237.0
20210330075034.3, 121.6, 2.6, 238.0
20210330075035.46, 121.6, 2.6, 238.0
20210330075036.58, 121.7, 2.6, 237.0
20210330075037.71, 121.7, 2.6, 237.0
20210330075038.81, 121.7, 2.6, 239.0
20210330075039.97, 121.7, 2.6, 239.0
20210330075041.1, 121.7, 2.6, 240.0
20210330075042.25, 121.8, 2.6, 237.0
20210330075043.44, 121.8, 2.6, 237.0
20210330075044.54, 121.7, 2.6, 240.0
20210330075045.68, 121.7, 2.6, 240.0
20210330075046.79, 121.7, 2.6, 242.0
20210330075047.85, 121.7, 2.6, 242.0
20210330075048.95, 121.7, 2.6, 242.0
20210330075050.07, 121.7, 2.6, 242.0
20210330075051.2, 121.8, 2.6, 239.0
20210330075052.29, 121.8, 2.6, 239.0
20210330075053.41, 121.8, 2.6, 239.0
20210330075054.53, 121.8, 2.6, 239.0
20210330075055.64, 121.8, 2.6, 237.0
20210330075056.97, 121.7, 2.6, 238.0
20210330075058.04, 121.7, 2.6, 238.0
20210330075059.17, 121.8, 2.6, 239.0
20210330075100.26, 121.8, 2.6, 239.0
20210330075101.32, 121.8, 2.6, 237.0
20210330075102.46, 121.8, 2.6, 237.0
20210330075103.57, 121.8, 2.6, 242.0
20210330075104.69, 121.8, 2.6, 242.0
20210330075105.8, 121.8, 2.6, 242.0
20210330075106.94, 121.8, 2.6, 242.0
20210330075108.05, 121.8, 2.6, 240.0
20210330075109.17, 121.8, 2.6, 240.0
20210330075110.28, 121.8, 2.6, 239.0
20210330075111.41, 121.8, 2.6, 239.0
20210330075112.56, 121.8, 2.6, 237.0
20210330075113.71, 121.8, 2.6, 242.0
20210330075114.82, 121.8, 2.6, 242.0
20210330075115.91, 121.8, 2.6, 242.0
20210330075117.02, 121.8, 2.6, 242.0
20210330075118.14, 121.8, 2.7, 242.0
20210330075119.23, 121.8, 2.7, 242.0
20210330075120.32, 121.8, 2.7, 238.0
20210330075121.41, 121.8, 2.7, 238.0
20210330075122.56, 121.8, 2.7, 241.0
20210330075123.67, 121.8, 2.7, 241.0
20210330075124.73, 121.8, 2.7, 237.0
20210330075125.81, 121.8, 2.7, 237.0
20210330075126.95, 121.8, 2.7, 240.0
20210330075128.11, 121.8, 2.7, 240.0
20210330075129.27, 121.8, 2.7, 238.0
20210330075130.34, 121.8, 2.7, 240.0
20210330075131.58, 121.8, 2.7, 240.0
20210330075132.71, 121.8, 2.7, 241.0
20210330075133.81, 121.8, 2.7, 241.0
20210330075134.92, 121.8, 2.7, 239.0
20210330075136.04, 121.8, 2.7, 239.0
20210330075137.14, 121.8, 2.7, 238.0
20210330075138.26, 121.8, 2.7, 238.0
20210330075139.32, 121.8, 2.7, 236.0
20210330075140.44, 121.8, 2.7, 236.0
20210330075141.57, 121.8, 2.7, 240.0
20210330075142.72, 121.8, 2.7, 240.0
20210330075143.8, 121.8, 2.7, 240.0
20210330075144.95, 121.8, 2.7, 243.0
20210330075146.2, 121.9, 2.7, 243.0
20210330075147.28, 121.8, 2.5, 242.0
20210330075148.39, 121.8, 2.5, 242.0
20210330075149.52, 121.8, 2.5, 239.0
20210330075150.63, 121.8, 2.5, 239.0
20210330075151.77, 121.8, 2.5, 239.0
20210330075152.84, 121.8, 2.5, 239.0
20210330075153.95, 121.8, 2.5, 240.0
20210330075155.07, 121.8, 2.5, 240.0
20210330075156.21, 121.8, 2.5, 237.0
20210330075157.29, 121.8, 2.5, 237.0
20210330075158.38, 121.9, 2.5, 239.0
20210330075159.52, 121.9, 2.5, 239.0
20210330075200.65, 121.9, 2.5, 240.0
20210330075201.78, 121.9, 2.5, 242.0
20210330075202.93, 121.9, 2.5, 242.0
20210330075204.07, 121.9, 2.7, 242.0
20210330075205.21, 121.9, 2.7, 242.0
20210330075206.3, 121.9, 2.7, 242.0
20210330075207.36, 121.9, 2.7, 242.0
20210330075208.49, 121.9, 2.7, 240.0
20210330075209.55, 121.9, 2.7, 240.0
20210330075210.67, 121.9, 2.7, 242.0
20210330075211.79, 121.9, 2.7, 242.0
20210330075212.85, 121.9, 2.7, 237.0
20210330075214.0, 121.9, 2.7, 237.0
20210330075215.13, 121.9, 2.7, 238.0
20210330075216.21, 121.9, 2.7, 238.0
20210330075217.31, 121.9, 2.7, 240.0
20210330075218.38, 121.9, 2.7, 240.0
20210330075219.47, 121.9, 2.6, 242.0
20210330075220.62, 121.9, 2.6, 236.0
20210330075221.79, 121.9, 2.6, 236.0
20210330075222.9, 122.0, 2.6, 242.0
20210330075224.04, 122.0, 2.6, 242.0
20210330075225.16, 121.9, 2.6, 240.0
20210330075226.29, 121.9, 2.6, 240.0
20210330075227.43, 121.9, 2.6, 240.0
20210330075228.57, 121.9, 2.6, 240.0
20210330075229.7, 121.9, 2.6, 240.0
20210330075230.81, 121.9, 2.6, 240.0
20210330075231.94, 121.9, 2.6, 237.0
20210330075233.27, 121.9, 2.4000000000000004, 237.0
20210330075234.34, 121.9, 2.4000000000000004, 237.0
20210330075235.48, 121.7, 2.4000000000000004, 239.0
20210330075236.6, 121.7, 2.4000000000000004, 239.0
20210330075237.71, 121.8, 2.4000000000000004, 237.0
20210330075238.79, 121.8, 2.4000000000000004, 237.0
20210330075239.85, 121.7, 2.4000000000000004, 237.0
20210330075240.98, 121.7, 2.4000000000000004, 237.0
20210330075242.09, 121.7, 2.4000000000000004, 236.0
20210330075243.19, 121.7, 2.4000000000000004, 236.0
20210330075244.3, 121.7, 2.4000000000000004, 239.0
20210330075245.45, 121.7, 2.4000000000000004, 239.0
20210330075246.54, 121.7, 2.4000000000000004, 236.0
20210330075247.69, 121.7, 2.4000000000000004, 236.0
20210330075248.8, 121.6, 2.4000000000000004, 240.0
20210330075249.95, 121.7, 2.5, 240.0
20210330075251.14, 121.7, 2.5, 240.0
20210330075252.2, 121.8, 2.5, 244.0
20210330075253.28, 121.8, 2.5, 244.0
20210330075254.34, 121.8, 2.5, 237.0
20210330075255.43, 121.8, 2.5, 237.0
20210330075256.57, 121.7, 2.5, 240.0
20210330075257.72, 121.7, 2.5, 240.0
20210330075258.8, 121.8, 2.5, 240.0
20210330075259.9, 121.8, 2.5, 240.0
20210330075301.01, 121.8, 2.5, 241.0
20210330075302.13, 121.8, 2.5, 241.0
20210330075303.22, 121.8, 2.5, 240.0
20210330075304.32, 121.8, 2.5, 240.0
20210330075305.44, 121.7, 2.5, 242.0
20210330075306.58, 121.7, 2.5, 242.0
20210330075307.72, 121.7, 2.5, 239.0
20210330075308.82, 121.7, 2.5, 239.0
20210330075310.01, 121.7, 2.5, 239.0
20210330075311.11, 121.7, 2.5, 236.0
20210330075312.24, 121.7, 2.5, 236.0
20210330075313.32, 121.7, 2.5, 240.0
20210330075314.39, 121.7, 2.5, 240.0
20210330075315.44, 121.7, 2.5, 239.0
20210330075316.59, 121.7, 2.5, 239.0
20210330075317.64, 121.7, 2.5, 240.0
20210330075318.71, 121.7, 2.5, 240.0
20210330075319.8, 121.7, 2.7, 240.0
20210330075320.91, 121.7, 2.7, 240.0
20210330075321.99, 121.8, 2.7, 237.0
20210330075323.09, 121.8, 2.7, 237.0
20210330075324.17, 121.8, 2.7, 239.0
20210330075325.24, 121.8, 2.7, 239.0
20210330075326.32, 121.8, 2.7, 236.0
20210330075327.45, 121.8, 2.7, 236.0
20210330075328.59, 121.8, 2.7, 239.0
20210330075329.73, 121.8, 2.7, 238.0
20210330075330.89, 121.8, 2.7, 238.0
20210330075332.0, 121.8, 2.7, 242.0
20210330075333.1, 121.8, 2.7, 242.0
20210330075334.23, 121.8, 2.7, 238.0
20210330075335.37, 121.8, 2.7, 238.0
20210330075336.5, 121.8, 2.5, 240.0
20210330075337.62, 121.8, 2.5, 240.0
20210330075338.72, 121.7, 2.5, 238.0
20210330075339.82, 121.7, 2.5, 238.0
20210330075340.93, 121.7, 2.5, 238.0
20210330075342.07, 121.7, 2.5, 238.0
20210330075343.13, 121.7, 2.5, 237.0
20210330075344.25, 121.7, 2.5, 237.0
20210330075345.35, 121.6, 2.5, 237.0
20210330075346.46, 121.7, 2.5, 242.0
20210330075347.68, 121.7, 2.5, 242.0
20210330075348.78, 121.7, 2.5, 242.0
20210330075349.84, 121.7, 2.5, 242.0
20210330075350.98, 121.6, 2.6, 238.0
20210330075352.07, 121.6, 2.6, 238.0
20210330075353.19, 121.7, 2.6, 236.0
20210330075354.3, 121.7, 2.6, 236.0
20210330075355.41, 121.7, 2.6, 238.0
20210330075356.54, 121.7, 2.6, 238.0
20210330075357.68, 121.6, 2.6, 239.0
20210330075358.79, 121.6, 2.6, 239.0
20210330075359.87, 121.6, 2.6, 236.0
20210330075401.02, 121.6, 2.6, 236.0
20210330075402.16, 121.6, 2.6, 238.0
20210330075403.37, 121.6, 2.6, 239.0
20210330075404.45, 121.6, 2.6, 239.0
20210330075405.59, 121.6, 2.7, 239.0
20210330075406.74, 121.6, 2.7, 239.0
20210330075407.81, 121.6, 2.7, 241.0
20210330075408.96, 121.6, 2.7, 241.0
20210330075410.1, 121.6, 2.7, 235.0
20210330075411.24, 121.6, 2.7, 235.0
20210330075412.3, 121.6, 2.7, 239.0
20210330075413.36, 121.6, 2.7, 239.0
20210330075414.49, 121.6, 2.7, 240.0
20210330075415.62, 121.6, 2.7, 240.0
20210330075416.76, 121.7, 2.7, 240.0
20210330075418.04, 121.7, 2.7, 236.0
20210330075419.13, 121.7, 2.7, 236.0
20210330075420.25, 121.8, 2.6, 239.0
20210330075421.41, 121.8, 2.6, 239.0
20210330075422.53, 121.8, 2.6, 242.0
20210330075423.6, 121.8, 2.6, 242.0
20210330075424.73, 121.7, 2.6, 239.0
20210330075425.83, 121.7, 2.6, 239.0
20210330075426.91, 121.7, 2.6, 239.0
20210330075428.05, 121.7, 2.6, 239.0
20210330075429.19, 121.7, 2.6, 240.0
20210330075430.29, 121.7, 2.6, 240.0
20210330075431.38, 121.8, 2.6, 240.0
20210330075432.71, 121.7, 2.6, 237.0
20210330075433.78, 121.7, 2.6, 237.0
20210330075434.84, 121.7, 2.6, 236.0
20210330075435.96, 121.7, 2.6, 236.0
20210330075437.06, 121.8, 2.5, 238.0
20210330075438.2, 121.8, 2.5, 238.0
20210330075439.3, 121.7, 2.5, 239.0
20210330075440.41, 121.7, 2.5, 239.0
20210330075441.52, 121.7, 2.5, 256.0
20210330075442.67, 121.7, 2.5, 256.0
20210330075443.77, 121.7, 2.5, 238.0
20210330075444.84, 121.7, 2.5, 238.0
20210330075445.98, 121.7, 2.5, 240.0
20210330075447.09, 121.7, 2.5, 240.0
20210330075448.22, 121.7, 2.5, 239.0
20210330075449.3, 121.7, 2.5, 238.0
20210330075450.53, 121.7, 2.5, 238.0
20210330075451.65, 121.7, 2.7, 239.0
20210330075452.75, 121.7, 2.7, 239.0
20210330075453.81, 121.7, 2.7, 240.0
20210330075454.94, 121.7, 2.7, 240.0
20210330075456.06, 121.7, 2.7, 235.0
20210330075457.21, 121.7, 2.7, 235.0
20210330075458.3, 121.7, 2.7, 241.0
20210330075459.41, 121.7, 2.7, 241.0
20210330075500.54, 121.7, 2.7, 241.0
20210330075501.67, 121.7, 2.7, 241.0
20210330075502.75, 121.7, 2.7, 237.0
20210330075503.82, 121.7, 2.7, 237.0
20210330075504.95, 121.8, 2.7, 238.0
20210330075506.11, 121.7, 2.6, 242.0
20210330075507.29, 121.7, 2.6, 242.0
20210330075508.43, 121.8, 2.6, 237.0
20210330075509.52, 121.8, 2.6, 237.0
20210330075510.66, 121.8, 2.6, 240.0
20210330075511.78, 121.8, 2.6, 240.0
20210330075512.91, 121.7, 2.6, 242.0
20210330075514.05, 121.7, 2.6, 242.0
20210330075515.17, 121.8, 2.6, 240.0
20210330075516.27, 121.8, 2.6, 240.0
20210330075517.4, 121.8, 2.6, 240.0
20210330075518.55, 121.8, 2.6, 240.0
20210330075519.61, 121.8, 2.6, 239.0
20210330075520.88, 121.7, 2.7, 236.0
20210330075521.98, 121.7, 2.7, 236.0
20210330075523.07, 121.8, 2.7, 244.0
20210330075524.22, 121.8, 2.7, 244.0
20210330075525.29, 121.7, 2.7, 242.0
20210330075526.4, 121.7, 2.7, 242.0
20210330075527.54, 121.8, 2.7, 239.0
20210330075528.64, 121.8, 2.7, 239.0
20210330075529.75, 121.8, 2.7, 238.0
20210330075530.82, 121.8, 2.7, 238.0
20210330075531.93, 121.7, 2.7, 239.0
20210330075532.98, 121.7, 2.7, 239.0
20210330075534.08, 121.7, 2.7, 236.0
20210330075535.18, 121.7, 2.7, 236.0
20210330075536.24, 121.8, 2.7, 239.0
20210330075537.32, 121.8, 2.7, 239.0
20210330075538.43, 121.8, 2.6, 239.0
20210330075539.7, 121.8, 2.6, 237.0
20210330075540.79, 121.8, 2.6, 237.0
20210330075541.92, 121.7, 2.6, 240.0
20210330075542.98, 121.7, 2.6, 240.0
20210330075544.11, 121.8, 2.6, 237.0
20210330075545.24, 121.8, 2.6, 237.0
20210330075546.32, 121.7, 2.6, 238.0
20210330075547.42, 121.7, 2.6, 238.0
20210330075548.56, 121.8, 2.6, 237.0
20210330075549.64, 121.8, 2.6, 237.0
20210330075550.71, 121.8, 2.6, 244.0
20210330075551.83, 121.8, 2.6, 244.0
20210330075552.96, 121.8, 2.6, 239.0
20210330075554.07, 121.8, 2.6, 239.0
20210330075555.12, 121.8, 2.6, 237.0
20210330075556.45, 121.8, 2.6, 238.0
20210330075557.54, 121.8, 2.6, 238.0
20210330075558.67, 121.8, 2.6, 242.0
20210330075559.75, 121.8, 2.6, 242.0
20210330075600.84, 121.8, 2.6, 241.0
20210330075601.89, 121.8, 2.6, 241.0
20210330075603.0, 121.8, 2.6, 237.0
20210330075604.11, 121.8, 2.6, 237.0
20210330075605.23, 121.8, 2.6, 240.0
20210330075606.3, 121.8, 2.6, 240.0
20210330075607.42, 121.7, 2.5, 240.0
20210330075608.57, 121.7, 2.5, 240.0
20210330075609.67, 121.7, 2.5, 238.0
20210330075610.78, 121.7, 2.5, 238.0
20210330075611.83, 121.7, 2.5, 239.0
20210330075612.96, 121.7, 2.5, 239.0
20210330075614.09, 121.6, 2.5, 239.0
20210330075615.22, 121.7, 2.5, 239.0
20210330075616.45, 121.7, 2.5, 239.0
20210330075617.58, 121.7, 2.5, 235.0
20210330075618.72, 121.7, 2.5, 235.0
20210330075619.8, 121.7, 2.5, 242.0
20210330075620.93, 121.7, 2.5, 242.0
20210330075622.07, 121.7, 2.5, 239.0
20210330075623.17, 121.7, 2.5, 239.0
20210330075624.28, 121.7, 2.5, 238.0
20210330075625.41, 121.7, 2.5, 238.0
20210330075626.55, 121.8, 2.5, 237.0
20210330075627.67, 121.8, 2.5, 237.0
20210330075628.79, 121.8, 2.5, 240.0
20210330075629.92, 121.8, 2.5, 240.0
20210330075631.11, 121.8, 2.5, 240.0
20210330075632.25, 121.7, 2.5, 237.0
20210330075633.31, 121.7, 2.5, 237.0
20210330075634.45, 121.7, 2.5, 241.0
20210330075635.53, 121.7, 2.5, 241.0
20210330075636.6, 121.7, 2.5, 239.0
20210330075637.7, 121.7, 2.5, 239.0
20210330075638.81, 121.7, 2.6, 240.0
20210330075639.95, 121.7, 2.6, 240.0
20210330075641.08, 121.7, 2.6, 239.0
20210330075642.22, 121.7, 2.6, 239.0
20210330075643.29, 121.8, 2.6, 239.0
20210330075644.45, 121.8, 2.6, 239.0
20210330075645.67, 121.8, 2.6, 239.0
20210330075646.78, 121.8, 2.6, 240.0
20210330075647.86, 121.8, 2.6, 240.0
20210330075649.0, 121.8, 2.6, 238.0
20210330075650.14, 121.8, 2.6, 238.0
20210330075651.24, 121.8, 2.6, 240.0
20210330075652.31, 121.8, 2.6, 240.0
20210330075653.43, 121.8, 2.6, 242.0
20210330075654.58, 121.8, 2.6, 242.0
20210330075655.69, 121.8, 2.6, 242.0
20210330075656.8, 121.8, 2.6, 242.0
20210330075657.91, 121.8, 2.6, 236.0
20210330075659.02, 121.8, 2.6, 236.0
20210330075700.08, 121.8, 2.6, 237.0
20210330075701.36, 121.7, 2.6, 239.0
20210330075702.43, 121.7, 2.6, 239.0
20210330075703.57, 121.7, 2.6, 235.0
20210330075704.71, 121.7, 2.6, 235.0
20210330075705.8, 121.7, 2.6, 241.0
20210330075706.93, 121.7, 2.6, 241.0
20210330075708.05, 121.7, 2.6, 242.0
20210330075709.16, 121.7, 2.6, 242.0
20210330075710.27, 121.8, 2.6, 237.0
20210330075711.38, 121.8, 2.6, 237.0
20210330075712.51, 121.7, 2.6, 237.0
20210330075713.57, 121.7, 2.6, 237.0
20210330075714.68, 121.7, 2.6, 238.0
20210330075715.8, 121.7, 2.6, 238.0
20210330075716.86, 121.7, 2.6, 240.0
20210330075717.96, 121.7, 2.6, 243.0
20210330075719.16, 121.9, 2.6, 243.0
20210330075720.29, 121.9, 2.6, 242.0
20210330075721.44, 121.9, 2.6, 242.0
20210330075722.57, 121.9, 2.5, 239.0
20210330075723.64, 121.9, 2.5, 239.0
20210330075724.78, 121.9, 2.5, 240.0
20210330075725.84, 121.9, 2.5, 240.0
20210330075726.96, 121.8, 2.5, 242.0
20210330075728.08, 121.8, 2.5, 242.0
20210330075729.2, 121.9, 2.5, 242.0
20210330075730.3, 121.9, 2.5, 242.0
20210330075731.39, 121.9, 2.5, 238.0
20210330075732.52, 121.9, 2.5, 238.0
20210330075733.64, 121.9, 2.5, 242.0
20210330075734.77, 121.9, 2.5, 238.0
20210330075735.98, 121.9, 2.5, 238.0
20210330075737.12, 121.9, 2.5, 239.0
20210330075738.25, 121.9, 2.5, 239.0
20210330075739.32, 121.9, 2.7, 236.0
20210330075740.45, 121.9, 2.7, 236.0
20210330075741.5, 121.9, 2.7, 240.0
20210330075742.62, 121.9, 2.7, 240.0
20210330075743.73, 121.8, 2.7, 242.0
20210330075744.82, 121.8, 2.7, 242.0
20210330075745.95, 121.8, 2.7, 239.0
20210330075747.03, 121.8, 2.7, 239.0
20210330075748.15, 121.9, 2.7, 244.0
20210330075749.27, 121.9, 2.7, 244.0
20210330075750.37, 121.8, 2.7, 237.0
20210330075751.42, 121.8, 2.7, 237.0
20210330075752.48, 121.9, 2.7, 239.0
20210330075753.62, 121.9, 2.6, 240.0
20210330075754.84, 121.8, 2.6, 240.0
20210330075755.98, 121.8, 2.6, 238.0
20210330075757.07, 121.8, 2.6, 238.0
20210330075758.21, 121.8, 2.6, 239.0
20210330075759.26, 121.8, 2.6, 239.0
20210330075800.32, 121.8, 2.6, 238.0
20210330075801.42, 121.8, 2.6, 238.0
20210330075802.56, 121.8, 2.6, 240.0
20210330075803.69, 121.8, 2.6, 240.0
20210330075804.8, 121.8, 2.6, 242.0
20210330075805.9, 121.8, 2.6, 242.0
20210330075807.04, 121.9, 2.6, 242.0
20210330075808.19, 121.9, 2.6, 242.0
20210330075809.28, 121.9, 2.6, 236.0
20210330075810.39, 121.9, 2.6, 239.0
20210330075811.61, 121.9, 2.6, 239.0
20210330075812.74, 121.9, 2.6, 242.0
20210330075813.81, 121.9, 2.6, 242.0
20210330075814.95, 121.9, 2.6, 241.0
20210330075816.08, 121.9, 2.6, 241.0
20210330075817.18, 121.9, 2.6, 242.0
20210330075818.29, 121.9, 2.6, 242.0
20210330075819.4, 121.9, 2.6, 240.0
20210330075820.54, 121.9, 2.6, 240.0
20210330075821.6, 122.0, 2.6, 238.0
20210330075822.73, 122.0, 2.6, 238.0
20210330075823.78, 121.9, 2.7, 237.0
20210330075824.91, 121.9, 2.7, 237.0
20210330075826.04, 121.9, 2.7, 240.0
20210330075827.15, 121.8, 2.7, 238.0
20210330075828.33, 121.8, 2.7, 238.0
20210330075829.47, 121.9, 2.7, 241.0
20210330075830.6, 121.9, 2.7, 241.0
20210330075831.7, 121.8, 2.7, 239.0
20210330075832.8, 121.8, 2.7, 239.0
20210330075833.91, 121.8, 2.7, 243.0
20210330075835.04, 121.8, 2.7, 243.0
20210330075836.15, 121.7, 2.7, 241.0
20210330075837.24, 121.7, 2.7, 241.0
20210330075838.33, 121.7, 2.7, 237.0
20210330075839.48, 121.7, 2.7, 237.0
20210330075840.61, 121.8, 2.5, 240.0
20210330075841.75, 121.8, 2.5, 240.0
20210330075842.82, 121.8, 2.5, 242.0
20210330075843.95, 121.8, 2.5, 242.0
20210330075845.16, 121.8, 2.5, 242.0
20210330075846.28, 121.8, 2.5, 242.0
20210330075847.42, 121.8, 2.5, 242.0
20210330075848.48, 121.8, 2.5, 237.0
20210330075849.63, 121.8, 2.5, 237.0
20210330075850.77, 121.9, 2.5, 237.0
20210330075851.82, 121.9, 2.5, 237.0
20210330075852.93, 121.9, 2.5, 238.0
20210330075854.05, 121.9, 2.5, 238.0
20210330075855.19, 121.8, 2.5, 241.0
20210330075856.29, 121.8, 2.5, 241.0
20210330075857.4, 121.8, 2.5, 239.0
20210330075858.46, 121.8, 2.5, 239.0
20210330075859.54, 121.8, 2.5, 243.0
20210330075900.67, 121.8, 2.5, 237.0
20210330075901.83, 121.8, 2.5, 237.0
20210330075902.95, 121.8, 2.5, 239.0
20210330075904.07, 121.8, 2.5, 239.0
20210330075905.18, 121.8, 2.5, 241.0
20210330075906.26, 121.8, 2.5, 241.0
20210330075907.38, 121.8, 2.5, 236.0
20210330075908.5, 121.8, 2.5, 236.0
20210330075909.63, 121.8, 2.7, 240.0
20210330075910.76, 121.8, 2.7, 240.0
20210330075911.85, 121.8, 2.7, 241.0
20210330075912.98, 121.8, 2.7, 241.0
20210330075914.1, 121.8, 2.7, 240.0
20210330075915.2, 121.8, 2.7, 240.0
20210330075916.3, 121.8, 2.7, 240.0
20210330075917.45, 121.8, 2.7, 242.0
20210330075918.68, 121.8, 2.7, 242.0
20210330075919.78, 121.7, 2.7, 239.0
20210330075920.87, 121.7, 2.7, 239.0
20210330075921.95, 121.7, 2.7, 237.0
20210330075923.02, 121.7, 2.7, 237.0
20210330075924.09, 121.6, 2.7, 238.0
20210330075925.21, 121.6, 2.7, 238.0
20210330075926.3, 121.7, 2.7, 244.0
20210330075927.45, 121.7, 2.7, 244.0
20210330075928.57, 121.7, 2.7, 242.0
20210330075929.71, 121.7, 2.7, 242.0
20210330075930.8, 121.8, 2.7, 240.0
20210330075931.96, 121.8, 2.7, 240.0
20210330075933.07, 121.8, 2.7, 239.0
20210330075934.22, 121.8, 2.7, 239.0
20210330075935.41, 121.8, 2.7, 239.0
20210330075936.55, 121.8, 2.7, 243.0
20210330075937.68, 121.8, 2.7, 243.0
20210330075938.79, 121.7, 2.7, 239.0
20210330075939.95, 121.7, 2.7, 239.0
20210330075941.09, 121.5, 2.6, 229.0
20210330075942.23, 121.5, 2.6, 229.0
20210330075943.29, 121.5, 2.6, 235.0
20210330075944.44, 121.5, 2.6, 235.0
20210330075945.52, 121.5, 2.6, 239.0
20210330075946.66, 121.5, 2.6, 239.0
20210330075947.79, 121.5, 2.6, 239.0
20210330075948.86, 121.5, 2.6, 238.0
20210330075950.07, 121.5, 2.6, 238.0
20210330075951.18, 121.4, 2.6, 242.0
20210330075952.3, 121.4, 2.6, 242.0
20210330075953.42, 121.4, 2.6, 238.0
20210330075954.55, 121.4, 2.6, 238.0
20210330075955.68, 121.4, 2.5, 242.0
20210330075956.77, 121.4, 2.5, 242.0
20210330075957.9, 121.4, 2.5, 241.0
20210330075959.04, 121.4, 2.5, 241.0
