time,voltage,current,power
20210325154012.97, 121.7, 0.0, 0.0
20210325154014.03, 121.7, 0.0, 0.0
20210325154015.09, 121.7, 0.0, 0.0
20210325154016.14, 121.7, 0.0, 0.0
20210325154017.2, 121.7, 0.0, 0.0
20210325154018.32, 121.7, 0.0, 0.0
20210325154019.37, 121.7, 0.0, 0.0
20210325154020.46, 121.7, 0.0, 0.0
20210325154021.5, 121.7, 0.0, 0.0
20210325154022.6, 121.7, 0.0, 0.0
20210325154023.7, 121.7, 0.0, 0.0
20210325154024.76, 121.7, 0.0, 0.0
20210325154025.85, 121.7, 0.0, 0.0
20210325154026.95, 121.7, 0.0, 0.0
20210325154028.06, 121.7, 0.0, 0.0
20210325154029.16, 121.7, 0.0, 0.0
20210325154030.28, 121.7, 0.0, 0.0
20210325154031.34, 121.7, 0.0, 0.0
20210325154032.38, 121.7, 0.0, 0.0
20210325154033.5, 121.7, 0.0, 0.0
20210325154034.68, 121.7, 0.0, 0.0
20210325154035.8, 121.8, 0.0, 0.0
20210325154036.89, 121.8, 0.0, 0.0
20210325154038.03, 121.8, 0.0, 0.0
20210325154039.12, 121.8, 0.0, 0.0
20210325154040.17, 121.8, 0.0, 0.0
20210325154041.27, 121.8, 0.0, 0.0
20210325154042.32, 121.7, 0.0, 0.0
20210325154043.36, 121.7, 0.0, 0.0
20210325154044.41, 121.7, 0.0, 0.0
20210325154045.52, 121.7, 0.0, 0.0
20210325154046.62, 121.7, 0.0, 0.0
20210325154047.75, 121.7, 0.0, 0.0
20210325154048.81, 121.7, 0.0, 0.0
20210325154049.94, 121.7, 0.0, 0.0
20210325154051.05, 121.7, 0.0, 0.0
20210325154052.11, 121.7, 0.0, 0.0
20210325154053.17, 121.7, 0.0, 0.0
20210325154054.26, 121.7, 0.0, 0.0
20210325154055.35, 121.7, 0.0, 0.0
20210325154056.4, 121.8, 0.0, 0.0
20210325154057.5, 121.8, 0.0, 0.0
20210325154058.61, 121.7, 0.0, 0.0
20210325154059.7, 121.7, 0.0, 0.0
20210325154100.79, 121.7, 0.0, 0.0
20210325154101.87, 121.7, 0.0, 0.0
20210325154102.99, 121.7, 0.0, 0.0
20210325154104.05, 121.7, 0.0, 0.0
20210325154105.13, 121.7, 0.0, 0.0
20210325154106.24, 121.7, 0.0, 0.0
20210325154107.34, 121.7, 0.0, 0.0
20210325154108.5, 121.7, 0.0, 0.0
20210325154109.6, 121.7, 0.0, 0.0
20210325154110.7, 121.7, 0.0, 0.0
20210325154111.75, 121.7, 0.0, 0.0
20210325154112.82, 121.7, 0.0, 0.0
20210325154113.89, 121.7, 0.0, 0.0
20210325154114.99, 121.7, 0.0, 0.0
20210325154116.09, 121.7, 0.0, 0.0
20210325154117.18, 121.7, 0.0, 0.0
20210325154118.3, 121.7, 0.0, 0.0
20210325154119.34, 121.8, 0.0, 0.0
20210325154120.42, 121.8, 0.0, 0.0
20210325154121.49, 121.7, 0.0, 0.0
20210325154122.55, 121.7, 0.0, 0.0
20210325154123.64, 121.7, 0.0, 0.0
20210325154124.77, 121.7, 0.0, 0.0
20210325154125.84, 121.7, 0.0, 0.0
20210325154126.89, 121.7, 0.0, 0.0
20210325154128.05, 121.7, 0.0, 0.0
20210325154129.16, 121.7, 0.0, 0.0
20210325154130.21, 121.7, 0.0, 0.0
20210325154131.25, 121.7, 0.0, 0.0
20210325154132.33, 121.7, 0.0, 0.0
20210325154133.41, 121.7, 0.0, 0.0
20210325154134.46, 121.7, 0.0, 0.0
20210325154135.56, 121.7, 0.0, 0.0
20210325154136.64, 121.7, 0.0, 0.0
20210325154137.73, 121.7, 0.0, 0.0
20210325154138.81, 121.7, 0.0, 0.0
20210325154139.87, 121.7, 0.0, 0.0
20210325154140.96, 121.7, 0.0, 0.0
20210325154142.08, 121.7, 0.0, 0.0
20210325154143.16, 121.7, 0.0, 0.0
20210325154144.2, 121.7, 0.0, 0.0
20210325154145.3, 121.7, 0.0, 0.0
20210325154146.34, 121.8, 0.0, 0.0
20210325154147.44, 121.8, 0.0, 0.0
20210325154148.59, 121.7, 0.0, 0.0
20210325154149.65, 121.7, 0.0, 0.0
20210325154150.73, 121.7, 0.0, 0.0
20210325154151.8, 121.8, 0.0, 0.0
20210325154152.84, 121.8, 0.0, 0.0
20210325154153.95, 121.8, 0.0, 0.0
20210325154154.99, 121.8, 0.0, 0.0
20210325154156.07, 121.8, 0.0, 0.0
20210325154157.19, 121.8, 0.0, 0.0
20210325154158.26, 121.8, 0.0, 0.0
20210325154159.33, 121.8, 0.0, 0.0
20210325154200.39, 121.8, 0.0, 0.0
20210325154201.49, 121.8, 0.0, 0.0
20210325154202.57, 121.8, 0.0, 0.0
20210325154203.68, 121.8, 0.0, 0.0
20210325154204.76, 121.8, 0.0, 0.0
20210325154205.83, 121.8, 0.0, 0.0
20210325154206.92, 121.8, 0.0, 0.0
20210325154208.05, 121.8, 0.0, 0.0
20210325154209.15, 121.8, 0.0, 0.0
20210325154210.23, 121.8, 0.0, 0.0
20210325154211.3, 121.8, 0.0, 0.0
20210325154212.35, 121.7, 0.0, 0.0
20210325154213.41, 121.7, 0.0, 0.0
20210325154214.48, 121.7, 0.0, 0.0
20210325154215.55, 121.7, 0.0, 0.0
20210325154216.67, 121.8, 0.0, 0.0
20210325154217.74, 121.8, 0.0, 0.0
20210325154218.79, 121.7, 0.0, 0.0
20210325154219.86, 121.7, 0.0, 0.0
20210325154220.93, 121.7, 0.0, 0.0
20210325154222.02, 121.7, 0.0, 0.0
20210325154223.11, 121.7, 0.0, 0.0
20210325154224.18, 121.7, 0.0, 0.0
20210325154225.26, 121.7, 0.0, 0.0
20210325154226.34, 121.7, 0.0, 0.0
20210325154227.38, 121.7, 0.0, 0.0
20210325154228.49, 121.7, 0.0, 0.0
20210325154229.53, 121.7, 0.0, 0.0
20210325154230.63, 121.7, 0.0, 0.0
20210325154231.79, 121.7, 0.0, 0.0
20210325154232.84, 121.8, 0.0, 0.0
20210325154233.9, 121.8, 0.0, 0.0
20210325154234.98, 121.8, 0.0, 0.0
20210325154236.07, 121.8, 0.0, 0.0
20210325154237.15, 121.9, 0.0, 0.0
20210325154238.26, 121.9, 0.0, 0.0
20210325154239.33, 121.8, 0.0, 0.0
20210325154240.39, 121.8, 0.0, 0.0
20210325154241.49, 121.8, 0.0, 0.0
20210325154242.55, 121.8, 0.0, 0.0
20210325154243.64, 121.8, 0.0, 0.0
20210325154244.74, 121.8, 0.0, 0.0
20210325154245.82, 121.8, 0.0, 0.0
20210325154246.89, 121.8, 0.0, 0.0
20210325154247.94, 121.8, 0.0, 0.0
20210325154249.01, 121.8, 0.0, 0.0
20210325154250.07, 121.8, 0.0, 0.0
20210325154251.17, 121.8, 0.0, 0.0
20210325154252.22, 121.8, 0.0, 0.0
20210325154253.32, 121.8, 0.0, 0.0
20210325154254.41, 121.8, 0.0, 0.0
20210325154255.46, 121.8, 0.0, 0.0
20210325154256.53, 121.8, 0.0, 0.0
20210325154257.59, 121.7, 0.0, 0.0
20210325154258.67, 121.7, 0.0, 0.0
20210325154259.71, 121.7, 0.0, 0.0
20210325154300.81, 121.7, 0.0, 0.0
20210325154301.88, 121.6, 0.0, 0.0
20210325154302.95, 121.6, 0.0, 0.0
20210325154304.01, 121.7, 0.0, 0.0
20210325154305.09, 121.7, 0.0, 0.0
20210325154306.15, 121.7, 0.0, 0.0
20210325154307.2, 121.7, 0.0, 0.0
20210325154308.25, 121.7, 0.0, 0.0
20210325154309.35, 121.7, 0.0, 0.0
20210325154310.41, 121.7, 0.0, 0.0
20210325154311.5, 121.7, 0.0, 0.0
20210325154312.59, 121.7, 0.0, 0.0
20210325154313.64, 121.7, 0.0, 0.0
20210325154314.71, 121.8, 0.0, 0.0
20210325154315.8, 121.8, 0.0, 0.0
20210325154316.86, 121.8, 0.0, 0.0
20210325154317.96, 121.8, 0.0, 0.0
20210325154319.0, 121.7, 0.0, 0.0
20210325154320.1, 121.8, 0.0, 0.0
20210325154321.19, 121.8, 0.0, 0.0
20210325154322.27, 121.9, 0.0, 0.0
20210325154323.35, 121.9, 0.0, 0.0
20210325154324.41, 121.8, 0.0, 0.0
20210325154325.51, 121.8, 0.0, 0.0
20210325154326.57, 121.9, 0.0, 0.0
20210325154327.65, 121.9, 0.0, 0.0
20210325154328.73, 121.9, 0.0, 0.0
20210325154329.83, 121.9, 0.0, 0.0
20210325154330.89, 121.8, 0.0, 0.0
20210325154331.98, 121.8, 0.0, 0.0
20210325154333.05, 121.8, 0.0, 0.0
20210325154334.11, 121.8, 0.0, 0.0
20210325154335.2, 121.8, 0.0, 0.0
20210325154336.26, 121.8, 0.0, 0.0
20210325154337.32, 121.7, 0.0, 0.0
20210325154338.36, 121.7, 0.0, 0.0
20210325154339.41, 121.7, 0.0, 0.0
20210325154340.46, 121.7, 0.0, 0.0
20210325154341.56, 121.7, 0.0, 0.0
20210325154342.66, 121.7, 0.0, 0.0
20210325154343.72, 121.7, 0.0, 0.0
20210325154344.78, 121.7, 0.0, 0.0
20210325154345.88, 121.7, 0.0, 0.0
20210325154346.92, 121.7, 0.0, 0.0
20210325154348.01, 121.7, 0.0, 0.0
20210325154349.13, 121.7, 0.0, 0.0
20210325154350.21, 121.7, 0.0, 0.0
20210325154351.3, 121.7, 0.0, 0.0
20210325154352.36, 121.7, 0.0, 0.0
20210325154353.42, 121.7, 0.0, 0.0
20210325154354.49, 121.7, 0.0, 0.0
20210325154355.53, 121.7, 0.0, 0.0
20210325154356.63, 121.7, 0.0, 0.0
20210325154357.76, 121.8, 0.0, 0.0
20210325154358.84, 121.8, 0.0, 0.0
20210325154359.97, 121.8, 0.0, 0.0
20210325154401.02, 121.8, 0.0, 0.0
20210325154402.11, 121.8, 0.0, 0.0
20210325154403.16, 121.8, 0.0, 0.0
20210325154404.27, 121.8, 0.0, 0.0
20210325154405.32, 121.8, 0.0, 0.0
20210325154406.36, 121.8, 0.0, 0.0
20210325154407.45, 121.9, 0.0, 0.0
20210325154408.57, 121.9, 0.0, 0.0
20210325154409.63, 121.8, 0.0, 0.0
20210325154410.77, 121.8, 0.0, 0.0
20210325154411.84, 121.8, 0.0, 0.0
20210325154412.98, 121.8, 0.0, 0.0
20210325154414.04, 121.8, 0.0, 0.0
20210325154415.14, 121.8, 0.0, 0.0
20210325154416.21, 121.8, 0.0, 0.0
20210325154417.33, 121.8, 0.0, 0.0
20210325154418.39, 121.8, 0.0, 0.0
20210325154419.49, 121.8, 0.0, 0.0
20210325154420.57, 121.8, 0.0, 0.0
20210325154421.68, 121.8, 0.0, 0.0
20210325154422.74, 121.8, 0.0, 0.0
20210325154423.82, 121.8, 0.0, 0.0
20210325154424.87, 121.8, 0.0, 0.0
20210325154425.91, 121.8, 0.0, 0.0
20210325154426.96, 121.8, 0.0, 0.0
20210325154428.08, 121.8, 0.0, 0.0
20210325154429.13, 121.8, 0.0, 0.0
20210325154430.18, 121.7, 0.0, 0.0
20210325154431.26, 121.7, 0.0, 0.0
20210325154432.32, 121.7, 0.0, 0.0
20210325154433.41, 121.7, 0.0, 0.0
20210325154434.47, 121.7, 0.0, 0.0
20210325154435.58, 121.7, 0.0, 0.0
20210325154436.62, 121.7, 0.0, 0.0
20210325154437.7, 121.7, 0.0, 0.0
20210325154438.78, 121.8, 0.0, 0.0
20210325154439.84, 121.8, 0.0, 0.0
20210325154440.93, 121.8, 0.0, 0.0
20210325154441.98, 121.8, 0.0, 0.0
20210325154443.11, 121.8, 0.0, 0.0
20210325154444.15, 121.8, 0.0, 0.0
20210325154445.23, 121.8, 0.0, 0.0
20210325154446.28, 121.8, 0.0, 0.0
20210325154447.45, 121.8, 0.0, 0.0
20210325154448.48, 121.8, 0.0, 0.0
20210325154449.55, 121.8, 0.0, 0.0
20210325154450.6, 121.8, 0.0, 0.0
20210325154451.66, 121.8, 0.0, 0.0
20210325154452.71, 121.8, 0.0, 0.0
20210325154453.77, 121.8, 0.0, 0.0
20210325154454.84, 121.8, 0.0, 0.0
20210325154455.89, 121.8, 0.0, 0.0
20210325154456.94, 121.8, 0.0, 0.0
20210325154458.04, 121.8, 0.0, 0.0
20210325154459.1, 121.8, 0.0, 0.0
20210325154500.23, 121.8, 0.0, 0.0
20210325154501.29, 121.8, 0.0, 0.0
20210325154502.33, 121.8, 0.0, 0.0
20210325154503.39, 121.8, 0.0, 0.0
20210325154504.45, 121.8, 0.0, 0.0
20210325154505.52, 121.8, 0.0, 0.0
20210325154506.62, 121.8, 0.0, 0.0
20210325154507.68, 121.8, 0.0, 0.0
20210325154508.73, 121.8, 0.0, 0.0
20210325154509.78, 121.8, 0.0, 0.0
20210325154510.85, 121.8, 0.0, 0.0
20210325154511.9, 121.8, 0.0, 0.0
20210325154513.02, 121.8, 0.0, 0.0
20210325154514.09, 121.8, 0.0, 0.0
20210325154515.14, 121.8, 0.0, 0.0
20210325154516.2, 121.8, 0.0, 0.0
20210325154517.27, 121.7, 0.0, 0.0
20210325154518.36, 121.7, 0.0, 0.0
20210325154519.47, 121.7, 0.0, 0.0
20210325154520.54, 121.7, 0.0, 0.0
20210325154521.66, 121.7, 0.0, 0.0
20210325154522.73, 121.7, 0.0, 0.0
20210325154523.79, 121.8, 0.0, 0.0
20210325154524.86, 121.8, 0.0, 0.0
20210325154525.9, 121.7, 0.0, 0.0
20210325154527.0, 121.7, 0.0, 0.0
20210325154528.04, 121.7, 0.0, 0.0
20210325154529.09, 121.7, 0.0, 0.0
20210325154530.15, 121.8, 0.0, 0.0
20210325154531.2, 121.8, 0.0, 0.0
20210325154532.32, 121.8, 0.0, 0.0
20210325154533.39, 121.8, 0.0, 0.0
20210325154534.43, 121.8, 0.0, 0.0
20210325154535.62, 121.8, 0.0, 0.0
20210325154536.67, 121.8, 0.0, 0.0
20210325154537.72, 121.9, 0.0, 0.0
20210325154538.82, 121.9, 0.0, 0.0
20210325154539.89, 121.8, 0.0, 0.0
20210325154540.93, 121.8, 0.0, 0.0
20210325154542.02, 121.8, 0.0, 0.0
20210325154543.11, 121.8, 0.0, 0.0
20210325154544.17, 121.9, 0.0, 0.0
20210325154545.27, 121.9, 0.0, 0.0
20210325154546.34, 121.8, 0.0, 0.0
20210325154547.46, 121.8, 0.0, 0.0
20210325154548.53, 121.8, 0.0, 0.0
20210325154549.65, 121.8, 0.0, 0.0
20210325154550.7, 121.9, 0.0, 0.0
20210325154551.8, 121.9, 0.0, 0.0
20210325154552.85, 121.9, 0.0, 0.0
20210325154554.06, 121.9, 0.0, 0.0
20210325154555.11, 121.9, 0.0, 0.0
20210325154556.22, 121.9, 0.0, 0.0
20210325154557.26, 121.9, 0.0, 0.0
20210325154558.38, 121.8, 0.0, 0.0
20210325154559.45, 121.8, 0.0, 0.0
20210325154600.54, 121.9, 0.0, 0.0
20210325154601.59, 121.9, 0.0, 0.0
20210325154602.71, 121.8, 0.0, 0.0
20210325154603.77, 121.8, 0.0, 0.0
20210325154604.83, 121.8, 0.0, 0.0
20210325154605.89, 121.8, 0.0, 0.0
20210325154607.02, 121.8, 0.0, 0.0
20210325154608.07, 121.8, 0.0, 0.0
20210325154609.17, 121.8, 0.0, 0.0
20210325154610.23, 121.8, 0.0, 0.0
20210325154611.33, 121.8, 0.0, 0.0
20210325154612.37, 121.8, 0.0, 0.0
20210325154613.47, 121.8, 0.0, 0.0
20210325154614.54, 121.8, 0.0, 0.0
20210325154615.62, 121.8, 0.0, 0.0
20210325154616.67, 121.8, 0.0, 0.0
20210325154617.72, 121.8, 0.0, 0.0
20210325154618.78, 121.8, 0.0, 0.0
20210325154619.9, 121.8, 0.0, 0.0
20210325154620.95, 121.8, 0.0, 0.0
20210325154622.07, 121.8, 0.0, 0.0
20210325154623.12, 121.8, 0.0, 0.0
20210325154624.18, 121.8, 0.0, 0.0
20210325154625.24, 121.8, 0.0, 0.0
20210325154626.32, 121.8, 0.0, 0.0
20210325154627.42, 121.8, 0.0, 0.0
20210325154628.53, 121.8, 0.0, 0.0
20210325154629.6, 121.9, 0.0, 0.0
20210325154630.7, 121.9, 0.0, 0.0
20210325154631.75, 121.9, 0.0, 0.0
20210325154632.79, 121.9, 0.0, 0.0
20210325154633.88, 121.9, 0.0, 0.0
20210325154634.96, 121.9, 0.0, 0.0
20210325154636.04, 121.8, 0.0, 0.0
20210325154637.13, 121.8, 0.0, 0.0
20210325154638.23, 121.8, 0.0, 0.0
20210325154639.36, 121.8, 0.0, 0.0
20210325154640.42, 121.8, 0.0, 0.0
20210325154641.47, 121.7, 0.0, 0.0
20210325154642.52, 121.7, 0.0, 0.0
20210325154643.6, 121.8, 0.0, 0.0
20210325154644.68, 121.8, 0.0, 0.0
20210325154645.76, 121.8, 0.0, 0.0
20210325154646.82, 121.8, 0.0, 0.0
20210325154647.9, 121.8, 0.0, 0.0
20210325154648.98, 121.8, 0.0, 0.0
20210325154650.09, 121.8, 0.0, 0.0
20210325154651.16, 121.8, 0.0, 0.0
20210325154652.25, 121.8, 0.0, 0.0
20210325154653.32, 121.8, 0.0, 0.0
20210325154654.42, 121.8, 0.0, 0.0
20210325154655.48, 121.8, 0.0, 0.0
20210325154656.52, 121.8, 0.0, 0.0
20210325154657.6, 121.8, 0.0, 0.0
20210325154658.73, 121.8, 0.0, 0.0
20210325154659.78, 121.9, 0.0, 0.0
20210325154700.87, 121.9, 0.0, 0.0
20210325154701.94, 121.9, 0.0, 0.0
20210325154703.05, 121.9, 0.0, 0.0
20210325154704.11, 121.8, 0.0, 0.0
20210325154705.22, 121.8, 0.0, 0.0
20210325154706.28, 121.9, 0.0, 0.0
20210325154707.4, 121.9, 0.0, 0.0
20210325154708.45, 121.9, 0.0, 0.0
20210325154709.58, 121.9, 0.0, 0.0
20210325154710.62, 121.8, 0.0, 0.0
20210325154711.72, 121.8, 0.0, 0.0
20210325154712.77, 121.8, 0.0, 0.0
20210325154713.82, 121.8, 0.0, 0.0
20210325154714.87, 121.8, 0.0, 0.0
20210325154716.0, 121.8, 0.0, 0.0
20210325154717.05, 121.8, 0.0, 0.0
20210325154718.11, 121.8, 0.0, 0.0
20210325154719.16, 121.8, 0.0, 0.0
20210325154720.27, 121.8, 0.0, 0.0
20210325154721.32, 121.8, 0.0, 0.0
20210325154722.38, 121.8, 0.0, 0.0
20210325154723.44, 121.8, 0.0, 0.0
20210325154724.54, 121.8, 0.0, 0.0
20210325154725.6, 121.8, 0.0, 0.0
20210325154726.7, 121.8, 0.0, 0.0
20210325154727.76, 121.8, 0.0, 0.0
20210325154728.84, 121.8, 0.0, 0.0
20210325154729.89, 121.8, 0.0, 0.0
20210325154731.02, 121.7, 0.0, 0.0
20210325154732.07, 121.7, 0.0, 0.0
20210325154733.12, 121.8, 0.0, 0.0
20210325154734.18, 121.8, 0.0, 0.0
20210325154735.29, 121.8, 0.0, 0.0
20210325154736.36, 121.8, 0.0, 0.0
20210325154737.49, 121.8, 0.0, 0.0
20210325154738.55, 121.8, 0.0, 0.0
20210325154739.64, 121.8, 0.0, 0.0
20210325154740.69, 121.8, 0.0, 0.0
20210325154741.87, 121.8, 0.0, 0.0
20210325154742.91, 121.8, 0.0, 0.0
20210325154743.99, 121.8, 0.0, 0.0
20210325154745.07, 121.8, 0.0, 0.0
20210325154746.15, 121.8, 0.0, 0.0
20210325154747.19, 121.8, 0.0, 0.0
20210325154748.31, 121.8, 0.0, 0.0
20210325154749.35, 121.8, 0.0, 0.0
20210325154750.45, 121.8, 0.0, 0.0
20210325154751.49, 121.8, 0.0, 0.0
20210325154752.57, 121.8, 0.0, 0.0
20210325154753.61, 121.7, 0.0, 0.0
20210325154754.7, 121.7, 0.0, 0.0
20210325154755.75, 121.8, 0.0, 0.0
20210325154756.82, 121.8, 0.0, 0.0
20210325154757.88, 121.8, 0.0, 0.0
20210325154759.01, 121.8, 0.0, 0.0
20210325154800.08, 121.8, 0.0, 0.0
20210325154801.12, 121.8, 0.0, 0.0
20210325154802.17, 121.8, 0.0, 0.0
20210325154803.29, 121.8, 0.0, 0.0
20210325154804.34, 121.8, 0.0, 0.0
20210325154805.43, 121.8, 0.0, 0.0
20210325154806.54, 121.8, 0.0, 0.0
20210325154807.63, 121.8, 0.0, 0.0
20210325154808.68, 121.8, 0.0, 0.0
20210325154809.77, 121.8, 0.0, 0.0
20210325154810.82, 121.8, 0.0, 0.0
20210325154811.89, 121.8, 0.0, 0.0
20210325154812.94, 121.8, 0.0, 0.0
20210325154813.98, 121.8, 0.0, 0.0
20210325154815.07, 121.8, 0.0, 0.0
20210325154816.12, 121.8, 0.0, 0.0
20210325154817.18, 121.8, 0.0, 0.0
20210325154818.23, 121.8, 0.0, 0.0
20210325154819.36, 121.8, 0.0, 0.0
20210325154820.4, 121.8, 0.0, 0.0
20210325154821.52, 121.8, 0.0, 0.0
20210325154822.61, 121.8, 0.0, 0.0
20210325154823.69, 121.8, 0.0, 0.0
20210325154824.79, 121.8, 0.0, 0.0
20210325154825.85, 121.8, 0.0, 0.0
20210325154826.93, 121.8, 0.0, 0.0
20210325154828.14, 121.7, 0.0, 0.0
20210325154829.2, 121.7, 0.0, 0.0
20210325154830.25, 121.7, 0.0, 0.0
20210325154831.36, 121.7, 0.0, 0.0
20210325154832.4, 121.7, 0.0, 0.0
20210325154833.48, 121.7, 0.0, 0.0
20210325154834.53, 121.7, 0.0, 0.0
20210325154835.61, 121.7, 0.0, 0.0
20210325154836.68, 121.6, 0.0, 0.0
20210325154837.76, 121.6, 0.0, 0.0
20210325154838.84, 121.7, 0.0, 0.0
20210325154839.98, 121.7, 0.0, 0.0
20210325154841.04, 121.7, 0.0, 0.0
20210325154842.12, 121.7, 0.0, 0.0
20210325154843.18, 121.7, 0.0, 0.0
20210325154844.25, 121.7, 0.0, 0.0
20210325154845.32, 121.8, 0.0, 0.0
20210325154846.38, 121.8, 0.0, 0.0
20210325154847.47, 121.7, 0.0, 0.0
20210325154848.71, 121.8, 0.0, 0.0
20210325154849.76, 121.8, 0.0, 0.0
20210325154850.86, 121.8, 0.0, 0.0
20210325154851.91, 121.8, 0.0, 0.0
20210325154853.0, 121.7, 0.0, 0.0
20210325154854.05, 121.7, 0.0, 0.0
20210325154855.12, 121.8, 0.0, 0.0
20210325154856.19, 121.8, 0.0, 0.0
20210325154857.29, 121.8, 0.0, 0.0
20210325154858.35, 121.8, 0.0, 0.0
20210325154859.46, 121.8, 0.0, 0.0
20210325154900.53, 121.8, 0.0, 0.0
20210325154901.57, 121.8, 0.0, 0.0
20210325154902.67, 121.8, 0.0, 0.0
20210325154903.76, 121.7, 0.0, 0.0
20210325154904.82, 121.7, 0.0, 0.0
20210325154905.89, 121.8, 0.0, 0.0
20210325154906.98, 121.8, 0.0, 0.0
20210325154908.07, 121.8, 0.0, 0.0
20210325154909.13, 121.8, 0.0, 0.0
20210325154910.19, 121.8, 0.0, 0.0
20210325154911.27, 121.8, 0.0, 0.0
20210325154912.41, 121.8, 0.0, 0.0
20210325154913.46, 121.8, 0.0, 0.0
20210325154914.6, 121.8, 0.0, 0.0
20210325154915.65, 121.8, 0.0, 0.0
20210325154916.71, 121.8, 0.0, 0.0
20210325154917.79, 121.8, 0.0, 0.0
20210325154918.9, 121.8, 0.0, 0.0
20210325154919.96, 121.8, 0.0, 0.0
20210325154921.07, 121.8, 0.0, 0.0
20210325154922.13, 121.8, 0.0, 0.0
20210325154923.21, 121.8, 0.0, 0.0
20210325154924.29, 121.8, 0.0, 0.0
20210325154925.43, 121.8, 0.0, 0.0
20210325154926.5, 121.8, 0.0, 0.0
20210325154927.61, 121.8, 0.0, 0.0
20210325154928.66, 121.8, 0.0, 0.0
20210325154929.76, 121.8, 0.0, 0.0
20210325154930.85, 121.8, 0.0, 0.0
20210325154931.96, 121.8, 0.0, 0.0
20210325154933.01, 121.8, 0.0, 0.0
20210325154934.07, 121.7, 0.0, 0.0
20210325154935.12, 121.7, 0.0, 0.0
20210325154936.19, 121.8, 0.0, 0.0
20210325154937.26, 121.8, 0.0, 0.0
20210325154938.33, 121.7, 0.0, 0.0
20210325154939.4, 121.7, 0.0, 0.0
20210325154940.53, 121.7, 0.0, 0.0
20210325154941.6, 121.7, 0.0, 0.0
20210325154942.71, 121.7, 0.0, 0.0
20210325154943.77, 121.7, 0.0, 0.0
20210325154944.84, 121.7, 0.0, 0.0
20210325154945.89, 121.7, 0.0, 0.0
20210325154947.02, 121.7, 0.0, 0.0
20210325154948.07, 121.7, 0.0, 0.0
20210325154949.18, 121.8, 0.0, 0.0
20210325154950.34, 121.7, 0.0, 0.0
20210325154951.39, 121.7, 0.0, 0.0
20210325154952.45, 121.7, 0.0, 0.0
20210325154953.54, 121.7, 0.0, 0.0
20210325154954.59, 121.7, 0.0, 0.0
20210325154955.67, 121.7, 0.0, 0.0
20210325154956.73, 121.7, 0.0, 0.0
20210325154957.83, 121.7, 0.0, 0.0
20210325154958.89, 121.7, 0.0, 0.0
20210325154959.94, 121.7, 0.0, 0.0
20210325155001.04, 121.7, 0.0, 0.0
20210325155002.11, 121.7, 0.0, 0.0
20210325155003.21, 121.7, 0.0, 0.0
20210325155004.34, 121.7, 0.0, 0.0
20210325155005.41, 121.7, 0.0, 0.0
20210325155006.5, 121.7, 0.0, 0.0
20210325155007.54, 121.7, 0.0, 0.0
20210325155008.6, 121.7, 0.0, 0.0
20210325155009.69, 121.8, 0.0, 0.0
20210325155010.79, 121.8, 0.0, 0.0
20210325155011.91, 121.8, 0.0, 0.0
20210325155012.95, 121.8, 0.0, 0.0
20210325155014.03, 121.8, 0.0, 0.0
20210325155015.12, 121.8, 0.0, 0.0
20210325155016.18, 121.8, 0.0, 0.0
20210325155017.26, 121.8, 0.0, 0.0
20210325155018.31, 121.8, 0.0, 0.0
20210325155019.39, 121.8, 0.0, 0.0
20210325155020.48, 121.8, 0.0, 0.0
20210325155021.59, 121.8, 0.0, 0.0
20210325155022.66, 121.8, 0.0, 0.0
20210325155023.79, 121.8, 0.0, 0.0
20210325155024.85, 121.8, 0.0, 0.0
20210325155025.94, 121.8, 0.0, 0.0
20210325155027.0, 121.8, 0.0, 0.0
20210325155028.07, 121.8, 0.0, 0.0
20210325155029.16, 121.8, 0.0, 0.0
20210325155030.26, 121.8, 0.0, 0.0
20210325155031.46, 121.7, 0.0, 0.0
20210325155032.54, 121.7, 0.0, 0.0
20210325155033.58, 121.8, 0.0, 0.0
20210325155034.64, 121.8, 0.0, 0.0
20210325155035.69, 121.8, 0.0, 0.0
20210325155036.83, 121.8, 0.0, 0.0
20210325155037.89, 121.8, 0.0, 0.0
20210325155038.96, 121.8, 0.0, 0.0
20210325155040.04, 121.8, 0.0, 0.0
20210325155041.14, 121.8, 0.0, 0.0
20210325155042.2, 121.7, 0.0, 0.0
20210325155043.35, 121.7, 0.0, 0.0
20210325155044.4, 121.8, 0.0, 0.0
20210325155045.47, 121.8, 0.0, 0.0
20210325155046.52, 121.8, 0.0, 0.0
20210325155047.64, 121.8, 0.0, 0.0
20210325155048.7, 121.8, 0.0, 0.0
20210325155049.8, 121.8, 0.0, 0.0
20210325155050.85, 121.8, 0.0, 0.0
20210325155051.98, 121.8, 0.0, 0.0
20210325155053.05, 121.8, 0.0, 0.0
20210325155054.11, 121.8, 0.0, 0.0
20210325155055.17, 121.8, 0.0, 0.0
20210325155056.21, 121.8, 0.0, 0.0
20210325155057.31, 121.8, 0.0, 0.0
20210325155058.42, 121.8, 0.0, 0.0
20210325155059.47, 121.8, 0.0, 0.0
20210325155100.55, 121.8, 0.0, 0.0
20210325155101.6, 121.8, 0.0, 0.0
20210325155102.65, 121.8, 0.0, 0.0
20210325155103.71, 121.8, 0.0, 0.0
20210325155104.82, 121.8, 0.0, 0.0
20210325155105.88, 121.8, 0.0, 0.0
20210325155106.96, 121.8, 0.0, 0.0
20210325155108.04, 121.8, 0.0, 0.0
20210325155109.16, 121.8, 0.0, 0.0
20210325155110.2, 121.8, 0.0, 0.0
20210325155111.32, 121.8, 0.0, 0.0
20210325155112.38, 121.8, 0.0, 0.0
20210325155113.42, 121.8, 0.0, 0.0
20210325155114.69, 121.8, 0.0, 0.0
20210325155115.77, 121.8, 0.0, 0.0
20210325155116.81, 121.8, 0.0, 0.0
20210325155117.88, 121.8, 0.0, 0.0
20210325155118.96, 121.8, 0.0, 0.0
20210325155120.07, 121.8, 0.0, 0.0
20210325155121.12, 121.8, 0.0, 0.0
20210325155122.21, 121.8, 0.0, 0.0
20210325155123.25, 121.8, 0.0, 0.0
20210325155124.35, 121.8, 0.0, 0.0
20210325155125.4, 121.7, 0.0, 0.0
20210325155126.47, 121.7, 0.0, 0.0
20210325155127.53, 121.7, 0.0, 0.0
20210325155128.58, 121.7, 0.0, 0.0
20210325155129.63, 121.7, 0.0, 0.0
20210325155130.73, 121.7, 0.0, 0.0
20210325155131.8, 121.7, 0.0, 0.0
20210325155132.84, 121.7, 0.0, 0.0
20210325155133.94, 121.7, 0.0, 0.0
20210325155135.06, 121.7, 0.0, 0.0
20210325155136.11, 121.7, 0.0, 0.0
20210325155137.24, 121.8, 0.0, 0.0
20210325155138.29, 121.8, 0.0, 0.0
20210325155139.33, 121.8, 0.0, 0.0
20210325155140.39, 121.8, 0.0, 0.0
20210325155141.43, 121.8, 0.0, 0.0
20210325155142.5, 121.8, 0.0, 0.0
20210325155143.63, 121.8, 0.0, 0.0
20210325155144.69, 121.8, 0.0, 0.0
20210325155145.79, 121.8, 0.0, 0.0
20210325155146.84, 121.8, 0.0, 0.0
20210325155147.91, 121.8, 0.0, 0.0
20210325155148.97, 121.8, 0.0, 0.0
20210325155150.01, 121.8, 0.0, 0.0
20210325155151.11, 121.8, 0.0, 0.0
20210325155152.16, 121.9, 0.0, 0.0
20210325155153.23, 121.9, 0.0, 0.0
20210325155154.27, 121.9, 0.0, 0.0
20210325155155.35, 121.9, 0.0, 0.0
20210325155156.47, 121.9, 0.0, 0.0
20210325155157.55, 121.9, 0.0, 0.0
20210325155158.67, 121.8, 0.0, 0.0
20210325155159.73, 121.8, 0.0, 0.0
20210325155200.86, 121.8, 0.0, 0.0
20210325155201.91, 121.8, 0.0, 0.0
20210325155203.04, 121.8, 0.0, 0.0
20210325155204.09, 121.8, 0.0, 0.0
20210325155205.19, 121.8, 0.0, 0.0
20210325155206.24, 121.8, 0.0, 0.0
20210325155207.31, 121.8, 0.0, 0.0
20210325155208.36, 121.8, 0.0, 0.0
20210325155209.42, 121.8, 0.0, 0.0
20210325155210.47, 121.8, 0.0, 0.0
20210325155211.53, 121.8, 0.0, 0.0
20210325155212.62, 121.8, 0.0, 0.0
20210325155213.73, 121.8, 0.0, 0.0
20210325155214.8, 121.7, 0.0, 0.0
20210325155215.94, 121.7, 0.0, 0.0
20210325155216.99, 121.7, 0.0, 0.0
20210325155218.07, 121.7, 0.0, 0.0
20210325155219.14, 121.7, 0.0, 0.0
20210325155220.28, 121.7, 0.0, 0.0
20210325155221.34, 121.7, 0.0, 0.0
20210325155222.41, 121.7, 0.0, 0.0
20210325155223.47, 121.7, 0.0, 0.0
20210325155224.58, 121.7, 0.0, 0.0
20210325155225.64, 121.7, 0.0, 0.0
20210325155226.75, 121.7, 0.0, 0.0
20210325155227.8, 121.7, 0.0, 0.0
20210325155228.85, 121.8, 0.0, 0.0
20210325155229.92, 121.8, 0.0, 0.0
20210325155230.98, 121.8, 0.0, 0.0
20210325155232.07, 121.8, 0.0, 0.0
20210325155233.2, 121.8, 0.0, 0.0
20210325155234.27, 121.8, 0.0, 0.0
20210325155235.4, 121.8, 0.0, 0.0
20210325155236.46, 121.8, 0.0, 0.0
20210325155237.59, 121.8, 0.0, 0.0
20210325155238.64, 121.8, 0.0, 0.0
20210325155239.75, 121.8, 0.0, 0.0
20210325155240.82, 121.8, 0.0, 0.0
20210325155241.93, 121.8, 0.0, 0.0
20210325155243.11, 121.7, 0.0, 0.0
20210325155244.15, 121.7, 0.0, 0.0
20210325155245.2, 121.8, 0.0, 0.0
20210325155246.29, 121.8, 0.0, 0.0
20210325155247.35, 121.8, 0.0, 0.0
20210325155248.46, 121.8, 0.0, 0.0
20210325155249.52, 121.8, 0.0, 0.0
20210325155250.64, 121.8, 0.0, 0.0
20210325155251.7, 121.8, 0.0, 0.0
20210325155252.8, 121.8, 0.0, 0.0
20210325155253.85, 121.7, 0.0, 0.0
20210325155254.92, 121.7, 0.0, 0.0
20210325155256.0, 121.8, 0.0, 0.0
20210325155257.1, 121.8, 0.0, 0.0
20210325155258.17, 121.8, 0.0, 0.0
20210325155259.23, 121.8, 0.0, 0.0
20210325155300.31, 121.8, 0.0, 0.0
20210325155301.36, 121.8, 0.0, 0.0
20210325155302.42, 121.8, 0.0, 0.0
20210325155303.53, 121.8, 0.0, 0.0
20210325155304.59, 121.8, 0.0, 0.0
20210325155305.71, 121.8, 0.0, 0.0
20210325155306.77, 121.8, 0.0, 0.0
20210325155307.82, 121.7, 0.0, 0.0
20210325155308.89, 121.7, 0.0, 0.0
20210325155310.02, 121.7, 0.0, 0.0
20210325155311.07, 121.7, 0.0, 0.0
20210325155312.12, 121.8, 0.0, 0.0
20210325155313.2, 121.8, 0.0, 0.0
20210325155314.25, 121.8, 0.0, 0.0
20210325155315.34, 121.8, 0.0, 0.0
20210325155316.38, 121.8, 0.0, 0.0
20210325155317.5, 121.8, 0.0, 0.0
20210325155318.6, 121.8, 0.0, 0.0
20210325155319.68, 121.8, 0.0, 0.0
20210325155320.76, 121.8, 0.0, 0.0
20210325155321.84, 121.8, 0.0, 0.0
20210325155322.95, 121.7, 0.0, 0.0
20210325155324.03, 121.7, 0.0, 0.0
20210325155325.12, 121.8, 0.0, 0.0
20210325155326.19, 121.8, 0.0, 0.0
20210325155327.34, 121.8, 0.0, 0.0
20210325155328.39, 121.8, 0.0, 0.0
20210325155329.5, 121.8, 0.0, 0.0
20210325155330.54, 121.8, 0.0, 0.0
20210325155331.66, 121.8, 0.0, 0.0
20210325155332.71, 121.8, 0.0, 0.0
20210325155333.86, 121.8, 0.0, 0.0
20210325155334.89, 121.8, 0.0, 0.0
20210325155336.01, 121.8, 0.0, 0.0
20210325155337.06, 121.8, 0.0, 0.0
20210325155338.13, 121.8, 0.0, 0.0
20210325155339.18, 121.9, 0.0, 0.0
20210325155340.28, 121.9, 0.0, 0.0
20210325155341.32, 121.9, 0.0, 0.0
20210325155342.38, 121.9, 0.0, 0.0
20210325155343.43, 121.8, 0.0, 0.0
20210325155344.5, 121.8, 0.0, 0.0
20210325155345.58, 121.8, 0.0, 0.0
20210325155346.69, 121.8, 0.0, 0.0
20210325155347.74, 121.8, 0.0, 0.0
20210325155348.88, 121.8, 0.0, 0.0
20210325155349.98, 121.8, 0.0, 0.0
20210325155351.11, 121.8, 0.0, 0.0
20210325155352.16, 121.8, 0.0, 0.0
20210325155353.26, 121.7, 0.0, 0.0
20210325155354.34, 121.7, 0.0, 0.0
20210325155355.44, 121.8, 0.0, 0.0
20210325155356.52, 121.8, 0.0, 0.0
20210325155357.65, 121.8, 0.0, 0.0
20210325155358.71, 121.8, 0.0, 0.0
20210325155359.8, 121.8, 0.0, 0.0
20210325155400.86, 121.8, 0.0, 0.0
20210325155401.98, 121.8, 0.0, 0.0
20210325155403.05, 121.8, 0.0, 0.0
20210325155404.11, 121.8, 0.0, 0.0
20210325155405.18, 121.8, 0.0, 0.0
20210325155406.24, 121.8, 0.0, 0.0
20210325155407.34, 121.8, 0.0, 0.0
20210325155408.45, 121.8, 0.0, 0.0
20210325155409.54, 121.8, 0.0, 0.0
20210325155410.61, 121.8, 0.0, 0.0
20210325155411.66, 121.8, 0.0, 0.0
20210325155412.73, 121.8, 0.0, 0.0
20210325155413.82, 121.8, 0.0, 0.0
20210325155414.96, 121.8, 0.0, 0.0
20210325155416.0, 121.8, 0.0, 0.0
20210325155417.12, 121.8, 0.0, 0.0
20210325155418.18, 121.8, 0.0, 0.0
20210325155419.29, 121.8, 0.0, 0.0
20210325155420.34, 121.8, 0.0, 0.0
20210325155421.48, 121.8, 0.0, 0.0
20210325155422.51, 121.7, 0.0, 0.0
20210325155423.57, 121.7, 0.0, 0.0
20210325155424.61, 121.8, 0.0, 0.0
20210325155425.66, 121.8, 0.0, 0.0
20210325155426.7, 121.8, 0.0, 0.0
20210325155427.96, 121.8, 0.0, 0.0
20210325155429.03, 121.8, 0.0, 0.0
20210325155430.07, 121.8, 0.0, 0.0
20210325155431.12, 121.8, 0.0, 0.0
20210325155432.17, 121.8, 0.0, 0.0
20210325155433.22, 121.8, 0.0, 0.0
20210325155434.27, 121.8, 0.0, 0.0
20210325155435.32, 121.8, 0.0, 0.0
20210325155436.36, 121.8, 0.0, 0.0
20210325155437.42, 121.8, 0.0, 0.0
20210325155438.5, 121.8, 0.0, 0.0
20210325155439.62, 121.8, 0.0, 0.0
20210325155440.73, 121.8, 0.0, 0.0
20210325155441.8, 121.8, 0.0, 0.0
20210325155442.86, 121.8, 0.0, 0.0
20210325155443.96, 121.8, 0.0, 0.0
20210325155445.0, 121.7, 0.0, 0.0
20210325155446.1, 121.7, 0.0, 0.0
20210325155447.21, 121.7, 0.0, 0.0
20210325155448.29, 121.7, 0.0, 0.0
20210325155449.39, 121.7, 0.0, 0.0
20210325155450.56, 121.7, 0.0, 0.0
20210325155451.61, 121.7, 0.0, 0.0
20210325155452.66, 121.7, 0.0, 0.0
20210325155453.75, 121.7, 0.0, 0.0
20210325155454.82, 121.8, 0.0, 0.0
20210325155455.96, 121.8, 0.0, 0.0
20210325155457.02, 121.7, 0.0, 0.0
20210325155458.1, 121.7, 0.0, 0.0
20210325155459.16, 121.8, 0.0, 0.0
20210325155500.21, 121.8, 0.0, 0.0
20210325155501.29, 121.8, 0.0, 0.0
20210325155502.39, 121.8, 0.0, 0.0
20210325155503.46, 121.7, 0.0, 0.0
20210325155504.57, 121.7, 0.0, 0.0
20210325155505.61, 121.8, 0.0, 0.0
20210325155506.72, 121.8, 0.0, 0.0
20210325155507.79, 121.7, 0.0, 0.0
20210325155508.89, 121.7, 0.0, 0.0
20210325155509.96, 121.7, 0.0, 0.0
20210325155511.07, 121.7, 0.0, 0.0
20210325155512.18, 121.7, 0.0, 0.0
20210325155513.31, 121.8, 0.0, 0.0
20210325155514.36, 121.8, 0.0, 0.0
20210325155515.46, 121.8, 0.0, 0.0
20210325155516.5, 121.8, 0.0, 0.0
20210325155517.59, 121.7, 0.0, 0.0
20210325155518.65, 121.7, 0.0, 0.0
20210325155519.77, 121.7, 0.0, 0.0
20210325155520.83, 121.7, 0.0, 0.0
20210325155521.93, 121.7, 0.0, 0.0
20210325155522.98, 121.7, 0.0, 0.0
20210325155524.07, 121.7, 0.0, 0.0
20210325155525.13, 121.7, 0.0, 0.0
20210325155526.18, 121.7, 0.0, 0.0
20210325155527.27, 121.7, 0.0, 0.0
20210325155528.38, 121.6, 0.0, 0.0
20210325155529.45, 121.6, 0.0, 0.0
20210325155530.55, 121.7, 0.0, 0.0
20210325155531.64, 121.7, 0.0, 0.0
20210325155532.73, 121.7, 0.0, 0.0
20210325155533.8, 121.7, 0.0, 0.0
20210325155534.89, 121.7, 0.0, 0.0
20210325155535.96, 121.8, 0.0, 0.0
20210325155537.07, 121.8, 0.0, 0.0
20210325155538.11, 121.8, 0.0, 0.0
20210325155539.23, 121.8, 0.0, 0.0
20210325155540.28, 121.7, 0.0, 0.0
20210325155541.32, 121.7, 0.0, 0.0
20210325155542.39, 121.7, 0.0, 0.0
20210325155543.5, 121.7, 0.0, 0.0
20210325155544.57, 121.7, 0.0, 0.0
20210325155545.71, 121.7, 0.0, 0.0
20210325155546.76, 121.7, 0.0, 0.0
20210325155547.88, 121.7, 0.0, 0.0
20210325155548.93, 121.7, 0.0, 0.0
20210325155550.06, 121.7, 0.0, 0.0
20210325155551.11, 121.7, 0.0, 0.0
20210325155552.19, 121.7, 0.0, 0.0
20210325155553.29, 121.7, 0.0, 0.0
20210325155554.36, 121.7, 0.0, 0.0
20210325155555.41, 121.7, 0.0, 0.0
20210325155556.51, 121.7, 0.0, 0.0
20210325155557.59, 121.7, 0.0, 0.0
20210325155558.64, 121.8, 0.0, 0.0
20210325155559.72, 121.8, 0.0, 0.0
20210325155600.77, 121.7, 0.0, 0.0
20210325155601.86, 121.7, 0.0, 0.0
20210325155602.98, 121.7, 0.0, 0.0
20210325155604.07, 121.7, 0.0, 0.0
20210325155605.2, 121.8, 0.0, 0.0
20210325155606.25, 121.8, 0.0, 0.0
20210325155607.33, 121.8, 0.0, 0.0
20210325155608.38, 121.8, 0.0, 0.0
20210325155609.44, 121.8, 0.0, 0.0
20210325155610.49, 121.8, 0.0, 0.0
20210325155611.6, 121.8, 0.0, 0.0
20210325155612.8, 121.8, 0.0, 0.0
20210325155613.88, 121.8, 0.0, 0.0
20210325155614.92, 121.8, 0.0, 0.0
20210325155616.0, 121.8, 0.0, 0.0
20210325155617.05, 121.8, 0.0, 0.0
20210325155618.11, 121.8, 0.0, 0.0
20210325155619.16, 121.8, 0.0, 0.0
20210325155620.28, 121.8, 0.0, 0.0
20210325155621.33, 121.8, 0.0, 0.0
20210325155622.45, 121.8, 0.0, 0.0
20210325155623.5, 121.7, 0.0, 0.0
20210325155624.62, 121.7, 0.0, 0.0
20210325155625.68, 121.7, 0.0, 0.0
20210325155626.79, 121.7, 0.0, 0.0
20210325155627.86, 121.7, 0.0, 0.0
20210325155628.97, 121.7, 0.0, 0.0
20210325155630.02, 121.7, 0.0, 0.0
20210325155631.12, 121.7, 0.0, 0.0
20210325155632.17, 121.8, 0.0, 0.0
20210325155633.32, 121.8, 0.0, 0.0
20210325155634.38, 121.8, 0.0, 0.0
20210325155635.5, 121.7, 0.0, 0.0
20210325155636.55, 121.7, 0.0, 0.0
20210325155637.65, 121.7, 0.0, 0.0
20210325155638.7, 121.7, 0.0, 0.0
20210325155639.82, 121.8, 0.0, 0.0
20210325155640.86, 121.8, 0.0, 0.0
20210325155641.99, 121.8, 0.0, 0.0
20210325155643.09, 121.8, 0.0, 0.0
20210325155644.16, 121.8, 0.0, 0.0
20210325155645.21, 121.8, 0.0, 0.0
20210325155646.31, 121.8, 0.0, 0.0
20210325155647.38, 121.8, 0.0, 0.0
20210325155648.43, 121.8, 0.0, 0.0
20210325155649.52, 121.8, 0.0, 0.0
20210325155650.6, 121.9, 0.0, 0.0
20210325155651.67, 121.9, 0.0, 0.0
20210325155652.79, 121.8, 0.0, 0.0
20210325155653.91, 121.8, 0.0, 0.0
20210325155655.0, 121.8, 0.0, 0.0
20210325155656.09, 121.8, 0.0, 0.0
20210325155657.17, 121.8, 0.0, 0.0
20210325155658.22, 121.8, 0.0, 0.0
20210325155659.32, 121.8, 0.0, 0.0
20210325155700.39, 121.8, 0.0, 0.0
20210325155701.48, 121.8, 0.0, 0.0
20210325155702.52, 121.7, 0.0, 0.0
20210325155703.63, 121.7, 0.0, 0.0
20210325155704.67, 121.8, 0.0, 0.0
20210325155705.81, 121.8, 0.0, 0.0
20210325155706.89, 121.8, 0.0, 0.0
20210325155707.98, 121.8, 0.0, 0.0
20210325155709.09, 121.7, 0.0, 0.0
20210325155710.16, 121.7, 0.0, 0.0
20210325155711.2, 121.8, 0.0, 0.0
20210325155712.29, 121.8, 0.0, 0.0
20210325155713.4, 121.9, 0.0, 0.0
20210325155714.54, 121.9, 0.0, 0.0
20210325155715.59, 121.9, 0.0, 0.0
20210325155716.66, 121.9, 0.0, 0.0
20210325155717.79, 121.9, 0.0, 0.0
20210325155718.92, 121.8, 0.0, 0.0
20210325155720.0, 121.8, 0.0, 0.0
20210325155721.1, 121.8, 0.0, 0.0
20210325155722.16, 121.8, 0.0, 0.0
20210325155723.28, 121.8, 0.0, 0.0
20210325155724.37, 121.8, 0.0, 0.0
20210325155725.45, 121.8, 0.0, 0.0
20210325155726.5, 121.8, 0.0, 0.0
20210325155727.56, 121.8, 0.0, 0.0
20210325155728.61, 121.8, 0.0, 0.0
20210325155729.67, 121.8, 0.0, 0.0
20210325155730.73, 121.8, 0.0, 0.0
20210325155731.82, 121.7, 0.0, 0.0
20210325155732.96, 121.8, 0.0, 0.0
20210325155734.1, 121.8, 0.0, 0.0
20210325155735.2, 121.8, 0.0, 0.0
20210325155736.25, 121.8, 0.0, 0.0
20210325155737.33, 121.8, 0.0, 0.0
20210325155738.45, 121.8, 0.0, 0.0
20210325155739.56, 121.8, 0.0, 0.0
20210325155740.66, 121.8, 0.0, 0.0
20210325155741.76, 121.8, 0.0, 0.0
20210325155742.85, 121.8, 0.0, 0.0
20210325155743.95, 121.8, 0.0, 0.0
20210325155745.04, 121.8, 0.0, 0.0
20210325155746.09, 121.8, 0.0, 0.0
20210325155747.16, 121.8, 0.0, 0.0
20210325155748.25, 121.8, 0.0, 0.0
20210325155749.38, 121.8, 0.0, 0.0
20210325155750.43, 121.8, 0.0, 0.0
20210325155751.51, 121.8, 0.0, 0.0
20210325155752.62, 121.8, 0.0, 0.0
20210325155753.72, 121.8, 0.0, 0.0
20210325155754.77, 121.8, 0.0, 0.0
20210325155755.88, 121.8, 0.0, 0.0
20210325155756.96, 121.8, 0.0, 0.0
20210325155758.06, 121.8, 0.0, 0.0
20210325155759.16, 121.8, 0.0, 0.0
20210325155800.25, 121.8, 0.0, 0.0
20210325155801.32, 121.8, 0.0, 0.0
20210325155802.39, 121.8, 0.0, 0.0
20210325155803.51, 121.8, 0.0, 0.0
20210325155804.61, 121.8, 0.0, 0.0
20210325155805.72, 121.8, 0.0, 0.0
20210325155806.8, 121.8, 0.0, 0.0
20210325155807.99, 121.9, 0.0, 0.0
20210325155809.04, 121.9, 0.0, 0.0
20210325155810.12, 121.8, 0.0, 0.0
20210325155811.18, 121.8, 0.0, 0.0
20210325155812.29, 121.9, 0.0, 0.0
20210325155813.34, 121.9, 0.0, 0.0
20210325155814.39, 121.9, 0.0, 0.0
20210325155815.47, 121.9, 0.0, 0.0
20210325155816.56, 121.9, 0.0, 0.0
20210325155817.64, 121.9, 0.0, 0.0
20210325155818.72, 121.9, 0.0, 0.0
20210325155819.78, 121.9, 0.0, 0.0
20210325155820.89, 121.9, 0.0, 0.0
20210325155821.98, 121.9, 0.0, 0.0
20210325155823.07, 121.9, 0.0, 0.0
20210325155824.12, 121.9, 0.0, 0.0
20210325155825.23, 121.9, 0.0, 0.0
20210325155826.28, 121.9, 0.0, 0.0
20210325155827.36, 121.8, 0.0, 0.0
20210325155828.41, 121.8, 0.0, 0.0
20210325155829.46, 121.9, 0.0, 0.0
20210325155830.63, 121.9, 0.0, 0.0
20210325155831.7, 121.9, 0.0, 0.0
20210325155832.75, 121.8, 0.0, 0.0
20210325155833.81, 121.8, 0.0, 0.0
20210325155834.87, 121.8, 0.0, 0.0
20210325155835.96, 121.8, 0.0, 0.0
20210325155837.02, 121.8, 0.0, 0.0
20210325155838.09, 121.8, 0.0, 0.0
20210325155839.15, 121.8, 0.0, 0.0
20210325155840.24, 121.8, 0.0, 0.0
20210325155841.3, 121.8, 0.0, 0.0
20210325155842.38, 121.8, 0.0, 0.0
20210325155843.48, 121.7, 0.0, 0.0
20210325155844.58, 121.7, 0.0, 0.0
20210325155845.64, 121.8, 0.0, 0.0
20210325155846.76, 121.8, 0.0, 0.0
20210325155847.82, 121.8, 0.0, 0.0
20210325155848.95, 121.8, 0.0, 0.0
20210325155850.02, 121.8, 0.0, 0.0
20210325155851.2, 121.8, 0.0, 0.0
20210325155852.24, 121.8, 0.0, 0.0
20210325155853.34, 121.8, 0.0, 0.0
20210325155854.39, 121.8, 0.0, 0.0
20210325155855.48, 121.8, 0.0, 0.0
20210325155856.55, 121.8, 0.0, 0.0
20210325155857.65, 121.8, 0.0, 0.0
20210325155858.71, 121.8, 0.0, 0.0
20210325155859.81, 121.9, 0.0, 0.0
20210325155900.87, 121.9, 0.0, 0.0
20210325155901.97, 121.9, 0.0, 0.0
20210325155903.05, 121.9, 0.0, 0.0
20210325155904.11, 121.9, 0.0, 0.0
20210325155905.2, 121.9, 0.0, 0.0
20210325155906.29, 121.9, 0.0, 0.0
20210325155907.37, 121.9, 0.0, 0.0
20210325155908.43, 121.9, 0.0, 0.0
20210325155909.53, 121.9, 0.0, 0.0
20210325155910.64, 121.9, 0.0, 0.0
20210325155911.71, 121.9, 0.0, 0.0
20210325155912.75, 121.8, 0.0, 0.0
20210325155913.84, 121.8, 0.0, 0.0
20210325155914.93, 121.8, 0.0, 0.0
20210325155915.99, 121.8, 0.0, 0.0
20210325155917.09, 121.8, 0.0, 0.0
20210325155918.13, 121.8, 0.0, 0.0
20210325155919.23, 121.8, 0.0, 0.0
20210325155920.3, 121.8, 0.0, 0.0
20210325155921.42, 121.8, 0.0, 0.0
20210325155922.46, 121.8, 0.0, 0.0
20210325155923.55, 121.8, 0.0, 0.0
20210325155924.62, 121.8, 0.0, 0.0
20210325155925.71, 121.8, 0.0, 0.0
20210325155926.78, 121.8, 0.0, 0.0
20210325155927.83, 121.8, 0.0, 0.0
20210325155928.93, 121.8, 0.0, 0.0
20210325155930.03, 121.8, 0.0, 0.0
20210325155931.09, 121.8, 0.0, 0.0
20210325155932.15, 121.8, 0.0, 0.0
20210325155933.23, 121.8, 0.0, 0.0
20210325155934.27, 121.8, 0.0, 0.0
20210325155935.38, 121.8, 0.0, 0.0
20210325155936.47, 121.8, 0.0, 0.0
20210325155937.57, 121.8, 0.0, 0.0
20210325155938.65, 121.7, 0.0, 0.0
20210325155939.74, 121.7, 0.0, 0.0
20210325155940.85, 121.7, 0.0, 0.0
20210325155941.91, 121.7, 0.0, 0.0
20210325155943.01, 121.7, 0.0, 0.0
20210325155944.07, 121.7, 0.0, 0.0
20210325155945.18, 121.7, 0.0, 0.0
20210325155946.24, 121.7, 0.0, 0.0
20210325155947.31, 121.7, 0.0, 0.0
20210325155948.38, 121.7, 0.0, 0.0
20210325155949.49, 121.8, 0.0, 0.0
20210325155950.57, 121.8, 0.0, 0.0
20210325155951.65, 121.8, 0.0, 0.0
20210325155952.71, 121.8, 0.0, 0.0
20210325155953.83, 121.8, 0.0, 0.0
20210325155954.88, 121.8, 0.0, 0.0
20210325155955.96, 121.8, 0.0, 0.0
20210325155957.04, 121.8, 0.0, 0.0
20210325155958.11, 121.8, 0.0, 0.0
20210325155959.19, 121.8, 0.0, 0.0
