time,voltage,current,power
20210328140001.05, 121.5, 0.0, 0.0
20210328140002.14, 121.5, 0.0, 0.0
20210328140003.22, 121.5, 0.0, 0.0
20210328140004.3, 121.5, 0.0, 0.0
20210328140005.36, 121.4, 0.0, 0.0
20210328140006.48, 121.4, 0.0, 0.0
20210328140007.58, 121.4, 0.0, 0.0
20210328140008.7, 121.4, 0.0, 0.0
20210328140009.79, 121.4, 0.0, 0.0
20210328140010.89, 121.4, 0.0, 0.0
20210328140011.98, 121.4, 0.0, 0.0
20210328140013.08, 121.4, 0.0, 0.0
20210328140014.17, 121.4, 0.0, 0.0
20210328140015.25, 121.4, 0.0, 0.0
20210328140016.3, 121.4, 0.0, 0.0
20210328140017.36, 121.4, 0.0, 0.0
20210328140018.42, 121.5, 0.0, 0.0
20210328140019.49, 121.5, 0.0, 0.0
20210328140020.65, 121.5, 0.0, 0.0
20210328140021.76, 121.5, 0.0, 0.0
20210328140022.84, 121.5, 0.0, 0.0
20210328140023.9, 121.5, 0.0, 0.0
20210328140025.03, 121.5, 0.0, 0.0
20210328140026.16, 121.5, 0.0, 0.0
20210328140027.27, 121.5, 0.0, 0.0
20210328140028.31, 121.5, 0.0, 0.0
20210328140029.38, 121.5, 0.0, 0.0
20210328140030.48, 121.5, 0.0, 0.0
20210328140031.6, 121.5, 0.0, 0.0
20210328140032.7, 121.5, 0.0, 0.0
20210328140033.79, 121.5, 0.0, 0.0
20210328140034.87, 121.5, 0.0, 0.0
20210328140035.93, 121.5, 0.0, 0.0
20210328140036.97, 121.5, 0.0, 0.0
20210328140038.07, 121.5, 0.0, 0.0
20210328140039.21, 121.5, 0.0, 0.0
20210328140040.28, 121.6, 0.0, 0.0
20210328140041.34, 121.6, 0.0, 0.0
20210328140042.44, 121.5, 0.0, 0.0
20210328140043.54, 121.5, 0.0, 0.0
20210328140044.61, 121.5, 0.0, 0.0
20210328140045.72, 121.5, 0.0, 0.0
20210328140046.79, 121.5, 0.0, 0.0
20210328140047.84, 121.5, 0.0, 0.0
20210328140048.91, 121.5, 0.0, 0.0
20210328140049.96, 121.5, 0.0, 0.0
20210328140051.09, 121.5, 0.0, 0.0
20210328140052.2, 121.5, 0.0, 0.0
20210328140053.29, 121.5, 0.0, 0.0
20210328140054.35, 121.5, 0.0, 0.0
20210328140055.41, 121.5, 0.0, 0.0
20210328140056.5, 121.5, 0.0, 0.0
20210328140057.55, 121.3, 0.0, 0.0
20210328140058.75, 121.3, 0.0, 0.0
20210328140059.83, 121.3, 0.0, 0.0
20210328140100.88, 121.3, 0.0, 0.0
20210328140101.95, 121.3, 0.0, 0.0
20210328140103.05, 121.4, 0.0, 0.0
20210328140104.18, 121.4, 0.0, 0.0
20210328140105.27, 121.4, 0.0, 0.0
20210328140106.33, 121.4, 0.0, 0.0
20210328140107.39, 121.5, 0.0, 0.0
20210328140108.43, 121.5, 0.0, 0.0
20210328140109.54, 121.5, 0.0, 0.0
20210328140110.67, 121.5, 0.0, 0.0
20210328140111.78, 121.5, 0.0, 0.0
20210328140112.86, 121.5, 0.0, 0.0
20210328140113.95, 121.5, 0.0, 0.0
20210328140115.03, 121.5, 0.0, 0.0
20210328140116.12, 121.5, 0.0, 0.0
20210328140117.2, 121.5, 0.0, 0.0
20210328140118.32, 121.5, 0.0, 0.0
20210328140119.37, 121.5, 0.0, 0.0
20210328140120.43, 121.5, 0.0, 0.0
20210328140121.48, 121.5, 0.0, 0.0
20210328140122.6, 121.5, 0.0, 0.0
20210328140123.66, 121.4, 0.0, 0.0
20210328140124.7, 121.4, 0.0, 0.0
20210328140125.82, 121.5, 0.0, 0.0
20210328140126.88, 121.5, 0.0, 0.0
20210328140128.01, 121.4, 0.0, 0.0
20210328140129.07, 121.4, 0.0, 0.0
20210328140130.13, 121.4, 0.0, 0.0
20210328140131.24, 121.4, 0.0, 0.0
20210328140132.29, 121.4, 0.0, 0.0
20210328140133.38, 121.4, 0.0, 0.0
20210328140134.49, 121.5, 0.0, 0.0
20210328140135.57, 121.5, 0.0, 0.0
20210328140136.61, 121.4, 0.0, 0.0
20210328140137.72, 121.4, 0.0, 0.0
20210328140138.85, 121.5, 0.0, 0.0
20210328140139.9, 121.5, 0.0, 0.0
20210328140141.02, 121.5, 0.0, 0.0
20210328140142.12, 121.5, 0.0, 0.0
20210328140143.18, 121.5, 0.0, 0.0
20210328140144.23, 121.5, 0.0, 0.0
20210328140145.34, 121.5, 0.0, 0.0
20210328140146.39, 121.5, 0.0, 0.0
20210328140147.49, 121.5, 0.0, 0.0
20210328140148.53, 121.4, 0.0, 0.0
20210328140149.6, 121.4, 0.0, 0.0
20210328140150.7, 121.4, 0.0, 0.0
20210328140151.8, 121.4, 0.0, 0.0
20210328140152.88, 121.4, 0.0, 0.0
20210328140153.97, 121.4, 0.0, 0.0
20210328140155.06, 121.4, 0.0, 0.0
20210328140156.12, 121.4, 0.0, 0.0
20210328140157.19, 121.5, 0.0, 0.0
20210328140158.28, 121.5, 0.0, 0.0
20210328140159.38, 121.5, 0.0, 0.0
20210328140200.49, 121.5, 0.0, 0.0
20210328140201.59, 121.5, 0.0, 0.0
20210328140202.65, 121.4, 0.0, 0.0
20210328140203.76, 121.4, 0.0, 0.0
20210328140204.81, 121.4, 0.0, 0.0
20210328140205.88, 121.4, 0.0, 0.0
20210328140207.01, 121.5, 0.0, 0.0
20210328140208.09, 121.5, 0.0, 0.0
20210328140209.18, 121.5, 0.0, 0.0
20210328140210.28, 121.5, 0.0, 0.0
20210328140211.32, 121.5, 0.0, 0.0
20210328140212.42, 121.5, 0.0, 0.0
20210328140213.46, 121.5, 0.0, 0.0
20210328140214.61, 121.5, 0.0, 0.0
20210328140215.68, 121.5, 0.0, 0.0
20210328140216.74, 121.5, 0.0, 0.0
20210328140217.87, 121.5, 0.0, 0.0
20210328140218.91, 121.5, 0.0, 0.0
20210328140219.98, 121.5, 0.0, 0.0
20210328140221.03, 121.5, 0.0, 0.0
20210328140222.07, 121.5, 0.0, 0.0
20210328140223.11, 121.5, 0.0, 0.0
20210328140224.24, 121.5, 0.0, 0.0
20210328140225.34, 121.5, 0.0, 0.0
20210328140226.39, 121.5, 0.0, 0.0
20210328140227.47, 121.5, 0.0, 0.0
20210328140228.55, 121.5, 0.0, 0.0
20210328140229.61, 121.5, 0.0, 0.0
20210328140230.73, 121.5, 0.0, 0.0
20210328140231.83, 121.4, 0.0, 0.0
20210328140232.89, 121.4, 0.0, 0.0
20210328140233.93, 121.5, 0.0, 0.0
20210328140234.99, 121.5, 0.0, 0.0
20210328140236.05, 121.4, 0.0, 0.0
20210328140237.15, 121.4, 0.0, 0.0
20210328140238.24, 121.4, 0.0, 0.0
20210328140239.29, 121.4, 0.0, 0.0
20210328140240.36, 121.4, 0.0, 0.0
20210328140241.45, 121.4, 0.0, 0.0
20210328140242.57, 121.4, 0.0, 0.0
20210328140243.64, 121.4, 0.0, 0.0
20210328140244.74, 121.4, 0.0, 0.0
20210328140245.82, 121.4, 0.0, 0.0
20210328140246.93, 121.4, 0.0, 0.0
20210328140247.98, 121.4, 0.0, 0.0
20210328140249.07, 121.4, 0.0, 0.0
20210328140250.16, 121.4, 0.0, 0.0
20210328140251.28, 121.4, 0.0, 0.0
20210328140252.32, 121.5, 0.0, 0.0
20210328140253.42, 121.5, 0.0, 0.0
20210328140254.52, 121.5, 0.0, 0.0
20210328140255.56, 121.5, 0.0, 0.0
20210328140256.61, 121.5, 0.0, 0.0
20210328140257.73, 121.5, 0.0, 0.0
20210328140258.77, 121.6, 0.0, 0.0
20210328140259.86, 121.6, 0.0, 0.0
20210328140300.92, 121.6, 0.0, 0.0
20210328140302.12, 121.5, 0.0, 0.0
20210328140303.19, 121.5, 0.0, 0.0
20210328140304.29, 121.5, 0.0, 0.0
20210328140305.38, 121.5, 0.0, 0.0
20210328140306.41, 121.5, 0.0, 0.0
20210328140307.51, 121.5, 0.0, 0.0
20210328140308.56, 121.5, 0.0, 0.0
20210328140309.62, 121.5, 0.0, 0.0
20210328140310.67, 121.5, 0.0, 0.0
20210328140311.72, 121.5, 0.0, 0.0
20210328140312.77, 121.1, 0.0, 0.0
20210328140313.86, 121.1, 0.0, 0.0
20210328140314.96, 121.6, 0.0, 0.0
20210328140316.08, 121.6, 0.0, 0.0
20210328140317.15, 121.5, 0.0, 0.0
20210328140318.22, 121.5, 0.0, 0.0
20210328140319.3, 121.6, 0.0, 0.0
20210328140320.34, 121.6, 0.0, 0.0
20210328140321.41, 121.5, 0.0, 0.0
20210328140322.65, 121.5, 0.0, 0.0
20210328140323.71, 121.5, 0.0, 0.0
20210328140324.78, 121.5, 0.0, 0.0
20210328140325.86, 121.5, 0.0, 0.0
20210328140326.89, 121.5, 0.0, 0.0
20210328140328.03, 121.5, 0.0, 0.0
20210328140329.12, 121.6, 0.0, 0.0
20210328140330.24, 121.6, 0.0, 0.0
20210328140331.29, 121.6, 0.0, 0.0
20210328140332.35, 121.6, 0.0, 0.0
20210328140333.39, 121.6, 0.0, 0.0
20210328140334.45, 121.6, 0.0, 0.0
20210328140335.51, 121.6, 0.0, 0.0
20210328140336.59, 121.6, 0.0, 0.0
20210328140337.63, 121.5, 0.0, 0.0
20210328140338.73, 121.5, 0.0, 0.0
20210328140339.83, 121.5, 0.0, 0.0
20210328140340.88, 121.5, 0.0, 0.0
20210328140341.92, 121.5, 0.0, 0.0
20210328140343.03, 121.5, 0.0, 0.0
20210328140344.11, 121.5, 0.0, 0.0
20210328140345.24, 121.5, 0.0, 0.0
20210328140346.28, 121.5, 0.0, 0.0
20210328140347.36, 121.5, 0.0, 0.0
20210328140348.42, 121.5, 0.0, 0.0
20210328140349.53, 121.5, 0.0, 0.0
20210328140350.66, 121.5, 0.0, 0.0
20210328140351.75, 121.5, 0.0, 0.0
20210328140352.82, 121.5, 0.0, 0.0
20210328140353.88, 121.5, 0.0, 0.0
20210328140354.93, 121.5, 0.0, 0.0
20210328140356.02, 121.6, 0.0, 0.0
20210328140357.1, 121.6, 0.0, 0.0
20210328140358.16, 121.5, 0.0, 0.0
20210328140359.21, 121.5, 0.0, 0.0
20210328140400.29, 121.5, 0.0, 0.0
20210328140401.34, 121.5, 0.0, 0.0
20210328140402.38, 121.5, 0.0, 0.0
20210328140403.48, 121.5, 0.0, 0.0
20210328140404.57, 121.5, 0.0, 0.0
20210328140405.71, 121.5, 0.0, 0.0
20210328140406.83, 121.5, 0.0, 0.0
20210328140407.89, 121.5, 0.0, 0.0
20210328140409.0, 121.5, 0.0, 0.0
20210328140410.09, 121.5, 0.0, 0.0
20210328140411.18, 121.5, 0.0, 0.0
20210328140412.27, 121.5, 0.0, 0.0
20210328140413.34, 121.5, 0.0, 0.0
20210328140414.45, 121.5, 0.0, 0.0
20210328140415.53, 121.5, 0.0, 0.0
20210328140416.59, 121.5, 0.0, 0.0
20210328140417.66, 121.5, 0.0, 0.0
20210328140418.76, 121.5, 0.0, 0.0
20210328140419.86, 121.5, 0.0, 0.0
20210328140420.96, 121.5, 0.0, 0.0
20210328140422.07, 121.5, 0.0, 0.0
20210328140423.2, 121.5, 0.0, 0.0
20210328140424.29, 121.5, 0.0, 0.0
20210328140425.41, 121.5, 0.0, 0.0
20210328140426.52, 121.5, 0.0, 0.0
20210328140427.62, 121.5, 0.0, 0.0
20210328140428.71, 121.5, 0.0, 0.0
20210328140429.81, 121.5, 0.0, 0.0
20210328140430.86, 121.5, 0.0, 0.0
20210328140431.96, 121.5, 0.0, 0.0
20210328140433.02, 121.5, 0.0, 0.0
20210328140434.08, 121.5, 0.0, 0.0
20210328140435.18, 121.5, 0.0, 0.0
20210328140436.28, 121.5, 0.0, 0.0
20210328140437.36, 121.5, 0.0, 0.0
20210328140438.41, 121.5, 0.0, 0.0
20210328140439.52, 121.5, 0.0, 0.0
20210328140440.64, 121.5, 0.0, 0.0
20210328140441.75, 121.5, 0.0, 0.0
20210328140442.84, 121.5, 0.0, 0.0
20210328140443.92, 121.5, 0.0, 0.0
20210328140444.97, 121.5, 0.0, 0.0
20210328140446.07, 121.5, 0.0, 0.0
20210328140447.18, 121.5, 0.0, 0.0
20210328140448.24, 121.5, 0.0, 0.0
20210328140449.29, 121.5, 0.0, 0.0
20210328140450.34, 121.5, 0.0, 0.0
20210328140451.46, 121.5, 0.0, 0.0
20210328140452.57, 121.5, 0.0, 0.0
20210328140453.69, 121.5, 0.0, 0.0
20210328140454.81, 121.5, 0.0, 0.0
20210328140455.87, 121.5, 0.0, 0.0
20210328140456.99, 121.5, 0.0, 0.0
20210328140458.11, 121.5, 0.0, 0.0
20210328140459.23, 121.5, 0.0, 0.0
20210328140500.34, 121.5, 0.0, 0.0
20210328140501.45, 121.5, 0.0, 0.0
20210328140502.51, 121.5, 0.0, 0.0
20210328140503.61, 121.5, 0.0, 0.0
20210328140504.72, 121.5, 0.0, 0.0
20210328140505.84, 121.5, 0.0, 0.0
20210328140506.93, 121.5, 0.0, 0.0
20210328140508.04, 121.5, 0.0, 0.0
20210328140509.14, 121.5, 0.0, 0.0
20210328140510.18, 121.5, 0.0, 0.0
20210328140511.29, 121.5, 0.0, 0.0
20210328140512.33, 121.5, 0.0, 0.0
20210328140513.39, 121.5, 0.0, 0.0
20210328140514.51, 121.5, 0.0, 0.0
20210328140515.57, 121.5, 0.0, 0.0
20210328140516.69, 121.5, 0.0, 0.0
20210328140517.79, 121.5, 0.0, 0.0
20210328140518.92, 121.5, 0.0, 0.0
20210328140519.98, 121.5, 0.0, 0.0
20210328140521.08, 121.5, 0.0, 0.0
20210328140522.21, 121.5, 0.0, 0.0
20210328140523.33, 121.5, 0.0, 0.0
20210328140524.38, 121.5, 0.0, 0.0
20210328140525.44, 121.5, 0.0, 0.0
20210328140526.48, 121.6, 0.0, 0.0
20210328140527.59, 121.6, 0.0, 0.0
20210328140528.72, 121.6, 0.0, 0.0
20210328140529.82, 121.6, 0.0, 0.0
20210328140530.87, 121.5, 0.0, 0.0
20210328140531.98, 121.5, 0.0, 0.0
20210328140533.07, 121.6, 0.0, 0.0
20210328140534.18, 121.6, 0.0, 0.0
20210328140535.26, 121.5, 0.0, 0.0
20210328140536.31, 121.5, 0.0, 0.0
20210328140537.43, 121.6, 0.0, 0.0
20210328140538.54, 121.6, 0.0, 0.0
20210328140539.66, 121.6, 0.0, 0.0
20210328140540.77, 121.5, 0.0, 0.0
20210328140541.84, 121.5, 0.0, 0.0
20210328140542.88, 121.5, 0.0, 0.0
20210328140543.97, 121.5, 0.0, 0.0
20210328140545.05, 121.5, 0.0, 0.0
20210328140546.13, 121.5, 0.0, 0.0
20210328140547.17, 121.5, 0.0, 0.0
20210328140548.24, 121.5, 0.0, 0.0
20210328140549.32, 121.5, 0.0, 0.0
20210328140550.37, 121.5, 0.0, 0.0
20210328140551.48, 121.5, 0.0, 0.0
20210328140552.58, 121.5, 0.0, 0.0
20210328140553.69, 121.5, 0.0, 0.0
20210328140554.82, 121.5, 0.0, 0.0
20210328140555.94, 121.5, 0.0, 0.0
20210328140557.08, 121.5, 0.0, 0.0
20210328140558.17, 121.5, 0.0, 0.0
20210328140559.26, 121.6, 0.0, 0.0
20210328140600.32, 121.6, 0.0, 0.0
20210328140601.37, 121.6, 0.0, 0.0
20210328140602.47, 121.6, 0.0, 0.0
20210328140603.52, 121.6, 0.0, 0.0
20210328140604.61, 121.6, 0.0, 0.0
20210328140605.68, 121.6, 0.0, 0.0
20210328140606.8, 121.6, 0.0, 0.0
20210328140607.87, 121.6, 0.0, 0.0
20210328140608.98, 121.6, 0.0, 0.0
20210328140610.07, 121.6, 0.0, 0.0
20210328140611.2, 121.6, 0.0, 0.0
20210328140612.24, 121.6, 0.0, 0.0
20210328140613.34, 121.6, 0.0, 0.0
20210328140614.45, 121.6, 0.0, 0.0
20210328140615.51, 121.5, 0.0, 0.0
20210328140616.56, 121.5, 0.0, 0.0
20210328140617.67, 121.6, 0.0, 0.0
20210328140618.75, 121.6, 0.0, 0.0
20210328140619.83, 121.5, 0.0, 0.0
20210328140620.89, 121.5, 0.0, 0.0
20210328140621.95, 121.5, 0.0, 0.0
20210328140623.02, 121.5, 0.0, 0.0
20210328140624.11, 121.5, 0.0, 0.0
20210328140625.25, 121.5, 0.0, 0.0
20210328140626.32, 121.5, 0.0, 0.0
20210328140627.43, 121.5, 0.0, 0.0
20210328140628.52, 121.5, 0.0, 0.0
20210328140629.66, 121.5, 0.0, 0.0
20210328140630.72, 121.5, 0.0, 0.0
20210328140631.83, 121.5, 0.0, 0.0
20210328140632.87, 121.5, 0.0, 0.0
20210328140634.0, 121.5, 0.0, 0.0
20210328140635.06, 121.5, 0.0, 0.0
20210328140636.15, 121.5, 0.0, 0.0
20210328140637.28, 121.5, 0.0, 0.0
20210328140638.34, 121.5, 0.0, 0.0
20210328140639.39, 121.5, 0.0, 0.0
20210328140640.44, 121.5, 0.0, 0.0
20210328140641.53, 121.5, 0.0, 0.0
20210328140642.62, 121.5, 0.0, 0.0
20210328140643.68, 121.5, 0.0, 0.0
20210328140644.73, 121.6, 0.0, 0.0
20210328140645.79, 121.6, 0.0, 0.0
20210328140646.86, 121.5, 0.0, 0.0
20210328140647.95, 121.5, 0.0, 0.0
20210328140649.06, 121.5, 0.0, 0.0
20210328140650.19, 121.5, 0.0, 0.0
20210328140651.28, 121.5, 0.0, 0.0
20210328140652.34, 121.5, 0.0, 0.0
20210328140653.4, 121.6, 0.0, 0.0
20210328140654.53, 121.5, 0.0, 0.0
20210328140655.64, 121.5, 0.0, 0.0
20210328140656.76, 121.6, 0.0, 0.0
20210328140657.86, 121.6, 0.0, 0.0
20210328140658.92, 121.6, 0.0, 0.0
20210328140659.98, 121.6, 0.0, 0.0
20210328140701.06, 121.6, 0.0, 0.0
20210328140702.14, 121.6, 0.0, 0.0
20210328140703.23, 121.6, 0.0, 0.0
20210328140704.29, 121.6, 0.0, 0.0
20210328140705.37, 121.5, 0.0, 0.0
20210328140706.47, 121.5, 0.0, 0.0
20210328140707.5, 121.6, 0.0, 0.0
20210328140708.6, 121.6, 0.0, 0.0
20210328140709.71, 121.5, 0.0, 0.0
20210328140710.83, 121.5, 0.0, 0.0
20210328140711.87, 121.5, 0.0, 0.0
20210328140713.04, 121.5, 0.0, 0.0
20210328140714.1, 121.5, 0.0, 0.0
20210328140715.15, 121.5, 0.0, 0.0
20210328140716.27, 121.5, 0.0, 0.0
20210328140717.32, 121.6, 0.0, 0.0
20210328140718.4, 121.6, 0.0, 0.0
20210328140719.46, 121.6, 0.0, 0.0
20210328140720.54, 121.6, 0.0, 0.0
20210328140721.59, 121.6, 0.0, 0.0
20210328140722.66, 121.6, 0.0, 0.0
20210328140723.73, 121.6, 0.0, 0.0
20210328140724.78, 121.6, 0.0, 0.0
20210328140725.84, 121.5, 0.0, 0.0
20210328140726.9, 121.5, 0.0, 0.0
20210328140727.96, 121.6, 0.0, 0.0
20210328140729.04, 121.6, 0.0, 0.0
20210328140730.14, 121.5, 0.0, 0.0
20210328140731.21, 121.5, 0.0, 0.0
20210328140732.29, 121.5, 0.0, 0.0
20210328140733.37, 121.5, 0.0, 0.0
20210328140734.41, 121.5, 0.0, 0.0
20210328140735.64, 121.5, 0.0, 0.0
20210328140736.7, 121.5, 0.0, 0.0
20210328140737.79, 121.5, 0.0, 0.0
20210328140738.84, 121.5, 0.0, 0.0
20210328140739.93, 121.5, 0.0, 0.0
20210328140740.98, 121.5, 0.0, 0.0
20210328140742.04, 121.5, 0.0, 0.0
20210328140743.19, 121.5, 0.0, 0.0
20210328140744.25, 121.6, 0.0, 0.0
20210328140745.34, 121.6, 0.0, 0.0
20210328140746.46, 121.5, 0.0, 0.0
20210328140747.57, 121.5, 0.0, 0.0
20210328140748.68, 121.5, 0.0, 0.0
20210328140749.81, 121.5, 0.0, 0.0
20210328140750.88, 121.5, 0.0, 0.0
20210328140751.93, 121.5, 0.0, 0.0
20210328140753.02, 121.5, 0.0, 0.0
20210328140754.12, 121.6, 0.0, 0.0
20210328140755.21, 121.6, 0.0, 0.0
20210328140756.27, 121.6, 0.0, 0.0
20210328140757.36, 121.6, 0.0, 0.0
20210328140758.47, 121.6, 0.0, 0.0
20210328140759.55, 121.6, 0.0, 0.0
20210328140800.61, 121.6, 0.0, 0.0
20210328140801.73, 121.6, 0.0, 0.0
20210328140802.83, 121.6, 0.0, 0.0
20210328140803.95, 121.6, 0.0, 0.0
20210328140805.09, 121.6, 0.0, 0.0
20210328140806.19, 121.6, 0.0, 0.0
20210328140807.25, 121.6, 0.0, 0.0
20210328140808.32, 121.6, 0.0, 0.0
20210328140809.38, 121.5, 0.0, 0.0
20210328140810.47, 121.5, 0.0, 0.0
20210328140811.53, 121.5, 0.0, 0.0
20210328140812.62, 121.5, 0.0, 0.0
20210328140813.71, 121.5, 0.0, 0.0
20210328140814.82, 121.5, 0.0, 0.0
20210328140815.88, 121.5, 0.0, 0.0
20210328140816.92, 121.5, 0.0, 0.0
20210328140817.98, 121.5, 0.0, 0.0
20210328140819.06, 121.5, 0.0, 0.0
20210328140820.21, 121.5, 0.0, 0.0
20210328140821.28, 121.4, 0.0, 0.0
20210328140822.34, 121.4, 0.0, 0.0
20210328140823.42, 121.5, 0.0, 0.0
20210328140824.52, 121.5, 0.0, 0.0
20210328140825.63, 121.4, 0.0, 0.0
20210328140826.72, 121.4, 0.0, 0.0
20210328140827.81, 121.4, 0.0, 0.0
20210328140828.88, 121.4, 0.0, 0.0
20210328140829.94, 121.5, 0.0, 0.0
20210328140831.02, 121.5, 0.0, 0.0
20210328140832.09, 121.5, 0.0, 0.0
20210328140833.21, 121.5, 0.0, 0.0
20210328140834.32, 121.5, 0.0, 0.0
20210328140835.39, 121.5, 0.0, 0.0
20210328140836.49, 121.5, 0.0, 0.0
20210328140837.55, 121.5, 0.0, 0.0
20210328140838.64, 121.5, 0.0, 0.0
20210328140839.69, 121.5, 0.0, 0.0
20210328140840.75, 121.5, 0.0, 0.0
20210328140841.84, 121.5, 0.0, 0.0
20210328140842.9, 121.5, 0.0, 0.0
20210328140843.95, 121.6, 0.0, 0.0
20210328140845.07, 121.6, 0.0, 0.0
20210328140846.14, 121.5, 0.0, 0.0
20210328140847.25, 121.5, 0.0, 0.0
20210328140848.29, 121.6, 0.0, 0.0
20210328140849.37, 121.6, 0.0, 0.0
20210328140850.48, 121.5, 0.0, 0.0
20210328140851.57, 121.5, 0.0, 0.0
20210328140852.68, 121.5, 0.0, 0.0
20210328140853.73, 121.5, 0.0, 0.0
20210328140854.87, 121.5, 0.0, 0.0
20210328140855.98, 121.6, 0.0, 0.0
20210328140857.07, 121.6, 0.0, 0.0
20210328140858.16, 121.5, 0.0, 0.0
20210328140859.22, 121.5, 0.0, 0.0
20210328140900.27, 121.5, 0.0, 0.0
20210328140901.32, 121.5, 0.0, 0.0
20210328140902.4, 121.5, 0.0, 0.0
20210328140903.45, 121.5, 0.0, 0.0
20210328140904.55, 121.5, 0.0, 0.0
20210328140905.66, 121.5, 0.0, 0.0
20210328140906.77, 121.5, 0.0, 0.0
20210328140907.82, 121.5, 0.0, 0.0
20210328140908.92, 121.5, 0.0, 0.0
20210328140910.0, 121.5, 0.0, 0.0
20210328140911.07, 121.5, 0.0, 0.0
20210328140912.16, 121.5, 0.0, 0.0
20210328140913.27, 121.5, 0.0, 0.0
20210328140914.31, 121.5, 0.0, 0.0
20210328140915.44, 121.5, 0.0, 0.0
20210328140916.48, 121.5, 0.0, 0.0
20210328140917.59, 121.5, 0.0, 0.0
20210328140918.64, 121.5, 0.0, 0.0
20210328140919.77, 121.5, 0.0, 0.0
20210328140920.83, 121.6, 0.0, 0.0
20210328140921.92, 121.6, 0.0, 0.0
20210328140922.97, 121.6, 0.0, 0.0
20210328140924.05, 121.6, 0.0, 0.0
20210328140925.14, 121.5, 0.0, 0.0
20210328140926.24, 121.5, 0.0, 0.0
20210328140927.32, 121.5, 0.0, 0.0
20210328140928.37, 121.5, 0.0, 0.0
20210328140929.42, 121.5, 0.0, 0.0
20210328140930.52, 121.5, 0.0, 0.0
20210328140931.57, 121.5, 0.0, 0.0
20210328140932.62, 121.5, 0.0, 0.0
20210328140933.72, 121.6, 0.0, 0.0
20210328140934.83, 121.6, 0.0, 0.0
20210328140935.87, 121.6, 0.0, 0.0
20210328140937.0, 121.6, 0.0, 0.0
20210328140938.09, 121.6, 0.0, 0.0
20210328140939.18, 121.5, 0.0, 0.0
20210328140940.25, 121.5, 0.0, 0.0
20210328140941.3, 121.5, 0.0, 0.0
20210328140942.36, 121.5, 0.0, 0.0
20210328140943.41, 121.5, 0.0, 0.0
20210328140944.48, 121.5, 0.0, 0.0
20210328140945.59, 121.5, 0.0, 0.0
20210328140946.63, 121.5, 0.0, 0.0
20210328140947.69, 121.5, 0.0, 0.0
20210328140948.81, 121.5, 0.0, 0.0
20210328140949.89, 121.5, 0.0, 0.0
20210328140950.98, 121.5, 0.0, 0.0
20210328140952.09, 121.5, 0.0, 0.0
20210328140953.21, 121.5, 0.0, 0.0
20210328140954.3, 121.6, 0.0, 0.0
20210328140955.35, 121.6, 0.0, 0.0
20210328140956.39, 121.5, 0.0, 0.0
20210328140957.45, 121.5, 0.0, 0.0
20210328140958.62, 121.5, 0.0, 0.0
20210328140959.76, 121.5, 0.0, 0.0
20210328141000.83, 121.5, 0.0, 0.0
20210328141001.89, 121.4, 0.0, 0.0
20210328141002.95, 121.4, 0.0, 0.0
20210328141004.0, 121.5, 0.0, 0.0
20210328141005.08, 121.5, 0.0, 0.0
20210328141006.16, 121.5, 0.0, 0.0
20210328141007.3, 121.5, 0.0, 0.0
20210328141008.35, 121.5, 0.0, 0.0
20210328141009.45, 121.5, 0.0, 0.0
20210328141010.49, 121.5, 0.0, 0.0
20210328141011.61, 121.5, 0.0, 0.0
20210328141012.73, 121.5, 0.0, 0.0
20210328141013.83, 121.5, 0.0, 0.0
20210328141014.91, 121.5, 0.0, 0.0
20210328141016.04, 121.5, 0.0, 0.0
20210328141017.11, 121.5, 0.0, 0.0
20210328141018.23, 121.5, 0.0, 0.0
20210328141019.34, 121.5, 0.0, 0.0
20210328141020.38, 121.5, 0.0, 0.0
20210328141021.44, 121.5, 0.0, 0.0
20210328141022.5, 121.5, 0.0, 0.0
20210328141023.61, 121.5, 0.0, 0.0
20210328141024.71, 121.5, 0.0, 0.0
20210328141025.82, 121.5, 0.0, 0.0
20210328141026.9, 121.5, 0.0, 0.0
20210328141028.03, 121.5, 0.0, 0.0
20210328141029.13, 121.5, 0.0, 0.0
20210328141030.22, 121.5, 0.0, 0.0
20210328141031.33, 121.5, 0.0, 0.0
20210328141032.38, 121.5, 0.0, 0.0
20210328141033.44, 121.5, 0.0, 0.0
20210328141034.5, 121.5, 0.0, 0.0
20210328141035.61, 121.5, 0.0, 0.0
20210328141036.71, 121.5, 0.0, 0.0
20210328141037.8, 121.5, 0.0, 0.0
20210328141038.84, 121.4, 0.0, 0.0
20210328141039.88, 121.4, 0.0, 0.0
20210328141040.98, 121.5, 0.0, 0.0
20210328141042.04, 121.5, 0.0, 0.0
20210328141043.13, 121.5, 0.0, 0.0
20210328141044.27, 121.5, 0.0, 0.0
20210328141045.36, 121.5, 0.0, 0.0
20210328141046.48, 121.5, 0.0, 0.0
20210328141047.52, 121.5, 0.0, 0.0
20210328141048.62, 121.5, 0.0, 0.0
20210328141049.73, 121.5, 0.0, 0.0
20210328141050.79, 121.5, 0.0, 0.0
20210328141051.86, 121.5, 0.0, 0.0
20210328141053.08, 121.5, 0.0, 0.0
20210328141054.16, 121.5, 0.0, 0.0
20210328141055.2, 121.5, 0.0, 0.0
20210328141056.25, 121.5, 0.0, 0.0
20210328141057.3, 121.5, 0.0, 0.0
20210328141058.35, 121.5, 0.0, 0.0
20210328141059.43, 121.5, 0.0, 0.0
20210328141100.56, 121.5, 0.0, 0.0
20210328141101.65, 121.5, 0.0, 0.0
20210328141102.71, 121.5, 0.0, 0.0
20210328141103.83, 121.5, 0.0, 0.0
20210328141104.94, 121.5, 0.0, 0.0
20210328141106.02, 121.5, 0.0, 0.0
20210328141107.16, 121.5, 0.0, 0.0
20210328141108.27, 121.5, 0.0, 0.0
20210328141109.36, 121.5, 0.0, 0.0
20210328141110.45, 121.5, 0.0, 0.0
20210328141111.59, 121.5, 0.0, 0.0
20210328141112.64, 121.5, 0.0, 0.0
20210328141113.77, 121.5, 0.0, 0.0
20210328141114.86, 121.5, 0.0, 0.0
20210328141115.95, 121.5, 0.0, 0.0
20210328141116.98, 121.5, 0.0, 0.0
20210328141118.08, 121.4, 0.0, 0.0
20210328141119.2, 121.4, 0.0, 0.0
20210328141120.29, 121.5, 0.0, 0.0
20210328141121.37, 121.5, 0.0, 0.0
20210328141122.47, 121.5, 0.0, 0.0
20210328141123.59, 121.5, 0.0, 0.0
20210328141124.64, 121.5, 0.0, 0.0
20210328141125.76, 121.5, 0.0, 0.0
20210328141126.85, 121.5, 0.0, 0.0
20210328141127.97, 121.5, 0.0, 0.0
20210328141129.12, 121.5, 0.0, 0.0
20210328141130.2, 121.5, 0.0, 0.0
20210328141131.3, 121.5, 0.0, 0.0
20210328141132.41, 121.5, 0.0, 0.0
20210328141133.46, 121.5, 0.0, 0.0
20210328141134.54, 121.5, 0.0, 0.0
20210328141135.64, 121.5, 0.0, 0.0
20210328141136.77, 121.5, 0.0, 0.0
20210328141137.84, 121.5, 0.0, 0.0
20210328141138.95, 121.5, 0.0, 0.0
20210328141140.05, 121.5, 0.0, 0.0
20210328141141.1, 121.5, 0.0, 0.0
20210328141142.23, 121.5, 0.0, 0.0
20210328141143.34, 121.5, 0.0, 0.0
20210328141144.38, 121.5, 0.0, 0.0
20210328141145.45, 121.5, 0.0, 0.0
20210328141146.65, 121.5, 0.0, 0.0
20210328141147.7, 121.5, 0.0, 0.0
20210328141148.77, 121.5, 0.0, 0.0
20210328141149.83, 121.5, 0.0, 0.0
20210328141150.92, 121.5, 0.0, 0.0
20210328141152.03, 121.5, 0.0, 0.0
20210328141153.11, 121.5, 0.0, 0.0
20210328141154.2, 121.5, 0.0, 0.0
20210328141155.27, 121.5, 0.0, 0.0
20210328141156.33, 121.5, 0.0, 0.0
20210328141157.45, 121.4, 0.0, 0.0
20210328141158.57, 121.4, 0.0, 0.0
20210328141159.7, 121.4, 0.0, 0.0
20210328141200.79, 121.4, 0.0, 0.0
20210328141201.86, 121.3, 0.0, 0.0
20210328141202.93, 121.3, 0.0, 0.0
20210328141203.96, 121.4, 0.0, 0.0
20210328141205.05, 121.4, 0.0, 0.0
20210328141206.2, 121.4, 0.0, 0.0
20210328141207.28, 121.4, 0.0, 0.0
20210328141208.34, 121.4, 0.0, 0.0
20210328141209.39, 121.4, 0.0, 0.0
20210328141210.45, 121.4, 0.0, 0.0
20210328141211.54, 121.4, 0.0, 0.0
20210328141212.69, 121.4, 0.0, 0.0
20210328141213.75, 121.4, 0.0, 0.0
20210328141214.85, 121.4, 0.0, 0.0
20210328141215.94, 121.5, 0.0, 0.0
20210328141216.98, 121.5, 0.0, 0.0
20210328141218.04, 121.5, 0.0, 0.0
20210328141219.19, 121.5, 0.0, 0.0
20210328141220.23, 121.5, 0.0, 0.0
20210328141221.34, 121.5, 0.0, 0.0
20210328141222.43, 121.4, 0.0, 0.0
20210328141223.49, 121.4, 0.0, 0.0
20210328141224.56, 121.4, 0.0, 0.0
20210328141225.67, 121.5, 0.0, 0.0
20210328141226.76, 121.5, 0.0, 0.0
20210328141227.8, 121.5, 0.0, 0.0
20210328141228.86, 121.5, 0.0, 0.0
20210328141229.95, 121.5, 0.0, 0.0
20210328141231.06, 121.5, 0.0, 0.0
20210328141232.12, 121.4, 0.0, 0.0
20210328141233.24, 121.4, 0.0, 0.0
20210328141234.29, 121.5, 0.0, 0.0
20210328141235.37, 121.5, 0.0, 0.0
20210328141236.41, 121.4, 0.0, 0.0
20210328141237.47, 121.4, 0.0, 0.0
20210328141238.6, 121.4, 0.0, 0.0
20210328141239.7, 121.4, 0.0, 0.0
20210328141240.79, 121.4, 0.0, 0.0
20210328141241.84, 121.4, 0.0, 0.0
20210328141242.94, 121.5, 0.0, 0.0
20210328141244.02, 121.5, 0.0, 0.0
20210328141245.11, 121.5, 0.0, 0.0
20210328141246.27, 121.5, 0.0, 0.0
20210328141247.34, 121.5, 0.0, 0.0
20210328141248.42, 121.5, 0.0, 0.0
20210328141249.55, 121.5, 0.0, 0.0
20210328141250.67, 121.5, 0.0, 0.0
20210328141251.79, 121.5, 0.0, 0.0
20210328141252.87, 121.5, 0.0, 0.0
20210328141253.93, 121.5, 0.0, 0.0
20210328141255.01, 121.5, 0.0, 0.0
20210328141256.1, 121.5, 0.0, 0.0
20210328141257.19, 121.5, 0.0, 0.0
20210328141258.3, 121.5, 0.0, 0.0
20210328141259.37, 121.5, 0.0, 0.0
20210328141300.41, 121.5, 0.0, 0.0
20210328141301.45, 121.4, 0.0, 0.0
20210328141302.54, 121.4, 0.0, 0.0
20210328141303.73, 121.4, 0.0, 0.0
20210328141304.84, 121.4, 0.0, 0.0
20210328141305.9, 121.4, 0.0, 0.0
20210328141307.02, 121.4, 0.0, 0.0
20210328141308.13, 121.4, 0.0, 0.0
20210328141309.2, 121.5, 0.0, 0.0
20210328141310.3, 121.5, 0.0, 0.0
20210328141311.38, 121.5, 0.0, 0.0
20210328141312.5, 121.5, 0.0, 0.0
20210328141313.62, 121.5, 0.0, 0.0
20210328141314.73, 121.5, 0.0, 0.0
20210328141315.84, 121.5, 0.0, 0.0
20210328141316.92, 121.5, 0.0, 0.0
20210328141318.01, 121.5, 0.0, 0.0
20210328141319.12, 121.5, 0.0, 0.0
20210328141320.17, 121.5, 0.0, 0.0
20210328141321.28, 121.5, 0.0, 0.0
20210328141322.34, 121.5, 0.0, 0.0
20210328141323.38, 121.5, 0.0, 0.0
20210328141324.44, 121.5, 0.0, 0.0
20210328141325.5, 121.5, 0.0, 0.0
20210328141326.55, 121.5, 0.0, 0.0
20210328141327.6, 121.5, 0.0, 0.0
20210328141328.68, 121.5, 0.0, 0.0
20210328141329.8, 121.5, 0.0, 0.0
20210328141330.91, 121.5, 0.0, 0.0
20210328141331.97, 121.5, 0.0, 0.0
20210328141333.04, 121.5, 0.0, 0.0
20210328141334.15, 121.5, 0.0, 0.0
20210328141335.27, 121.5, 0.0, 0.0
20210328141336.32, 121.5, 0.0, 0.0
20210328141337.37, 121.5, 0.0, 0.0
20210328141338.4, 121.5, 0.0, 0.0
20210328141339.52, 121.5, 0.0, 0.0
20210328141340.62, 121.5, 0.0, 0.0
20210328141341.71, 121.5, 0.0, 0.0
20210328141342.82, 121.5, 0.0, 0.0
20210328141343.87, 121.5, 0.0, 0.0
20210328141344.97, 121.5, 0.0, 0.0
20210328141346.09, 121.5, 0.0, 0.0
20210328141347.16, 121.5, 0.0, 0.0
20210328141348.25, 121.5, 0.0, 0.0
20210328141349.33, 121.5, 0.0, 0.0
20210328141350.39, 121.5, 0.0, 0.0
20210328141351.46, 121.5, 0.0, 0.0
20210328141352.54, 121.5, 0.0, 0.0
20210328141353.62, 121.5, 0.0, 0.0
20210328141354.68, 121.4, 0.0, 0.0
20210328141355.75, 121.4, 0.0, 0.0
20210328141356.8, 121.5, 0.0, 0.0
20210328141357.88, 121.5, 0.0, 0.0
20210328141358.99, 121.4, 0.0, 0.0
20210328141400.09, 121.4, 0.0, 0.0
20210328141401.13, 121.5, 0.0, 0.0
20210328141402.25, 121.5, 0.0, 0.0
20210328141403.36, 121.5, 0.0, 0.0
20210328141404.45, 121.4, 0.0, 0.0
20210328141405.51, 121.4, 0.0, 0.0
20210328141406.59, 121.4, 0.0, 0.0
20210328141407.63, 121.4, 0.0, 0.0
20210328141408.69, 121.5, 0.0, 0.0
20210328141409.82, 121.5, 0.0, 0.0
20210328141410.88, 121.5, 0.0, 0.0
20210328141411.94, 121.5, 0.0, 0.0
20210328141413.04, 121.5, 0.0, 0.0
20210328141414.12, 121.5, 0.0, 0.0
20210328141415.21, 121.5, 0.0, 0.0
20210328141416.27, 121.5, 0.0, 0.0
20210328141417.37, 121.5, 0.0, 0.0
20210328141418.49, 121.5, 0.0, 0.0
20210328141419.54, 121.5, 0.0, 0.0
20210328141420.66, 121.5, 0.0, 0.0
20210328141421.71, 121.5, 0.0, 0.0
20210328141422.82, 121.5, 0.0, 0.0
20210328141423.93, 121.5, 0.0, 0.0
20210328141425.06, 121.5, 0.0, 0.0
20210328141426.17, 121.5, 0.0, 0.0
20210328141427.26, 121.5, 0.0, 0.0
20210328141428.33, 121.5, 0.0, 0.0
20210328141429.39, 121.4, 0.0, 0.0
20210328141430.44, 121.4, 0.0, 0.0
20210328141431.53, 121.5, 0.0, 0.0
20210328141432.64, 121.5, 0.0, 0.0
20210328141433.71, 121.5, 0.0, 0.0
20210328141434.79, 121.5, 0.0, 0.0
20210328141435.86, 121.5, 0.0, 0.0
20210328141436.97, 121.5, 0.0, 0.0
20210328141438.02, 121.5, 0.0, 0.0
20210328141439.14, 121.5, 0.0, 0.0
20210328141440.21, 121.5, 0.0, 0.0
20210328141441.34, 121.5, 0.0, 0.0
20210328141442.42, 121.5, 0.0, 0.0
20210328141443.47, 121.5, 0.0, 0.0
20210328141444.54, 121.5, 0.0, 0.0
20210328141445.59, 121.5, 0.0, 0.0
20210328141446.73, 121.5, 0.0, 0.0
20210328141447.83, 121.5, 0.0, 0.0
20210328141448.87, 121.5, 0.0, 0.0
20210328141449.99, 121.5, 0.0, 0.0
20210328141451.09, 121.5, 0.0, 0.0
20210328141452.18, 121.5, 0.0, 0.0
20210328141453.28, 121.5, 0.0, 0.0
20210328141454.34, 121.5, 0.0, 0.0
20210328141455.39, 121.5, 0.0, 0.0
20210328141456.5, 121.5, 0.0, 0.0
20210328141457.65, 121.5, 0.0, 0.0
20210328141458.75, 121.5, 0.0, 0.0
20210328141459.83, 121.5, 0.0, 0.0
20210328141500.93, 121.5, 0.0, 0.0
20210328141502.03, 121.5, 0.0, 0.0
20210328141503.15, 121.5, 0.0, 0.0
20210328141504.27, 121.5, 0.0, 0.0
20210328141505.38, 121.5, 0.0, 0.0
20210328141506.41, 121.5, 0.0, 0.0
20210328141507.55, 121.5, 0.0, 0.0
20210328141508.6, 121.5, 0.0, 0.0
20210328141509.71, 121.5, 0.0, 0.0
20210328141510.77, 121.5, 0.0, 0.0
20210328141511.86, 121.5, 0.0, 0.0
20210328141512.96, 121.5, 0.0, 0.0
20210328141514.07, 121.5, 0.0, 0.0
20210328141515.19, 121.5, 0.0, 0.0
20210328141516.41, 121.5, 0.0, 0.0
20210328141517.46, 121.5, 0.0, 0.0
20210328141518.5, 121.5, 0.0, 0.0
20210328141519.61, 121.5, 0.0, 0.0
20210328141520.73, 121.5, 0.0, 0.0
20210328141521.83, 121.5, 0.0, 0.0
20210328141522.88, 121.5, 0.0, 0.0
20210328141523.94, 121.5, 0.0, 0.0
20210328141525.0, 121.5, 0.0, 0.0
20210328141526.07, 121.5, 0.0, 0.0
20210328141527.15, 121.5, 0.0, 0.0
20210328141528.24, 121.5, 0.0, 0.0
20210328141529.34, 121.5, 0.0, 0.0
20210328141530.39, 121.5, 0.0, 0.0
20210328141531.46, 121.5, 0.0, 0.0
20210328141532.5, 121.5, 0.0, 0.0
20210328141533.56, 121.5, 0.0, 0.0
20210328141534.61, 121.5, 0.0, 0.0
20210328141535.72, 121.5, 0.0, 0.0
20210328141536.82, 121.5, 0.0, 0.0
20210328141537.87, 121.4, 0.0, 0.0
20210328141538.99, 121.5, 0.0, 0.0
20210328141540.11, 121.5, 0.0, 0.0
20210328141541.23, 121.5, 0.0, 0.0
20210328141542.27, 121.5, 0.0, 0.0
20210328141543.35, 121.5, 0.0, 0.0
20210328141544.4, 121.5, 0.0, 0.0
20210328141545.52, 121.5, 0.0, 0.0
20210328141546.61, 121.5, 0.0, 0.0
20210328141547.66, 121.5, 0.0, 0.0
20210328141548.77, 121.5, 0.0, 0.0
20210328141549.82, 121.5, 0.0, 0.0
20210328141550.91, 121.5, 0.0, 0.0
20210328141552.01, 121.6, 0.0, 0.0
20210328141553.13, 121.6, 0.0, 0.0
20210328141554.25, 121.5, 0.0, 0.0
20210328141555.33, 121.5, 0.0, 0.0
20210328141556.42, 121.5, 0.0, 0.0
20210328141557.54, 121.4, 0.0, 0.0
20210328141558.61, 121.4, 0.0, 0.0
20210328141559.69, 121.5, 0.0, 0.0
20210328141600.8, 121.5, 0.0, 0.0
20210328141601.85, 121.5, 0.0, 0.0
20210328141602.89, 121.5, 0.0, 0.0
20210328141604.0, 121.5, 0.0, 0.0
20210328141605.05, 121.5, 0.0, 0.0
20210328141606.11, 121.5, 0.0, 0.0
20210328141607.21, 121.5, 0.0, 0.0
20210328141608.29, 121.5, 0.0, 0.0
20210328141609.35, 121.5, 0.0, 0.0
20210328141610.41, 121.6, 0.0, 0.0
20210328141611.5, 121.6, 0.0, 0.0
20210328141612.61, 121.6, 0.0, 0.0
20210328141613.68, 121.6, 0.0, 0.0
20210328141614.76, 121.6, 0.0, 0.0
20210328141615.82, 121.6, 0.0, 0.0
20210328141616.86, 121.6, 0.0, 0.0
20210328141617.92, 121.6, 0.0, 0.0
20210328141619.02, 121.5, 0.0, 0.0
20210328141620.13, 121.5, 0.0, 0.0
20210328141621.23, 121.5, 0.0, 0.0
20210328141622.3, 121.5, 0.0, 0.0
20210328141623.38, 121.5, 0.0, 0.0
20210328141624.43, 121.5, 0.0, 0.0
20210328141625.58, 121.5, 0.0, 0.0
20210328141626.67, 121.5, 0.0, 0.0
20210328141627.77, 121.5, 0.0, 0.0
20210328141628.86, 121.5, 0.0, 0.0
20210328141629.93, 121.5, 0.0, 0.0
20210328141631.01, 121.5, 0.0, 0.0
20210328141632.13, 121.5, 0.0, 0.0
20210328141633.2, 121.6, 0.0, 0.0
20210328141634.29, 121.6, 0.0, 0.0
20210328141635.37, 121.6, 0.0, 0.0
20210328141636.49, 121.6, 0.0, 0.0
20210328141637.53, 121.5, 0.0, 0.0
20210328141638.62, 121.5, 0.0, 0.0
20210328141639.72, 121.6, 0.0, 0.0
20210328141640.8, 121.5, 0.0, 0.0
20210328141641.84, 121.5, 0.0, 0.0
20210328141642.96, 121.5, 0.0, 0.0
20210328141644.09, 121.5, 0.0, 0.0
20210328141645.17, 121.5, 0.0, 0.0
20210328141646.25, 121.5, 0.0, 0.0
20210328141647.29, 121.5, 0.0, 0.0
20210328141648.36, 121.5, 0.0, 0.0
20210328141649.4, 121.6, 0.0, 0.0
20210328141650.5, 121.6, 0.0, 0.0
20210328141651.61, 121.6, 0.0, 0.0
20210328141652.65, 121.6, 0.0, 0.0
20210328141653.77, 121.5, 0.0, 0.0
20210328141654.83, 121.5, 0.0, 0.0
20210328141655.91, 121.5, 0.0, 0.0
20210328141657.03, 121.5, 0.0, 0.0
20210328141658.14, 121.5, 0.0, 0.0
20210328141659.27, 121.6, 0.0, 0.0
20210328141700.32, 121.6, 0.0, 0.0
20210328141701.39, 121.5, 0.0, 0.0
20210328141702.51, 121.5, 0.0, 0.0
20210328141703.62, 121.5, 0.0, 0.0
20210328141704.74, 121.5, 0.0, 0.0
20210328141705.8, 121.5, 0.0, 0.0
20210328141706.86, 121.5, 0.0, 0.0
20210328141707.99, 121.6, 0.0, 0.0
20210328141709.1, 121.6, 0.0, 0.0
20210328141710.14, 121.6, 0.0, 0.0
20210328141711.27, 121.6, 0.0, 0.0
20210328141712.31, 121.6, 0.0, 0.0
20210328141713.38, 121.6, 0.0, 0.0
20210328141714.42, 121.6, 0.0, 0.0
20210328141715.55, 121.6, 0.0, 0.0
20210328141716.6, 121.6, 0.0, 0.0
20210328141717.71, 121.6, 0.0, 0.0
20210328141718.79, 121.6, 0.0, 0.0
20210328141719.86, 121.5, 0.0, 0.0
20210328141720.93, 121.5, 0.0, 0.0
20210328141722.01, 121.5, 0.0, 0.0
20210328141723.13, 121.5, 0.0, 0.0
20210328141724.24, 121.5, 0.0, 0.0
20210328141725.33, 121.5, 0.0, 0.0
20210328141726.45, 121.5, 0.0, 0.0
20210328141727.58, 121.5, 0.0, 0.0
20210328141728.69, 121.5, 0.0, 0.0
20210328141729.8, 121.5, 0.0, 0.0
20210328141730.91, 121.5, 0.0, 0.0
20210328141731.98, 121.5, 0.0, 0.0
20210328141733.09, 121.5, 0.0, 0.0
20210328141734.18, 121.4, 0.0, 0.0
20210328141735.31, 121.4, 0.0, 0.0
20210328141736.35, 121.4, 0.0, 0.0
20210328141737.43, 121.4, 0.0, 0.0
20210328141738.55, 121.4, 0.0, 0.0
20210328141739.68, 121.4, 0.0, 0.0
20210328141740.75, 121.4, 0.0, 0.0
20210328141741.8, 121.4, 0.0, 0.0
20210328141742.87, 121.4, 0.0, 0.0
20210328141743.93, 121.4, 0.0, 0.0
20210328141745.07, 121.4, 0.0, 0.0
20210328141746.19, 121.4, 0.0, 0.0
20210328141747.31, 121.4, 0.0, 0.0
20210328141748.44, 121.4, 0.0, 0.0
20210328141749.53, 121.4, 0.0, 0.0
20210328141750.62, 121.4, 0.0, 0.0
20210328141751.79, 121.4, 0.0, 0.0
20210328141752.86, 121.4, 0.0, 0.0
20210328141753.93, 121.4, 0.0, 0.0
20210328141754.98, 121.5, 0.0, 0.0
20210328141756.08, 121.5, 0.0, 0.0
20210328141757.16, 121.5, 0.0, 0.0
20210328141758.29, 121.5, 0.0, 0.0
