20210325130000.37, 121.9, 0.0, 0.0
20210325130001.41, 121.9, 0.0, 0.0
20210325130002.45, 121.8, 0.0, 0.0
20210325130003.52, 121.8, 0.0, 0.0
20210325130004.55, 121.7, 0.0, 0.0
20210325130005.6, 121.7, 0.0, 0.0
20210325130006.64, 121.7, 0.0, 0.0
20210325130007.69, 121.7, 0.0, 0.0
20210325130008.73, 121.7, 0.0, 0.0
20210325130009.78, 121.7, 0.0, 0.0
20210325130010.82, 121.7, 0.0, 0.0
20210325130011.87, 121.7, 0.0, 0.0
20210325130012.91, 121.7, 0.0, 0.0
20210325130013.96, 121.7, 0.0, 0.0
20210325130015.0, 121.8, 0.0, 0.0
20210325130016.05, 121.8, 0.0, 0.0
20210325130017.1, 121.8, 0.0, 0.0
20210325130018.14, 121.8, 0.0, 0.0
20210325130019.19, 121.8, 0.0, 0.0
20210325130020.24, 121.8, 0.0, 0.0
20210325130021.29, 121.8, 0.0, 0.0
20210325130022.33, 121.8, 0.0, 0.0
20210325130023.38, 121.8, 0.0, 0.0
20210325130024.42, 121.8, 0.0, 0.0
20210325130025.46, 121.8, 0.0, 0.0
20210325130026.52, 121.8, 0.0, 0.0
20210325130027.57, 121.8, 0.0, 0.0
20210325130028.61, 121.8, 0.0, 0.0
20210325130029.66, 121.8, 0.0, 0.0
20210325130030.71, 121.8, 0.0, 0.0
20210325130031.75, 121.7, 0.0, 0.0
20210325130032.79, 121.7, 0.0, 0.0
20210325130033.83, 121.8, 0.0, 0.0
20210325130034.88, 121.8, 0.0, 0.0
20210325130035.93, 121.8, 0.0, 0.0
20210325130036.97, 121.8, 0.0, 0.0
20210325130038.02, 121.8, 0.0, 0.0
20210325130039.07, 121.8, 0.0, 0.0
20210325130040.11, 121.8, 0.0, 0.0
20210325130041.18, 121.8, 0.0, 0.0
20210325130042.22, 121.8, 0.0, 0.0
20210325130043.27, 121.8, 0.0, 0.0
20210325130044.31, 121.8, 0.0, 0.0
20210325130045.36, 121.8, 0.0, 0.0
20210325130046.45, 121.8, 0.0, 0.0
20210325130047.49, 121.8, 0.0, 0.0
20210325130048.54, 121.8, 0.0, 0.0
20210325130049.58, 121.8, 0.0, 0.0
20210325130050.63, 121.8, 0.0, 0.0
20210325130051.68, 121.7, 0.0, 0.0
20210325130052.73, 121.7, 0.0, 0.0
20210325130053.77, 121.7, 0.0, 0.0
20210325130054.83, 121.7, 0.0, 0.0
20210325130055.87, 121.7, 0.0, 0.0
20210325130056.92, 121.7, 0.0, 0.0
20210325130057.96, 121.7, 0.0, 0.0
20210325130059.02, 121.7, 0.0, 0.0
20210325130100.06, 121.6, 0.0, 0.0
20210325130101.11, 121.6, 0.0, 0.0
20210325130102.15, 121.7, 0.0, 0.0
20210325130103.2, 121.7, 0.0, 0.0
20210325130104.24, 121.7, 0.0, 0.0
20210325130105.29, 121.7, 0.0, 0.0
20210325130106.34, 121.7, 0.0, 0.0
20210325130107.39, 121.7, 0.0, 0.0
20210325130108.43, 121.7, 0.0, 0.0
20210325130109.48, 121.7, 0.0, 0.0
20210325130110.52, 121.7, 0.0, 0.0
20210325130111.57, 121.7, 0.0, 0.0
20210325130112.61, 121.7, 0.0, 0.0
20210325130113.66, 121.7, 0.0, 0.0
20210325130114.71, 121.8, 0.0, 0.0
20210325130115.75, 121.8, 0.0, 0.0
20210325130116.8, 121.9, 0.0, 0.0
20210325130117.85, 121.9, 0.0, 0.0
20210325130118.89, 121.8, 0.0, 0.0
20210325130119.95, 121.8, 0.0, 0.0
20210325130121.0, 121.8, 0.0, 0.0
20210325130122.05, 121.8, 0.0, 0.0
20210325130123.09, 121.9, 0.0, 0.0
20210325130124.14, 121.9, 0.0, 0.0
20210325130125.18, 121.9, 0.0, 0.0
20210325130126.23, 121.9, 0.0, 0.0
20210325130127.27, 121.9, 0.0, 0.0
20210325130128.33, 121.9, 0.0, 0.0
20210325130129.37, 121.9, 0.0, 0.0
20210325130130.42, 121.9, 0.0, 0.0
20210325130131.52, 121.9, 0.0, 0.0
20210325130132.56, 121.9, 0.0, 0.0
20210325130133.61, 121.9, 0.0, 0.0
20210325130134.66, 121.9, 0.0, 0.0
20210325130135.7, 121.9, 0.0, 0.0
20210325130136.75, 121.8, 0.0, 0.0
20210325130137.79, 121.8, 0.0, 0.0
20210325130138.84, 121.8, 0.0, 0.0
20210325130139.89, 121.8, 0.0, 0.0
20210325130140.93, 121.8, 0.0, 0.0
20210325130141.98, 121.8, 0.0, 0.0
20210325130143.02, 121.8, 0.0, 0.0
20210325130144.08, 121.8, 0.0, 0.0
20210325130145.12, 121.8, 0.0, 0.0
20210325130146.2, 121.8, 0.0, 0.0
20210325130147.24, 121.8, 0.0, 0.0
20210325130148.29, 121.8, 0.0, 0.0
20210325130149.34, 121.8, 0.0, 0.0
20210325130150.38, 121.8, 0.0, 0.0
20210325130151.43, 121.8, 0.0, 0.0
20210325130152.48, 121.8, 0.0, 0.0
20210325130153.52, 121.8, 0.0, 0.0
20210325130154.57, 121.8, 0.0, 0.0
20210325130155.62, 121.8, 0.0, 0.0
20210325130156.66, 121.8, 0.0, 0.0
20210325130157.71, 121.8, 0.0, 0.0
20210325130158.76, 121.8, 0.0, 0.0
20210325130159.8, 121.9, 0.0, 0.0
20210325130200.85, 121.9, 0.0, 0.0
20210325130201.89, 121.9, 0.0, 0.0
20210325130202.95, 121.9, 0.0, 0.0
20210325130203.98, 121.9, 0.0, 0.0
20210325130205.04, 121.9, 0.0, 0.0
20210325130206.08, 122.0, 0.0, 0.0
20210325130207.13, 122.0, 0.0, 0.0
20210325130208.18, 121.9, 0.0, 0.0
20210325130209.22, 121.9, 0.0, 0.0
20210325130210.27, 122.0, 0.0, 0.0
20210325130211.31, 122.0, 0.0, 0.0
20210325130212.36, 122.0, 0.0, 0.0
20210325130213.41, 122.0, 0.0, 0.0
20210325130214.46, 121.9, 0.0, 0.0
20210325130215.5, 121.9, 0.0, 0.0
20210325130216.61, 121.9, 0.0, 0.0
20210325130217.65, 121.9, 0.0, 0.0
20210325130218.7, 121.9, 0.0, 0.0
20210325130219.74, 121.9, 0.0, 0.0
20210325130220.79, 121.9, 0.0, 0.0
20210325130221.83, 121.9, 0.0, 0.0
20210325130222.88, 121.9, 0.0, 0.0
20210325130223.92, 121.9, 0.0, 0.0
20210325130224.97, 121.9, 0.0, 0.0
20210325130226.02, 121.9, 0.0, 0.0
20210325130227.07, 121.9, 0.0, 0.0
20210325130228.11, 121.9, 0.0, 0.0
20210325130229.16, 121.9, 0.0, 0.0
20210325130230.2, 121.9, 0.0, 0.0
20210325130231.25, 121.9, 0.0, 0.0
20210325130232.3, 121.9, 0.0, 0.0
20210325130233.35, 121.9, 0.0, 0.0
20210325130234.39, 121.9, 0.0, 0.0
20210325130235.45, 121.9, 0.0, 0.0
20210325130236.49, 121.9, 0.0, 0.0
20210325130237.54, 121.9, 0.0, 0.0
20210325130238.59, 121.9, 0.0, 0.0
20210325130239.64, 121.9, 0.0, 0.0
20210325130240.68, 121.9, 0.0, 0.0
20210325130241.73, 121.9, 0.0, 0.0
20210325130242.77, 121.9, 0.0, 0.0
20210325130243.82, 121.9, 0.0, 0.0
20210325130244.86, 121.9, 0.0, 0.0
20210325130245.91, 121.9, 0.0, 0.0
20210325130246.96, 121.9, 0.0, 0.0
20210325130248.01, 121.9, 0.0, 0.0
20210325130249.06, 122.0, 0.0, 0.0
20210325130250.11, 122.0, 0.0, 0.0
20210325130251.15, 121.9, 0.0, 0.0
20210325130252.2, 121.9, 0.0, 0.0
20210325130253.24, 121.9, 0.0, 0.0
20210325130254.29, 121.9, 0.0, 0.0
20210325130255.34, 121.9, 0.0, 0.0
20210325130256.39, 121.9, 0.0, 0.0
20210325130257.43, 121.9, 0.0, 0.0
20210325130258.48, 121.9, 0.0, 0.0
20210325130259.53, 121.8, 0.0, 0.0
20210325130300.58, 121.8, 0.0, 0.0
20210325130301.62, 121.9, 0.0, 0.0
20210325130302.67, 121.9, 0.0, 0.0
20210325130303.71, 121.9, 0.0, 0.0
20210325130304.76, 121.9, 0.0, 0.0
20210325130305.86, 121.9, 0.0, 0.0
20210325130306.91, 121.9, 0.0, 0.0
20210325130307.95, 121.9, 0.0, 0.0
20210325130309.0, 122.0, 0.0, 0.0
20210325130310.05, 122.0, 0.0, 0.0
20210325130311.09, 122.0, 0.0, 0.0
20210325130312.13, 122.0, 0.0, 0.0
20210325130313.18, 122.0, 0.0, 0.0
20210325130314.22, 122.0, 0.0, 0.0
20210325130315.27, 122.0, 0.0, 0.0
20210325130316.32, 122.0, 0.0, 0.0
20210325130317.37, 122.0, 0.0, 0.0
20210325130318.41, 122.0, 0.0, 0.0
20210325130319.46, 121.9, 0.0, 0.0
20210325130320.51, 121.9, 0.0, 0.0
20210325130321.55, 122.0, 0.0, 0.0
20210325130322.61, 122.0, 0.0, 0.0
20210325130323.65, 122.0, 0.0, 0.0
20210325130324.7, 122.0, 0.0, 0.0
20210325130325.74, 121.9, 0.0, 0.0
20210325130326.79, 121.9, 0.0, 0.0
20210325130327.83, 122.0, 0.0, 0.0
20210325130328.88, 122.0, 0.0, 0.0
20210325130329.93, 121.9, 0.0, 0.0
20210325130330.97, 121.9, 0.0, 0.0
20210325130332.02, 121.9, 0.0, 0.0
20210325130333.07, 121.9, 0.0, 0.0
20210325130334.12, 121.9, 0.0, 0.0
20210325130335.16, 121.9, 0.0, 0.0
20210325130336.21, 121.9, 0.0, 0.0
20210325130337.26, 121.9, 0.0, 0.0
20210325130338.3, 121.9, 0.0, 0.0
20210325130339.35, 121.9, 0.0, 0.0
20210325130340.4, 121.9, 0.0, 0.0
20210325130341.44, 121.9, 0.0, 0.0
20210325130342.48, 121.9, 0.0, 0.0
20210325130343.53, 121.9, 0.0, 0.0
20210325130344.57, 121.9, 0.0, 0.0
20210325130345.62, 121.9, 0.0, 0.0
20210325130346.67, 121.9, 0.0, 0.0
20210325130347.72, 121.9, 0.0, 0.0
20210325130348.77, 121.9, 0.0, 0.0
20210325130349.81, 121.9, 0.0, 0.0
20210325130350.86, 122.0, 0.0, 0.0
20210325130351.96, 122.0, 0.0, 0.0
20210325130353.02, 122.0, 0.0, 0.0
20210325130354.05, 122.0, 0.0, 0.0
20210325130355.11, 122.0, 0.0, 0.0
20210325130356.15, 121.9, 0.0, 0.0
20210325130357.2, 121.9, 0.0, 0.0
20210325130358.24, 122.0, 0.0, 0.0
20210325130359.29, 122.0, 0.0, 0.0
20210325130400.33, 122.0, 0.0, 0.0
20210325130401.38, 122.0, 0.0, 0.0
20210325130402.43, 121.9, 0.0, 0.0
20210325130403.47, 121.9, 0.0, 0.0
20210325130404.51, 122.0, 0.0, 0.0
20210325130405.56, 122.0, 0.0, 0.0
20210325130406.6, 122.0, 0.0, 0.0
20210325130407.65, 122.0, 0.0, 0.0
20210325130408.7, 122.0, 0.0, 0.0
20210325130409.75, 122.0, 0.0, 0.0
20210325130410.79, 121.9, 0.0, 0.0
20210325130411.83, 121.9, 0.0, 0.0
20210325130412.88, 121.9, 0.0, 0.0
20210325130413.93, 121.9, 0.0, 0.0
20210325130414.97, 121.8, 0.0, 0.0
20210325130416.02, 121.8, 0.0, 0.0
20210325130417.07, 121.8, 0.0, 0.0
20210325130418.12, 121.8, 0.0, 0.0
20210325130419.16, 121.8, 0.0, 0.0
20210325130420.21, 121.8, 0.0, 0.0
20210325130421.25, 121.9, 0.0, 0.0
20210325130422.3, 121.9, 0.0, 0.0
20210325130423.35, 121.9, 0.0, 0.0
20210325130424.39, 121.9, 0.0, 0.0
20210325130425.44, 121.8, 0.0, 0.0
20210325130426.49, 121.8, 0.0, 0.0
20210325130427.54, 121.9, 0.0, 0.0
20210325130428.59, 121.9, 0.0, 0.0
20210325130429.63, 121.8, 0.0, 0.0
20210325130430.68, 121.8, 0.0, 0.0
20210325130431.71, 121.9, 0.0, 0.0
20210325130432.77, 121.9, 0.0, 0.0
20210325130433.81, 121.8, 0.0, 0.0
20210325130434.86, 121.8, 0.0, 0.0
20210325130435.9, 121.9, 0.0, 0.0
20210325130436.95, 121.9, 0.0, 0.0
20210325130437.99, 121.9, 0.0, 0.0
20210325130439.04, 121.9, 0.0, 0.0
20210325130440.13, 121.9, 0.0, 0.0
20210325130441.18, 121.8, 0.0, 0.0
20210325130442.23, 121.8, 0.0, 0.0
20210325130443.27, 121.8, 0.0, 0.0
20210325130444.32, 121.8, 0.0, 0.0
20210325130445.36, 121.8, 0.0, 0.0
20210325130446.41, 121.8, 0.0, 0.0
20210325130447.46, 121.9, 0.0, 0.0
20210325130448.5, 121.9, 0.0, 0.0
20210325130449.55, 121.9, 0.0, 0.0
20210325130450.6, 121.9, 0.0, 0.0
20210325130451.65, 121.9, 0.0, 0.0
20210325130452.7, 121.9, 0.0, 0.0
20210325130453.74, 121.9, 0.0, 0.0
20210325130454.79, 121.9, 0.0, 0.0
20210325130455.84, 122.0, 0.0, 0.0
20210325130456.88, 122.0, 0.0, 0.0
20210325130457.93, 122.0, 0.0, 0.0
20210325130458.98, 122.0, 0.0, 0.0
20210325130500.02, 122.0, 0.0, 0.0
20210325130501.07, 122.0, 0.0, 0.0
20210325130502.12, 122.0, 0.0, 0.0
20210325130503.18, 122.0, 0.0, 0.0
20210325130504.22, 122.0, 0.0, 0.0
20210325130505.27, 122.0, 0.0, 0.0
20210325130506.32, 122.0, 0.0, 0.0
20210325130507.37, 122.0, 0.0, 0.0
20210325130508.42, 122.0, 0.0, 0.0
20210325130509.46, 122.0, 0.0, 0.0
20210325130510.51, 122.0, 0.0, 0.0
20210325130511.55, 122.0, 0.0, 0.0
20210325130512.59, 122.0, 0.0, 0.0
20210325130513.64, 122.0, 0.0, 0.0
20210325130514.69, 122.0, 0.0, 0.0
20210325130515.73, 122.0, 0.0, 0.0
20210325130516.78, 122.0, 0.0, 0.0
20210325130517.82, 122.0, 0.0, 0.0
20210325130518.87, 121.9, 0.0, 0.0
20210325130519.91, 121.9, 0.0, 0.0
20210325130520.95, 121.9, 0.0, 0.0
20210325130522.0, 121.9, 0.0, 0.0
20210325130523.05, 121.9, 0.0, 0.0
20210325130524.18, 121.9, 0.0, 0.0
20210325130525.3, 121.9, 0.0, 0.0
20210325130526.36, 121.9, 0.0, 0.0
20210325130527.41, 121.9, 0.0, 0.0
20210325130528.49, 122.0, 0.0, 0.0
20210325130529.59, 122.0, 0.0, 0.0
20210325130530.68, 122.0, 0.0, 0.0
20210325130531.76, 122.0, 0.0, 0.0
20210325130532.85, 121.9, 0.0, 0.0
20210325130533.9, 121.9, 0.0, 0.0
20210325130535.0, 121.9, 0.0, 0.0
20210325130536.09, 121.9, 0.0, 0.0
20210325130537.15, 121.9, 0.0, 0.0
20210325130538.26, 121.9, 0.0, 0.0
20210325130539.35, 121.9, 0.0, 0.0
20210325130540.43, 121.9, 0.0, 0.0
20210325130541.51, 121.9, 0.0, 0.0
20210325130542.64, 121.9, 0.0, 0.0
20210325130543.81, 121.9, 0.0, 0.0
20210325130544.85, 121.9, 0.0, 0.0
20210325130545.9, 121.9, 0.0, 0.0
20210325130547.03, 121.9, 0.0, 0.0
20210325130548.09, 121.9, 0.0, 0.0
20210325130549.2, 121.9, 0.0, 0.0
20210325130550.32, 121.9, 0.0, 0.0
20210325130551.38, 121.9, 0.0, 0.0
20210325130552.45, 121.9, 0.0, 0.0
20210325130553.54, 121.9, 0.0, 0.0
20210325130554.68, 121.9, 0.0, 0.0
20210325130555.79, 121.9, 0.0, 0.0
20210325130556.84, 121.9, 0.0, 0.0
20210325130557.89, 121.9, 0.0, 0.0
20210325130558.96, 121.9, 0.0, 0.0
20210325130600.02, 121.9, 0.0, 0.0
20210325130601.1, 121.9, 0.0, 0.0
20210325130602.21, 121.9, 0.0, 0.0
20210325130603.32, 121.9, 0.0, 0.0
20210325130604.38, 121.9, 0.0, 0.0
20210325130605.43, 121.9, 0.0, 0.0
20210325130606.54, 121.9, 0.0, 0.0
20210325130607.66, 122.0, 0.0, 0.0
20210325130608.79, 122.0, 0.0, 0.0
20210325130609.85, 122.0, 0.0, 0.0
20210325130610.96, 122.0, 0.0, 0.0
20210325130611.99, 122.0, 0.0, 0.0
20210325130613.11, 122.0, 0.0, 0.0
20210325130614.24, 122.0, 0.0, 0.0
20210325130615.33, 122.0, 0.0, 0.0
20210325130616.39, 121.9, 0.0, 0.0
20210325130617.52, 121.9, 0.0, 0.0
20210325130618.61, 121.8, 0.0, 0.0
20210325130619.73, 121.9, 0.0, 0.0
20210325130620.78, 121.9, 0.0, 0.0
20210325130621.86, 121.9, 0.0, 0.0
20210325130622.98, 121.9, 0.0, 0.0
20210325130624.05, 121.9, 0.0, 0.0
20210325130625.16, 121.9, 0.0, 0.0
20210325130626.26, 121.9, 0.0, 0.0
20210325130627.36, 121.9, 0.0, 0.0
20210325130628.46, 121.9, 0.0, 0.0
20210325130629.61, 121.9, 0.0, 0.0
20210325130630.67, 121.9, 0.0, 0.0
20210325130631.77, 121.9, 0.0, 0.0
20210325130632.85, 121.8, 0.0, 0.0
20210325130633.91, 121.8, 0.0, 0.0
20210325130634.96, 121.8, 0.0, 0.0
20210325130636.01, 121.8, 0.0, 0.0
20210325130637.11, 121.9, 0.0, 0.0
20210325130638.26, 121.9, 0.0, 0.0
20210325130639.34, 121.9, 0.0, 0.0
20210325130640.4, 122.0, 0.0, 0.0
20210325130641.51, 122.0, 0.0, 0.0
20210325130642.64, 122.0, 0.0, 0.0
20210325130643.72, 122.0, 0.0, 0.0
20210325130644.82, 121.9, 0.0, 0.0
20210325130645.88, 121.9, 0.0, 0.0
20210325130647.01, 121.9, 0.0, 0.0
20210325130648.07, 121.9, 0.0, 0.0
20210325130649.15, 122.0, 0.0, 0.0
20210325130650.27, 122.0, 0.0, 0.0
20210325130651.36, 122.0, 0.0, 0.0
20210325130652.43, 122.0, 0.0, 0.0
20210325130653.5, 121.9, 0.0, 0.0
20210325130654.62, 121.9, 0.0, 0.0
20210325130655.77, 122.0, 0.0, 0.0
20210325130656.86, 122.0, 0.0, 0.0
20210325130657.92, 122.0, 0.0, 0.0
20210325130659.01, 121.9, 0.0, 0.0
20210325130700.11, 121.9, 0.0, 0.0
20210325130701.15, 121.8, 0.0, 0.0
20210325130702.26, 121.8, 0.0, 0.0
20210325130703.3, 121.8, 0.0, 0.0
20210325130704.35, 121.8, 0.0, 0.0
20210325130705.4, 121.8, 0.0, 0.0
20210325130706.54, 121.8, 0.0, 0.0
20210325130707.68, 121.9, 0.0, 0.0
20210325130708.78, 121.9, 0.0, 0.0
20210325130709.85, 121.9, 0.0, 0.0
20210325130710.91, 121.9, 0.0, 0.0
20210325130712.01, 121.9, 0.0, 0.0
20210325130713.11, 121.9, 0.0, 0.0
20210325130714.22, 121.9, 0.0, 0.0
20210325130715.33, 121.9, 0.0, 0.0
20210325130716.38, 121.9, 0.0, 0.0
20210325130717.51, 121.9, 0.0, 0.0
20210325130718.6, 121.9, 0.0, 0.0
20210325130719.73, 121.9, 0.0, 0.0
20210325130720.83, 121.9, 0.0, 0.0
20210325130721.91, 121.9, 0.0, 0.0
20210325130723.05, 121.9, 0.0, 0.0
20210325130724.1, 121.9, 0.0, 0.0
20210325130725.21, 121.9, 0.0, 0.0
20210325130726.3, 121.9, 0.0, 0.0
20210325130727.38, 121.9, 0.0, 0.0
20210325130728.44, 121.9, 0.0, 0.0
20210325130729.54, 121.9, 0.0, 0.0
20210325130730.6, 121.9, 0.0, 0.0
20210325130731.72, 121.9, 0.0, 0.0
20210325130732.79, 121.9, 0.0, 0.0
20210325130733.86, 122.0, 0.0, 0.0
20210325130734.98, 122.0, 0.0, 0.0
20210325130736.07, 121.9, 0.0, 0.0
20210325130737.21, 121.9, 0.0, 0.0
20210325130738.32, 121.9, 0.0, 0.0
20210325130739.44, 121.9, 0.0, 0.0
20210325130740.54, 121.8, 0.0, 0.0
20210325130741.63, 121.8, 0.0, 0.0
20210325130742.71, 121.8, 0.0, 0.0
20210325130743.82, 121.8, 0.0, 0.0
20210325130744.88, 121.8, 0.0, 0.0
20210325130746.12, 121.9, 0.0, 0.0
20210325130747.16, 121.9, 0.0, 0.0
20210325130748.25, 121.9, 0.0, 0.0
20210325130749.36, 121.9, 0.0, 0.0
20210325130750.45, 121.9, 0.0, 0.0
20210325130751.5, 121.9, 0.0, 0.0
20210325130752.61, 121.9, 0.0, 0.0
20210325130753.66, 121.9, 0.0, 0.0
20210325130754.75, 121.8, 0.0, 0.0
20210325130755.84, 121.8, 0.0, 0.0
20210325130756.89, 121.9, 0.0, 0.0
20210325130757.95, 121.9, 0.0, 0.0
20210325130759.06, 121.9, 0.0, 0.0
20210325130800.18, 121.9, 0.0, 0.0
20210325130801.27, 121.8, 0.0, 0.0
20210325130802.38, 121.8, 0.0, 0.0
20210325130803.52, 121.8, 0.0, 0.0
20210325130804.61, 121.9, 0.0, 0.0
20210325130805.68, 121.9, 0.0, 0.0
20210325130806.78, 121.9, 0.0, 0.0
20210325130807.87, 121.9, 0.0, 0.0
20210325130808.93, 121.9, 0.0, 0.0
20210325130810.01, 121.9, 0.0, 0.0
20210325130811.07, 122.0, 0.0, 0.0
20210325130812.13, 122.0, 0.0, 0.0
20210325130813.24, 121.9, 0.0, 0.0
20210325130814.34, 121.9, 0.0, 0.0
20210325130815.45, 122.0, 0.0, 0.0
20210325130816.56, 122.0, 0.0, 0.0
20210325130817.67, 122.0, 0.0, 0.0
20210325130818.78, 122.0, 0.0, 0.0
20210325130819.86, 122.0, 0.0, 0.0
20210325130820.99, 122.0, 0.0, 0.0
20210325130822.09, 122.0, 0.0, 0.0
20210325130823.23, 122.0, 0.0, 0.0
20210325130824.34, 122.0, 0.0, 0.0
20210325130825.39, 122.0, 0.0, 0.0
20210325130826.46, 122.0, 0.0, 0.0
20210325130827.59, 122.0, 0.0, 0.0
20210325130828.65, 122.0, 0.0, 0.0
20210325130829.77, 121.9, 0.0, 0.0
20210325130830.86, 121.9, 0.0, 0.0
20210325130831.92, 121.9, 0.0, 0.0
20210325130832.99, 121.9, 0.0, 0.0
20210325130834.07, 121.9, 0.0, 0.0
20210325130835.16, 121.9, 0.0, 0.0
20210325130836.25, 121.9, 0.0, 0.0
20210325130837.33, 121.9, 0.0, 0.0
20210325130838.41, 121.9, 0.0, 0.0
20210325130839.5, 121.9, 0.0, 0.0
20210325130840.64, 121.9, 0.0, 0.0
20210325130841.74, 121.9, 0.0, 0.0
20210325130842.85, 121.9, 0.0, 0.0
20210325130843.91, 121.9, 0.0, 0.0
20210325130844.97, 121.9, 0.0, 0.0
20210325130846.01, 121.9, 0.0, 0.0
20210325130847.16, 121.9, 0.0, 0.0
20210325130848.2, 121.9, 0.0, 0.0
20210325130849.28, 121.9, 0.0, 0.0
20210325130850.36, 121.9, 0.0, 0.0
20210325130851.51, 121.9, 0.0, 0.0
20210325130852.62, 121.9, 0.0, 0.0
20210325130853.77, 121.9, 0.0, 0.0
20210325130854.85, 121.9, 0.0, 0.0
20210325130855.9, 121.9, 0.0, 0.0
20210325130856.97, 122.0, 0.0, 0.0
20210325130858.04, 121.9, 0.0, 0.0
20210325130859.14, 121.9, 0.0, 0.0
20210325130900.27, 121.9, 0.0, 0.0
20210325130901.31, 121.9, 0.0, 0.0
20210325130902.36, 122.0, 0.0, 0.0
20210325130903.43, 122.0, 0.0, 0.0
20210325130904.56, 121.9, 0.0, 0.0
20210325130905.66, 121.9, 0.0, 0.0
20210325130906.75, 122.0, 0.0, 0.0
20210325130907.84, 122.0, 0.0, 0.0
20210325130908.89, 122.0, 0.0, 0.0
20210325130909.97, 122.0, 0.0, 0.0
20210325130911.08, 121.9, 0.0, 0.0
20210325130912.17, 121.9, 0.0, 0.0
20210325130913.27, 121.9, 0.0, 0.0
20210325130914.34, 121.9, 0.0, 0.0
20210325130915.39, 121.9, 0.0, 0.0
20210325130916.44, 121.9, 0.0, 0.0
20210325130917.48, 121.9, 0.0, 0.0
20210325130918.58, 121.9, 0.0, 0.0
20210325130919.76, 122.0, 0.0, 0.0
20210325130920.86, 122.0, 0.0, 0.0
20210325130921.95, 122.0, 0.0, 0.0
20210325130923.05, 122.0, 0.0, 0.0
20210325130924.14, 122.0, 0.0, 0.0
20210325130925.25, 122.0, 0.0, 0.0
20210325130926.36, 122.0, 0.0, 0.0
20210325130927.44, 122.0, 0.0, 0.0
20210325130928.49, 122.0, 0.0, 0.0
20210325130929.58, 122.0, 0.0, 0.0
20210325130930.66, 122.0, 0.0, 0.0
20210325130931.75, 122.0, 0.0, 0.0
20210325130932.85, 122.0, 0.0, 0.0
20210325130933.93, 121.9, 0.0, 0.0
20210325130935.08, 122.0, 0.0, 0.0
20210325130936.18, 122.0, 0.0, 0.0
20210325130937.3, 121.9, 0.0, 0.0
20210325130938.4, 121.9, 0.0, 0.0
20210325130939.51, 121.9, 0.0, 0.0
20210325130940.55, 121.9, 0.0, 0.0
20210325130941.68, 122.0, 0.0, 0.0
20210325130942.79, 122.0, 0.0, 0.0
20210325130943.86, 122.0, 0.0, 0.0
20210325130944.94, 122.0, 0.0, 0.0
20210325130946.02, 121.9, 0.0, 0.0
20210325130947.1, 121.9, 0.0, 0.0
20210325130948.21, 121.9, 0.0, 0.0
20210325130949.31, 121.9, 0.0, 0.0
20210325130950.37, 121.9, 0.0, 0.0
20210325130951.47, 121.9, 0.0, 0.0
20210325130952.52, 122.0, 0.0, 0.0
20210325130953.61, 121.9, 0.0, 0.0
20210325130954.71, 121.9, 0.0, 0.0
20210325130955.82, 122.0, 0.0, 0.0
20210325130956.88, 122.0, 0.0, 0.0
20210325130957.99, 121.9, 0.0, 0.0
20210325130959.08, 121.9, 0.0, 0.0
20210325131000.18, 121.9, 0.0, 0.0
20210325131001.24, 121.9, 0.0, 0.0
20210325131002.32, 121.8, 0.0, 0.0
20210325131003.39, 121.8, 0.0, 0.0
20210325131004.46, 121.9, 0.0, 0.0
20210325131005.52, 121.9, 0.0, 0.0
20210325131006.63, 121.8, 0.0, 0.0
20210325131007.77, 121.8, 0.0, 0.0
20210325131008.86, 121.8, 0.0, 0.0
20210325131009.93, 121.8, 0.0, 0.0
20210325131011.04, 121.9, 0.0, 0.0
20210325131012.11, 122.0, 0.0, 0.0
20210325131013.23, 122.0, 0.0, 0.0
20210325131014.32, 122.0, 0.0, 0.0
20210325131015.36, 122.0, 0.0, 0.0
20210325131016.45, 122.0, 0.0, 0.0
20210325131017.58, 122.0, 0.0, 0.0
20210325131018.66, 122.0, 0.0, 0.0
20210325131019.77, 122.0, 0.0, 0.0
20210325131020.85, 122.1, 0.0, 0.0
20210325131021.89, 122.1, 0.0, 0.0
20210325131023.0, 122.1, 0.0, 0.0
20210325131024.05, 122.1, 0.0, 0.0
20210325131025.16, 122.1, 0.0, 0.0
20210325131026.2, 122.1, 0.0, 0.0
20210325131027.3, 122.1, 0.0, 0.0
20210325131028.38, 122.1, 0.0, 0.0
20210325131029.43, 122.1, 0.0, 0.0
20210325131030.56, 122.1, 0.0, 0.0
20210325131031.66, 122.1, 0.0, 0.0
20210325131032.78, 122.1, 0.0, 0.0
20210325131033.87, 122.1, 0.0, 0.0
20210325131034.98, 122.1, 0.0, 0.0
20210325131036.07, 122.1, 0.0, 0.0
20210325131037.16, 122.0, 0.0, 0.0
20210325131038.29, 122.0, 0.0, 0.0
20210325131039.37, 122.0, 0.0, 0.0
20210325131040.43, 122.0, 0.0, 0.0
20210325131041.48, 121.9, 0.0, 0.0
20210325131042.59, 121.9, 0.0, 0.0
20210325131043.7, 121.9, 0.0, 0.0
20210325131044.82, 121.9, 0.0, 0.0
20210325131045.87, 121.9, 0.0, 0.0
20210325131046.99, 121.9, 0.0, 0.0
20210325131048.14, 121.9, 0.0, 0.0
20210325131049.23, 121.9, 0.0, 0.0
20210325131050.35, 121.9, 0.0, 0.0
20210325131051.48, 122.0, 0.0, 0.0
20210325131052.6, 122.0, 0.0, 0.0
20210325131053.69, 121.9, 0.0, 0.0
20210325131054.74, 121.9, 0.0, 0.0
20210325131055.84, 121.9, 0.0, 0.0
20210325131056.92, 121.9, 0.0, 0.0
20210325131058.04, 121.9, 0.0, 0.0
20210325131059.13, 121.9, 0.0, 0.0
20210325131100.26, 121.9, 0.0, 0.0
20210325131101.36, 121.9, 0.0, 0.0
20210325131102.42, 122.0, 0.0, 0.0
20210325131103.48, 122.0, 0.0, 0.0
20210325131104.66, 121.9, 0.0, 0.0
20210325131105.79, 122.0, 0.0, 0.0
20210325131106.87, 122.0, 0.0, 0.0
20210325131107.94, 122.0, 0.0, 0.0
20210325131109.08, 122.0, 0.0, 0.0
20210325131110.17, 122.0, 0.0, 0.0
20210325131111.28, 122.0, 0.0, 0.0
20210325131112.36, 122.1, 0.0, 0.0
20210325131113.48, 122.1, 0.0, 0.0
20210325131114.57, 122.1, 0.0, 0.0
20210325131115.69, 122.1, 0.0, 0.0
20210325131116.79, 122.0, 0.0, 0.0
20210325131117.84, 122.0, 0.0, 0.0
20210325131118.94, 122.0, 0.0, 0.0
20210325131120.01, 122.0, 0.0, 0.0
20210325131121.09, 122.0, 0.0, 0.0
20210325131122.22, 122.0, 0.0, 0.0
20210325131123.29, 122.0, 0.0, 0.0
20210325131124.38, 122.0, 0.0, 0.0
20210325131125.47, 122.0, 0.0, 0.0
20210325131126.6, 122.0, 0.0, 0.0
20210325131127.72, 122.0, 0.0, 0.0
20210325131128.83, 122.0, 0.0, 0.0
20210325131129.88, 122.0, 0.0, 0.0
20210325131130.93, 122.0, 0.0, 0.0
20210325131132.03, 122.0, 0.0, 0.0
20210325131133.14, 122.0, 0.0, 0.0
20210325131134.19, 122.0, 0.0, 0.0
20210325131135.31, 122.0, 0.0, 0.0
20210325131136.38, 122.0, 0.0, 0.0
20210325131137.55, 122.0, 0.0, 0.0
20210325131138.64, 122.0, 0.0, 0.0
20210325131139.7, 122.0, 0.0, 0.0
20210325131140.82, 122.0, 0.0, 0.0
20210325131141.86, 122.0, 0.0, 0.0
20210325131142.95, 122.0, 0.0, 0.0
20210325131144.03, 122.0, 0.0, 0.0
20210325131145.14, 121.9, 0.0, 0.0
20210325131146.25, 121.9, 0.0, 0.0
20210325131147.34, 121.9, 0.0, 0.0
20210325131148.49, 121.9, 0.0, 0.0
20210325131149.59, 121.9, 0.0, 0.0
20210325131150.66, 121.9, 0.0, 0.0
20210325131151.77, 121.9, 0.0, 0.0
20210325131152.99, 121.9, 0.0, 0.0
20210325131154.03, 121.9, 0.0, 0.0
20210325131155.16, 121.9, 0.0, 0.0
20210325131156.21, 121.9, 0.0, 0.0
20210325131157.33, 121.9, 0.0, 0.0
20210325131158.44, 121.9, 0.0, 0.0
20210325131159.52, 121.9, 0.0, 0.0
20210325131200.61, 121.9, 0.0, 0.0
20210325131201.73, 121.9, 0.0, 0.0
20210325131202.85, 121.9, 0.0, 0.0
20210325131203.95, 121.9, 0.0, 0.0
20210325131205.07, 121.9, 0.0, 0.0
20210325131206.12, 122.0, 0.0, 0.0
20210325131207.36, 122.0, 0.0, 0.0
20210325131208.45, 122.0, 0.0, 0.0
20210325131209.53, 122.0, 0.0, 0.0
20210325131210.62, 122.0, 0.0, 0.0
20210325131211.73, 122.0, 0.0, 0.0
20210325131212.84, 122.0, 0.0, 0.0
20210325131213.93, 122.0, 0.0, 0.0
20210325131214.97, 122.0, 0.0, 0.0
20210325131216.04, 122.0, 0.0, 0.0
20210325131217.11, 122.0, 0.0, 0.0
20210325131218.16, 122.0, 0.0, 0.0
20210325131219.27, 122.0, 0.0, 0.0
20210325131220.38, 122.0, 0.0, 0.0
20210325131221.49, 122.0, 0.0, 0.0
20210325131222.64, 122.0, 0.0, 0.0
20210325131223.74, 122.0, 0.0, 0.0
20210325131224.86, 122.0, 0.0, 0.0
20210325131225.91, 122.0, 0.0, 0.0
20210325131226.96, 122.0, 0.0, 0.0
20210325131228.04, 121.9, 0.0, 0.0
20210325131229.16, 121.9, 0.0, 0.0
20210325131230.29, 122.0, 0.0, 0.0
20210325131231.37, 122.0, 0.0, 0.0
20210325131232.46, 121.9, 0.0, 0.0
20210325131233.52, 121.9, 0.0, 0.0
20210325131234.64, 122.0, 0.0, 0.0
20210325131235.75, 122.0, 0.0, 0.0
20210325131236.84, 121.9, 0.0, 0.0
20210325131237.93, 121.9, 0.0, 0.0
20210325131239.01, 122.0, 0.0, 0.0
20210325131240.29, 121.9, 0.0, 0.0
20210325131241.34, 121.9, 0.0, 0.0
20210325131242.45, 121.8, 0.0, 0.0
20210325131243.51, 121.8, 0.0, 0.0
20210325131244.63, 121.9, 0.0, 0.0
20210325131245.73, 121.9, 0.0, 0.0
20210325131246.85, 121.9, 0.0, 0.0
20210325131247.89, 121.9, 0.0, 0.0
20210325131248.97, 121.9, 0.0, 0.0
20210325131250.06, 121.9, 0.0, 0.0
20210325131251.14, 121.9, 0.0, 0.0
20210325131252.27, 121.9, 0.0, 0.0
20210325131253.36, 121.9, 0.0, 0.0
20210325131254.42, 121.9, 0.0, 0.0
20210325131255.51, 122.0, 0.0, 0.0
20210325131256.66, 122.0, 0.0, 0.0
20210325131257.8, 122.0, 0.0, 0.0
20210325131258.87, 122.1, 0.0, 0.0
20210325131259.97, 122.1, 0.0, 0.0
20210325131301.06, 122.0, 0.0, 0.0
20210325131302.13, 122.0, 0.0, 0.0
20210325131303.23, 122.0, 0.0, 0.0
20210325131304.33, 122.0, 0.0, 0.0
20210325131305.39, 122.1, 0.0, 0.0
20210325131306.48, 122.1, 0.0, 0.0
20210325131307.6, 122.1, 0.0, 0.0
20210325131308.64, 122.1, 0.0, 0.0
20210325131309.71, 122.1, 0.0, 0.0
20210325131310.83, 122.1, 0.0, 0.0
20210325131311.88, 122.1, 0.0, 0.0
20210325131312.99, 122.1, 0.0, 0.0
20210325131314.09, 122.1, 0.0, 0.0
20210325131315.16, 122.1, 0.0, 0.0
20210325131316.32, 122.1, 0.0, 0.0
20210325131317.39, 122.0, 0.0, 0.0
20210325131318.45, 122.0, 0.0, 0.0
20210325131319.56, 121.9, 0.0, 0.0
20210325131320.65, 121.9, 0.0, 0.0
20210325131321.75, 121.9, 0.0, 0.0
20210325131322.85, 121.9, 0.0, 0.0
20210325131323.92, 121.9, 0.0, 0.0
20210325131325.01, 121.9, 0.0, 0.0
20210325131326.08, 121.9, 0.0, 0.0
20210325131327.18, 121.9, 0.0, 0.0
20210325131328.32, 121.9, 0.0, 0.0
20210325131329.4, 121.9, 0.0, 0.0
20210325131330.5, 121.9, 0.0, 0.0
20210325131331.55, 121.9, 0.0, 0.0
20210325131332.66, 122.0, 0.0, 0.0
20210325131333.75, 121.9, 0.0, 0.0
20210325131334.84, 121.9, 0.0, 0.0
20210325131335.9, 121.9, 0.0, 0.0
20210325131337.03, 121.9, 0.0, 0.0
20210325131338.07, 121.9, 0.0, 0.0
20210325131339.19, 121.9, 0.0, 0.0
20210325131340.3, 121.9, 0.0, 0.0
20210325131341.37, 121.9, 0.0, 0.0
20210325131342.43, 121.9, 0.0, 0.0
20210325131343.55, 121.9, 0.0, 0.0
20210325131344.67, 121.9, 0.0, 0.0
20210325131345.77, 121.9, 0.0, 0.0
20210325131346.86, 122.0, 0.0, 0.0
20210325131348.0, 122.0, 0.0, 0.0
20210325131349.08, 122.0, 0.0, 0.0
20210325131350.18, 122.0, 0.0, 0.0
20210325131351.31, 122.0, 0.0, 0.0
20210325131352.38, 122.1, 0.0, 0.0
20210325131353.48, 122.1, 0.0, 0.0
20210325131354.59, 122.1, 0.0, 0.0
20210325131355.7, 122.1, 0.0, 0.0
20210325131356.81, 122.0, 0.0, 0.0
20210325131357.86, 122.0, 0.0, 0.0
20210325131358.98, 122.0, 0.0, 0.0
20210325131400.06, 122.0, 0.0, 0.0
20210325131401.11, 122.1, 0.0, 0.0
20210325131402.2, 122.1, 0.0, 0.0
20210325131403.3, 122.0, 0.0, 0.0
20210325131404.37, 122.0, 0.0, 0.0
20210325131405.45, 122.1, 0.0, 0.0
20210325131406.57, 122.1, 0.0, 0.0
20210325131407.69, 122.1, 0.0, 0.0
20210325131408.79, 122.0, 0.0, 0.0
20210325131409.86, 122.0, 0.0, 0.0
20210325131410.99, 122.1, 0.0, 0.0
20210325131412.04, 122.1, 0.0, 0.0
20210325131413.13, 122.0, 0.0, 0.0
20210325131414.25, 122.0, 0.0, 0.0
20210325131415.34, 122.0, 0.0, 0.0
20210325131416.39, 122.0, 0.0, 0.0
20210325131417.51, 122.0, 0.0, 0.0
20210325131418.61, 122.0, 0.0, 0.0
20210325131419.75, 122.0, 0.0, 0.0
20210325131420.83, 122.0, 0.0, 0.0
20210325131421.92, 122.0, 0.0, 0.0
20210325131423.04, 122.0, 0.0, 0.0
20210325131424.12, 122.0, 0.0, 0.0
20210325131425.18, 122.1, 0.0, 0.0
20210325131426.28, 122.1, 0.0, 0.0
20210325131427.35, 122.0, 0.0, 0.0
20210325131428.46, 122.0, 0.0, 0.0
20210325131429.59, 122.0, 0.0, 0.0
20210325131430.66, 122.0, 0.0, 0.0
20210325131431.72, 122.1, 0.0, 0.0
20210325131432.78, 122.1, 0.0, 0.0
20210325131433.86, 122.1, 0.0, 0.0
20210325131434.93, 122.1, 0.0, 0.0
20210325131436.0, 122.1, 0.0, 0.0
20210325131437.05, 122.1, 0.0, 0.0
20210325131438.14, 122.1, 0.0, 0.0
20210325131439.26, 122.1, 0.0, 0.0
20210325131440.35, 122.1, 0.0, 0.0
20210325131441.44, 122.1, 0.0, 0.0
20210325131442.55, 122.1, 0.0, 0.0
20210325131443.68, 122.1, 0.0, 0.0
20210325131444.77, 122.1, 0.0, 0.0
20210325131445.86, 122.1, 0.0, 0.0
20210325131446.97, 122.1, 0.0, 0.0
20210325131448.04, 122.1, 0.0, 0.0
20210325131449.14, 122.1, 0.0, 0.0
20210325131450.22, 122.1, 0.0, 0.0
20210325131451.33, 122.1, 0.0, 0.0
20210325131452.38, 122.1, 0.0, 0.0
20210325131453.51, 122.1, 0.0, 0.0
20210325131454.64, 122.0, 0.0, 0.0
20210325131455.75, 122.0, 0.0, 0.0
20210325131456.84, 122.1, 0.0, 0.0
20210325131457.93, 122.1, 0.0, 0.0
20210325131459.04, 122.0, 0.0, 0.0
20210325131500.13, 122.1, 0.0, 0.0
20210325131501.17, 122.1, 0.0, 0.0
20210325131502.26, 122.1, 0.0, 0.0
20210325131503.34, 122.1, 0.0, 0.0
20210325131504.41, 122.0, 0.0, 0.0
20210325131505.46, 122.0, 0.0, 0.0
20210325131506.5, 122.0, 0.0, 0.0
20210325131507.64, 122.0, 0.0, 0.0
20210325131508.75, 122.1, 0.0, 0.0
20210325131509.82, 122.1, 0.0, 0.0
20210325131510.88, 122.1, 0.0, 0.0
20210325131511.94, 122.1, 0.0, 0.0
20210325131513.05, 122.1, 0.0, 0.0
20210325131514.11, 122.1, 0.0, 0.0
20210325131515.17, 121.8, 0.0, 0.0
20210325131516.28, 121.8, 0.0, 0.0
20210325131517.38, 121.8, 0.0, 0.0
20210325131518.43, 121.8, 0.0, 0.0
20210325131519.53, 121.9, 0.0, 0.0
20210325131520.71, 121.8, 0.0, 0.0
20210325131521.75, 121.8, 0.0, 0.0
20210325131522.84, 121.8, 0.0, 0.0
20210325131523.91, 121.8, 0.0, 0.0
20210325131525.04, 121.7, 0.0, 0.0
20210325131526.12, 121.7, 0.0, 0.0
20210325131527.23, 121.8, 0.0, 0.0
20210325131528.31, 121.8, 0.0, 0.0
20210325131529.38, 121.8, 0.0, 0.0
20210325131530.44, 121.8, 0.0, 0.0
20210325131531.54, 121.9, 0.0, 0.0
20210325131532.65, 121.9, 0.0, 0.0
20210325131533.75, 121.8, 0.0, 0.0
20210325131534.84, 121.8, 0.0, 0.0
20210325131535.89, 121.8, 0.0, 0.0
20210325131536.98, 121.8, 0.0, 0.0
20210325131538.08, 121.8, 0.0, 0.0
20210325131539.17, 121.8, 0.0, 0.0
20210325131540.32, 121.8, 0.0, 0.0
20210325131541.41, 121.8, 0.0, 0.0
20210325131542.49, 121.8, 0.0, 0.0
20210325131543.55, 121.9, 0.0, 0.0
20210325131544.69, 121.9, 0.0, 0.0
20210325131545.79, 121.8, 0.0, 0.0
20210325131546.88, 121.8, 0.0, 0.0
20210325131547.98, 121.7, 0.0, 0.0
20210325131549.09, 121.7, 0.0, 0.0
20210325131550.14, 121.7, 0.0, 0.0
20210325131551.29, 121.7, 0.0, 0.0
20210325131552.36, 121.6, 0.0, 0.0
20210325131553.43, 121.6, 0.0, 0.0
20210325131554.49, 121.6, 0.0, 0.0
20210325131555.57, 121.6, 0.0, 0.0
20210325131556.7, 121.6, 0.0, 0.0
20210325131557.79, 121.6, 0.0, 0.0
20210325131558.87, 121.6, 0.0, 0.0
20210325131559.92, 121.6, 0.0, 0.0
20210325131601.03, 121.6, 0.0, 0.0
20210325131602.1, 121.6, 0.0, 0.0
20210325131603.21, 121.6, 0.0, 0.0
20210325131604.32, 121.6, 0.0, 0.0
20210325131605.43, 121.6, 0.0, 0.0
20210325131606.55, 121.6, 0.0, 0.0
20210325131607.67, 121.6, 0.0, 0.0
20210325131608.8, 121.7, 0.0, 0.0
20210325131609.86, 121.7, 0.0, 0.0
20210325131610.95, 121.7, 0.0, 0.0
20210325131612.04, 121.7, 0.0, 0.0
20210325131613.18, 121.7, 0.0, 0.0
20210325131614.27, 121.7, 0.0, 0.0
20210325131615.35, 121.7, 0.0, 0.0
20210325131616.44, 121.7, 0.0, 0.0
20210325131617.58, 121.7, 0.0, 0.0
20210325131618.68, 121.6, 0.0, 0.0
20210325131619.82, 121.6, 0.0, 0.0
20210325131620.88, 121.7, 0.0, 0.0
20210325131622.01, 121.7, 0.0, 0.0
20210325131623.11, 121.7, 0.0, 0.0
20210325131624.23, 121.7, 0.0, 0.0
20210325131625.34, 121.6, 0.0, 0.0
20210325131626.39, 121.6, 0.0, 0.0
20210325131627.45, 121.7, 0.0, 0.0
20210325131628.57, 121.7, 0.0, 0.0
20210325131629.64, 121.7, 0.0, 0.0
20210325131630.71, 121.7, 0.0, 0.0
20210325131631.82, 121.7, 0.0, 0.0
20210325131632.87, 121.7, 0.0, 0.0
20210325131634.0, 121.7, 0.0, 0.0
20210325131635.12, 121.7, 0.0, 0.0
20210325131636.22, 121.7, 0.0, 0.0
20210325131637.32, 121.6, 0.0, 0.0
20210325131638.42, 121.6, 0.0, 0.0
20210325131639.51, 121.6, 0.0, 0.0
20210325131640.6, 121.6, 0.0, 0.0
20210325131641.66, 121.6, 0.0, 0.0
20210325131642.77, 121.6, 0.0, 0.0
20210325131643.86, 121.6, 0.0, 0.0
20210325131644.91, 121.6, 0.0, 0.0
20210325131646.02, 121.6, 0.0, 0.0
20210325131647.09, 121.6, 0.0, 0.0
20210325131648.14, 121.6, 0.0, 0.0
20210325131649.26, 121.6, 0.0, 0.0
20210325131650.32, 121.6, 0.0, 0.0
20210325131651.38, 121.6, 0.0, 0.0
20210325131652.48, 121.6, 0.0, 0.0
20210325131653.58, 121.5, 0.0, 0.0
20210325131654.71, 121.5, 0.0, 0.0
20210325131655.8, 121.5, 0.0, 0.0
20210325131656.87, 121.5, 0.0, 0.0
20210325131657.96, 121.6, 0.0, 0.0
20210325131659.04, 121.6, 0.0, 0.0
20210325131700.11, 121.5, 0.0, 0.0
20210325131701.15, 121.5, 0.0, 0.0
20210325131702.25, 121.6, 0.0, 0.0
20210325131703.36, 121.6, 0.0, 0.0
20210325131704.46, 121.6, 0.0, 0.0
20210325131705.65, 121.6, 0.0, 0.0
20210325131706.7, 121.6, 0.0, 0.0
20210325131707.82, 121.7, 0.0, 0.0
20210325131708.89, 121.7, 0.0, 0.0
20210325131709.99, 121.7, 0.0, 0.0
20210325131711.09, 121.7, 0.0, 0.0
20210325131712.2, 121.7, 0.0, 0.0
20210325131713.29, 121.7, 0.0, 0.0
20210325131714.36, 121.7, 0.0, 0.0
20210325131715.43, 121.7, 0.0, 0.0
20210325131716.55, 121.6, 0.0, 0.0
20210325131717.66, 121.6, 0.0, 0.0
20210325131718.8, 121.6, 0.0, 0.0
20210325131719.88, 121.6, 0.0, 0.0
20210325131720.93, 121.6, 0.0, 0.0
20210325131722.01, 121.6, 0.0, 0.0
20210325131723.12, 121.6, 0.0, 0.0
20210325131724.21, 121.7, 0.0, 0.0
20210325131725.33, 121.7, 0.0, 0.0
20210325131726.45, 121.6, 0.0, 0.0
20210325131727.54, 121.6, 0.0, 0.0
20210325131728.65, 121.7, 0.0, 0.0
20210325131729.74, 121.7, 0.0, 0.0
20210325131730.84, 121.6, 0.0, 0.0
20210325131731.95, 121.6, 0.0, 0.0
20210325131733.07, 121.6, 0.0, 0.0
20210325131734.2, 121.6, 0.0, 0.0
20210325131735.32, 121.6, 0.0, 0.0
20210325131736.45, 121.6, 0.0, 0.0
20210325131737.5, 121.6, 0.0, 0.0
20210325131738.63, 121.6, 0.0, 0.0
20210325131739.75, 121.6, 0.0, 0.0
20210325131740.83, 121.6, 0.0, 0.0
20210325131741.89, 121.6, 0.0, 0.0
20210325131742.95, 121.6, 0.0, 0.0
20210325131744.04, 121.6, 0.0, 0.0
20210325131745.1, 121.6, 0.0, 0.0
20210325131746.19, 121.6, 0.0, 0.0
20210325131747.3, 121.7, 0.0, 0.0
20210325131748.39, 121.7, 0.0, 0.0
20210325131749.5, 121.6, 0.0, 0.0
20210325131750.62, 121.6, 0.0, 0.0
20210325131751.76, 121.6, 0.0, 0.0
20210325131752.86, 121.6, 0.0, 0.0
20210325131753.96, 121.6, 0.0, 0.0
20210325131755.08, 121.6, 0.0, 0.0
20210325131756.22, 121.6, 0.0, 0.0
20210325131757.33, 121.6, 0.0, 0.0
20210325131758.37, 121.6, 0.0, 0.0
20210325131759.45, 121.7, 0.0, 0.0
20210325131800.57, 121.7, 0.0, 0.0
20210325131801.62, 121.6, 0.0, 0.0
20210325131802.68, 121.6, 0.0, 0.0
20210325131803.79, 121.6, 0.0, 0.0
20210325131804.86, 121.6, 0.0, 0.0
20210325131805.92, 121.6, 0.0, 0.0
20210325131807.06, 121.6, 0.0, 0.0
20210325131808.15, 121.7, 0.0, 0.0
20210325131809.34, 121.6, 0.0, 0.0
20210325131810.38, 121.6, 0.0, 0.0
20210325131811.48, 121.6, 0.0, 0.0
20210325131812.58, 121.6, 0.0, 0.0
20210325131813.66, 121.7, 0.0, 0.0
20210325131814.77, 121.7, 0.0, 0.0
20210325131815.85, 121.7, 0.0, 0.0
20210325131816.93, 121.7, 0.0, 0.0
20210325131818.05, 121.6, 0.0, 0.0
20210325131819.13, 121.6, 0.0, 0.0
20210325131820.23, 121.6, 0.0, 0.0
20210325131821.35, 121.6, 0.0, 0.0
20210325131822.41, 121.6, 0.0, 0.0
20210325131823.51, 121.6, 0.0, 0.0
20210325131824.57, 121.6, 0.0, 0.0
20210325131825.62, 121.6, 0.0, 0.0
20210325131826.71, 121.6, 0.0, 0.0
20210325131827.83, 121.6, 0.0, 0.0
20210325131828.89, 121.6, 0.0, 0.0
20210325131829.94, 121.6, 0.0, 0.0
20210325131831.0, 121.6, 0.0, 0.0
20210325131832.05, 121.6, 0.0, 0.0
20210325131833.15, 121.6, 0.0, 0.0
20210325131834.23, 121.7, 0.0, 0.0
20210325131835.34, 121.7, 0.0, 0.0
20210325131836.41, 121.7, 0.0, 0.0
20210325131837.47, 121.7, 0.0, 0.0
20210325131838.61, 121.7, 0.0, 0.0
20210325131839.75, 121.7, 0.0, 0.0
20210325131840.85, 121.7, 0.0, 0.0
20210325131841.91, 121.7, 0.0, 0.0
20210325131843.0, 121.7, 0.0, 0.0
20210325131844.09, 121.7, 0.0, 0.0
20210325131845.2, 121.7, 0.0, 0.0
20210325131846.39, 121.6, 0.0, 0.0
20210325131847.46, 121.6, 0.0, 0.0
20210325131848.55, 121.7, 0.0, 0.0
20210325131849.6, 121.7, 0.0, 0.0
20210325131850.67, 121.7, 0.0, 0.0
20210325131851.8, 121.7, 0.0, 0.0
20210325131852.86, 121.6, 0.0, 0.0
20210325131853.98, 121.6, 0.0, 0.0
20210325131855.05, 121.7, 0.0, 0.0
20210325131856.13, 121.7, 0.0, 0.0
20210325131857.26, 121.7, 0.0, 0.0
20210325131858.36, 121.7, 0.0, 0.0
20210325131859.45, 121.7, 0.0, 0.0
20210325131900.54, 121.7, 0.0, 0.0
20210325131901.66, 121.7, 0.0, 0.0
20210325131902.76, 121.6, 0.0, 0.0
20210325131903.86, 121.6, 0.0, 0.0
20210325131904.97, 121.6, 0.0, 0.0
20210325131906.08, 121.6, 0.0, 0.0
20210325131907.2, 121.7, 0.0, 0.0
20210325131908.32, 121.7, 0.0, 0.0
20210325131909.38, 121.7, 0.0, 0.0
20210325131910.49, 121.7, 0.0, 0.0
20210325131911.62, 121.7, 0.0, 0.0
20210325131912.66, 121.7, 0.0, 0.0
20210325131913.77, 121.7, 0.0, 0.0
20210325131914.85, 121.7, 0.0, 0.0
20210325131915.96, 121.7, 0.0, 0.0
20210325131917.23, 121.6, 0.0, 0.0
20210325131918.29, 121.6, 0.0, 0.0
20210325131919.34, 121.7, 0.0, 0.0
20210325131920.39, 121.7, 0.0, 0.0
20210325131921.43, 121.6, 0.0, 0.0
20210325131922.55, 121.6, 0.0, 0.0
20210325131923.68, 121.6, 0.0, 0.0
20210325131924.77, 121.6, 0.0, 0.0
20210325131925.86, 121.6, 0.0, 0.0
20210325131926.92, 121.6, 0.0, 0.0
20210325131928.02, 121.7, 0.0, 0.0
20210325131929.07, 121.7, 0.0, 0.0
20210325131930.19, 121.8, 0.0, 0.0
20210325131931.27, 121.8, 0.0, 0.0
20210325131932.36, 121.8, 0.0, 0.0
20210325131933.48, 121.8, 0.0, 0.0
20210325131934.54, 121.8, 0.0, 0.0
20210325131935.74, 121.8, 0.0, 0.0
20210325131936.79, 121.8, 0.0, 0.0
20210325131937.85, 121.8, 0.0, 0.0
20210325131938.98, 121.8, 0.0, 0.0
20210325131940.03, 121.8, 0.0, 0.0
20210325131941.12, 121.8, 0.0, 0.0
20210325131942.23, 121.8, 0.0, 0.0
20210325131943.34, 121.8, 0.0, 0.0
20210325131944.43, 121.7, 0.0, 0.0
20210325131945.55, 121.7, 0.0, 0.0
20210325131946.62, 121.7, 0.0, 0.0
20210325131947.76, 121.7, 0.0, 0.0
20210325131948.85, 121.7, 0.0, 0.0
20210325131949.91, 121.7, 0.0, 0.0
20210325131950.95, 121.7, 0.0, 0.0
20210325131952.03, 121.7, 0.0, 0.0
20210325131953.11, 121.7, 0.0, 0.0
20210325131954.26, 121.8, 0.0, 0.0
20210325131955.33, 121.8, 0.0, 0.0
20210325131956.42, 121.7, 0.0, 0.0
20210325131957.51, 121.7, 0.0, 0.0
20210325131958.62, 121.7, 0.0, 0.0
20210325131959.74, 121.7, 0.0, 0.0
20210325132000.84, 121.7, 0.0, 0.0
20210325132001.92, 121.7, 0.0, 0.0
20210325132003.03, 121.6, 0.0, 0.0
20210325132004.11, 121.6, 0.0, 0.0
20210325132005.14, 121.6, 0.0, 0.0
20210325132006.25, 121.6, 0.0, 0.0
20210325132007.34, 121.7, 0.0, 0.0
20210325132008.43, 121.7, 0.0, 0.0
20210325132009.47, 121.7, 0.0, 0.0
20210325132010.71, 121.7, 0.0, 0.0
20210325132011.79, 121.7, 0.0, 0.0
20210325132012.85, 121.7, 0.0, 0.0
20210325132013.99, 121.7, 0.0, 0.0
20210325132015.11, 121.6, 0.0, 0.0
20210325132016.22, 121.6, 0.0, 0.0
20210325132017.34, 121.6, 0.0, 0.0
20210325132018.42, 121.6, 0.0, 0.0
20210325132019.51, 121.6, 0.0, 0.0
20210325132020.62, 121.6, 0.0, 0.0
20210325132021.73, 121.6, 0.0, 0.0
20210325132022.82, 121.6, 0.0, 0.0
20210325132023.89, 121.7, 0.0, 0.0
20210325132025.1, 121.7, 0.0, 0.0
20210325132026.15, 121.7, 0.0, 0.0
20210325132027.2, 121.7, 0.0, 0.0
20210325132028.3, 121.7, 0.0, 0.0
20210325132029.36, 121.7, 0.0, 0.0
20210325132030.5, 121.7, 0.0, 0.0
20210325132031.61, 121.7, 0.0, 0.0
20210325132032.71, 121.7, 0.0, 0.0
20210325132033.83, 121.6, 0.0, 0.0
20210325132034.88, 121.6, 0.0, 0.0
20210325132035.94, 121.6, 0.0, 0.0
20210325132037.07, 121.6, 0.0, 0.0
20210325132038.18, 121.7, 0.0, 0.0
20210325132039.25, 121.7, 0.0, 0.0
20210325132040.34, 121.7, 0.0, 0.0
20210325132041.45, 121.7, 0.0, 0.0
20210325132042.62, 121.8, 0.0, 0.0
20210325132043.73, 121.8, 0.0, 0.0
20210325132044.84, 121.8, 0.0, 0.0
20210325132045.95, 121.8, 0.0, 0.0
20210325132047.07, 121.8, 0.0, 0.0
20210325132048.14, 121.8, 0.0, 0.0
20210325132049.29, 121.8, 0.0, 0.0
20210325132050.36, 121.8, 0.0, 0.0
20210325132051.48, 121.8, 0.0, 0.0
20210325132052.52, 121.8, 0.0, 0.0
20210325132053.6, 121.8, 0.0, 0.0
20210325132054.7, 121.8, 0.0, 0.0
20210325132055.83, 121.8, 0.0, 0.0
20210325132056.89, 121.8, 0.0, 0.0
20210325132057.94, 121.7, 0.0, 0.0
20210325132059.05, 121.7, 0.0, 0.0
20210325132100.1, 121.7, 0.0, 0.0
20210325132101.15, 121.7, 0.0, 0.0
20210325132102.2, 121.7, 0.0, 0.0
20210325132103.32, 121.7, 0.0, 0.0
20210325132104.43, 121.6, 0.0, 0.0
20210325132105.53, 121.6, 0.0, 0.0
20210325132106.67, 121.6, 0.0, 0.0
20210325132107.78, 121.6, 0.0, 0.0
20210325132108.85, 121.7, 0.0, 0.0
20210325132109.94, 121.7, 0.0, 0.0
20210325132111.01, 121.7, 0.0, 0.0
20210325132112.11, 121.7, 0.0, 0.0
20210325132113.19, 121.7, 0.0, 0.0
20210325132114.3, 121.7, 0.0, 0.0
20210325132115.35, 121.6, 0.0, 0.0
20210325132116.48, 121.6, 0.0, 0.0
20210325132117.56, 121.6, 0.0, 0.0
20210325132118.65, 121.6, 0.0, 0.0
20210325132119.76, 121.6, 0.0, 0.0
20210325132120.86, 121.7, 0.0, 0.0
20210325132121.9, 121.7, 0.0, 0.0
20210325132122.94, 121.7, 0.0, 0.0
20210325132123.99, 121.7, 0.0, 0.0
20210325132125.08, 121.7, 0.0, 0.0
20210325132126.16, 121.7, 0.0, 0.0
20210325132127.26, 121.7, 0.0, 0.0
20210325132128.33, 121.7, 0.0, 0.0
20210325132129.39, 121.8, 0.0, 0.0
20210325132130.48, 121.8, 0.0, 0.0
20210325132131.55, 121.7, 0.0, 0.0
20210325132132.68, 121.7, 0.0, 0.0
20210325132133.74, 121.8, 0.0, 0.0
20210325132134.82, 121.8, 0.0, 0.0
20210325132135.93, 121.8, 0.0, 0.0
20210325132137.0, 121.7, 0.0, 0.0
20210325132138.09, 121.7, 0.0, 0.0
20210325132139.2, 121.8, 0.0, 0.0
20210325132140.31, 121.8, 0.0, 0.0
20210325132141.37, 121.8, 0.0, 0.0
20210325132142.42, 121.8, 0.0, 0.0
20210325132143.48, 121.8, 0.0, 0.0
20210325132144.61, 121.8, 0.0, 0.0
20210325132145.74, 121.8, 0.0, 0.0
20210325132146.84, 121.8, 0.0, 0.0
20210325132147.94, 121.8, 0.0, 0.0
20210325132149.06, 121.8, 0.0, 0.0
20210325132150.12, 121.7, 0.0, 0.0
20210325132151.21, 121.7, 0.0, 0.0
20210325132152.31, 121.7, 0.0, 0.0
20210325132153.39, 121.7, 0.0, 0.0
20210325132154.45, 121.7, 0.0, 0.0
20210325132155.56, 121.7, 0.0, 0.0
20210325132156.62, 121.7, 0.0, 0.0
20210325132157.7, 121.7, 0.0, 0.0
20210325132158.77, 121.7, 0.0, 0.0
20210325132159.84, 121.7, 0.0, 0.0
20210325132200.93, 121.7, 0.0, 0.0
20210325132202.03, 121.6, 0.0, 0.0
20210325132203.17, 121.6, 0.0, 0.0
20210325132204.27, 121.6, 0.0, 0.0
20210325132205.33, 121.6, 0.0, 0.0
20210325132206.43, 121.7, 0.0, 0.0
20210325132207.48, 121.7, 0.0, 0.0
20210325132208.53, 121.6, 0.0, 0.0
20210325132209.62, 121.6, 0.0, 0.0
20210325132210.66, 121.7, 0.0, 0.0
20210325132211.81, 121.7, 0.0, 0.0
20210325132212.87, 121.7, 0.0, 0.0
20210325132213.91, 121.7, 0.0, 0.0
20210325132214.99, 121.7, 0.0, 0.0
20210325132216.09, 121.7, 0.0, 0.0
20210325132217.16, 121.7, 0.0, 0.0
20210325132218.3, 121.7, 0.0, 0.0
20210325132219.35, 121.7, 0.0, 0.0
20210325132220.44, 121.7, 0.0, 0.0
20210325132221.55, 121.7, 0.0, 0.0
20210325132222.61, 121.7, 0.0, 0.0
20210325132223.71, 121.7, 0.0, 0.0
20210325132224.8, 121.7, 0.0, 0.0
20210325132225.86, 121.7, 0.0, 0.0
20210325132226.9, 121.6, 0.0, 0.0
20210325132227.98, 121.6, 0.0, 0.0
20210325132229.08, 121.7, 0.0, 0.0
20210325132230.18, 121.7, 0.0, 0.0
20210325132231.29, 121.7, 0.0, 0.0
20210325132232.37, 121.7, 0.0, 0.0
20210325132233.41, 121.6, 0.0, 0.0
20210325132234.53, 121.6, 0.0, 0.0
20210325132235.68, 121.6, 0.0, 0.0
20210325132236.77, 121.6, 0.0, 0.0
20210325132237.84, 121.6, 0.0, 0.0
20210325132238.89, 121.6, 0.0, 0.0
20210325132240.03, 121.6, 0.0, 0.0
20210325132241.07, 121.6, 0.0, 0.0
20210325132242.11, 121.6, 0.0, 0.0
20210325132243.19, 121.6, 0.0, 0.0
20210325132244.29, 121.6, 0.0, 0.0
20210325132245.38, 121.6, 0.0, 0.0
20210325132246.46, 121.6, 0.0, 0.0
20210325132247.6, 121.6, 0.0, 0.0
20210325132248.72, 121.6, 0.0, 0.0
20210325132249.83, 121.6, 0.0, 0.0
20210325132250.94, 121.6, 0.0, 0.0
20210325132252.09, 121.6, 0.0, 0.0
20210325132253.14, 121.6, 0.0, 0.0
20210325132254.2, 121.6, 0.0, 0.0
20210325132255.3, 121.6, 0.0, 0.0
20210325132256.38, 121.6, 0.0, 0.0
20210325132257.44, 121.6, 0.0, 0.0
20210325132258.53, 121.6, 0.0, 0.0
20210325132259.64, 121.6, 0.0, 0.0
20210325132300.75, 121.6, 0.0, 0.0
20210325132301.82, 121.6, 0.0, 0.0
20210325132302.96, 121.6, 0.0, 0.0
20210325132304.04, 121.6, 0.0, 0.0
20210325132305.18, 121.6, 0.0, 0.0
20210325132306.3, 121.6, 0.0, 0.0
20210325132307.44, 121.7, 0.0, 0.0
20210325132308.57, 121.7, 0.0, 0.0
20210325132309.7, 121.5, 0.0, 0.0
20210325132310.78, 121.5, 0.0, 0.0
20210325132311.85, 121.7, 0.0, 0.0
20210325132312.93, 121.7, 0.0, 0.0
20210325132314.01, 121.6, 0.0, 0.0
20210325132315.11, 121.6, 0.0, 0.0
20210325132316.22, 121.6, 0.0, 0.0
20210325132317.34, 121.6, 0.0, 0.0
20210325132318.41, 121.7, 0.0, 0.0
20210325132319.49, 121.7, 0.0, 0.0
20210325132320.56, 121.7, 0.0, 0.0
20210325132321.65, 121.7, 0.0, 0.0
20210325132322.7, 121.7, 0.0, 0.0
20210325132323.81, 121.7, 0.0, 0.0
20210325132324.87, 121.6, 0.0, 0.0
20210325132325.93, 121.6, 0.0, 0.0
20210325132327.01, 121.6, 0.0, 0.0
20210325132328.09, 121.6, 0.0, 0.0
20210325132329.14, 121.6, 0.0, 0.0
20210325132330.19, 121.5, 0.0, 0.0
20210325132331.31, 121.5, 0.0, 0.0
20210325132332.45, 121.5, 0.0, 0.0
20210325132333.5, 121.5, 0.0, 0.0
20210325132334.61, 121.6, 0.0, 0.0
20210325132335.76, 121.6, 0.0, 0.0
20210325132336.84, 121.6, 0.0, 0.0
20210325132337.93, 121.6, 0.0, 0.0
20210325132339.02, 121.6, 0.0, 0.0
20210325132340.09, 121.6, 0.0, 0.0
20210325132341.18, 121.6, 0.0, 0.0
20210325132342.31, 121.6, 0.0, 0.0
20210325132343.46, 121.6, 0.0, 0.0
20210325132344.59, 121.6, 0.0, 0.0
20210325132345.72, 121.6, 0.0, 0.0
20210325132346.79, 121.6, 0.0, 0.0
20210325132347.88, 121.6, 0.0, 0.0
20210325132348.93, 121.5, 0.0, 0.0
20210325132349.97, 121.5, 0.0, 0.0
20210325132351.1, 121.5, 0.0, 0.0
20210325132352.21, 121.5, 0.0, 0.0
20210325132353.3, 121.5, 0.0, 0.0
20210325132354.36, 121.5, 0.0, 0.0
20210325132355.49, 121.5, 0.0, 0.0
20210325132356.55, 121.5, 0.0, 0.0
20210325132357.59, 121.6, 0.0, 0.0
20210325132358.64, 121.6, 0.0, 0.0
20210325132359.68, 121.6, 0.0, 0.0
20210325132400.92, 121.5, 0.0, 0.0
20210325132401.97, 121.5, 0.0, 0.0
20210325132403.08, 121.5, 0.0, 0.0
20210325132404.12, 121.5, 0.0, 0.0
20210325132405.2, 121.6, 0.0, 0.0
20210325132406.28, 121.6, 0.0, 0.0
20210325132407.32, 121.6, 0.0, 0.0
20210325132408.43, 121.6, 0.0, 0.0
20210325132409.54, 121.5, 0.0, 0.0
20210325132410.61, 121.5, 0.0, 0.0
20210325132411.7, 121.4, 0.0, 0.0
20210325132412.78, 121.4, 0.0, 0.0
20210325132413.85, 121.5, 0.0, 0.0
20210325132414.99, 121.5, 0.0, 0.0
20210325132416.07, 121.6, 0.0, 0.0
20210325132417.21, 121.6, 0.0, 0.0
20210325132418.26, 121.6, 0.0, 0.0
20210325132419.42, 121.5, 0.0, 0.0
20210325132420.46, 121.5, 0.0, 0.0
20210325132421.54, 121.6, 0.0, 0.0
20210325132422.61, 121.6, 0.0, 0.0
20210325132423.71, 121.6, 0.0, 0.0
20210325132424.81, 121.6, 0.0, 0.0
20210325132425.93, 121.6, 0.0, 0.0
20210325132427.02, 121.6, 0.0, 0.0
20210325132428.07, 121.5, 0.0, 0.0
20210325132429.12, 121.5, 0.0, 0.0
20210325132430.23, 121.5, 0.0, 0.0
20210325132431.33, 121.5, 0.0, 0.0
20210325132432.41, 121.5, 0.0, 0.0
20210325132433.5, 121.5, 0.0, 0.0
20210325132434.64, 121.5, 0.0, 0.0
20210325132435.77, 121.5, 0.0, 0.0
20210325132436.91, 121.6, 0.0, 0.0
20210325132437.99, 121.6, 0.0, 0.0
20210325132439.07, 121.6, 0.0, 0.0
20210325132440.12, 121.6, 0.0, 0.0
20210325132441.22, 121.6, 0.0, 0.0
20210325132442.29, 121.7, 0.0, 0.0
20210325132443.4, 121.7, 0.0, 0.0
20210325132444.48, 121.7, 0.0, 0.0
20210325132445.61, 121.7, 0.0, 0.0
20210325132446.73, 121.7, 0.0, 0.0
20210325132447.85, 121.7, 0.0, 0.0
20210325132448.96, 121.7, 0.0, 0.0
20210325132450.06, 121.7, 0.0, 0.0
20210325132451.16, 121.7, 0.0, 0.0
20210325132452.27, 121.7, 0.0, 0.0
20210325132453.32, 121.5, 0.0, 0.0
20210325132454.38, 121.5, 0.0, 0.0
20210325132455.49, 121.5, 0.0, 0.0
20210325132456.59, 121.5, 0.0, 0.0
20210325132457.69, 121.5, 0.0, 0.0
20210325132458.77, 121.5, 0.0, 0.0
20210325132459.91, 121.5, 0.0, 0.0
20210325132501.04, 121.4, 0.0, 0.0
20210325132502.11, 121.4, 0.0, 0.0
20210325132503.24, 121.4, 0.0, 0.0
20210325132504.36, 121.4, 0.0, 0.0
20210325132505.49, 121.4, 0.0, 0.0
20210325132506.59, 121.4, 0.0, 0.0
20210325132507.73, 121.4, 0.0, 0.0
20210325132508.82, 121.4, 0.0, 0.0
20210325132509.96, 121.4, 0.0, 0.0
20210325132511.09, 121.5, 0.0, 0.0
20210325132512.19, 121.5, 0.0, 0.0
20210325132513.3, 121.5, 0.0, 0.0
20210325132514.38, 121.5, 0.0, 0.0
20210325132515.47, 121.5, 0.0, 0.0
20210325132516.59, 121.5, 0.0, 0.0
20210325132517.68, 121.5, 0.0, 0.0
20210325132518.8, 121.5, 0.0, 0.0
20210325132519.9, 121.5, 0.0, 0.0
20210325132520.97, 121.5, 0.0, 0.0
20210325132522.04, 121.5, 0.0, 0.0
20210325132523.12, 121.5, 0.0, 0.0
20210325132524.23, 121.5, 0.0, 0.0
20210325132525.29, 121.5, 0.0, 0.0
20210325132526.37, 121.5, 0.0, 0.0
20210325132527.5, 121.5, 0.0, 0.0
20210325132528.59, 121.5, 0.0, 0.0
20210325132529.72, 121.5, 0.0, 0.0
20210325132530.82, 121.5, 0.0, 0.0
20210325132531.96, 121.5, 0.0, 0.0
20210325132533.05, 121.5, 0.0, 0.0
20210325132534.09, 121.5, 0.0, 0.0
20210325132535.19, 121.5, 0.0, 0.0
20210325132536.3, 121.5, 0.0, 0.0
20210325132537.37, 121.5, 0.0, 0.0
20210325132538.46, 121.5, 0.0, 0.0
20210325132539.5, 121.5, 0.0, 0.0
20210325132540.61, 121.5, 0.0, 0.0
20210325132541.77, 121.5, 0.0, 0.0
20210325132542.82, 121.5, 0.0, 0.0
20210325132543.94, 121.5, 0.0, 0.0
20210325132545.06, 121.5, 0.0, 0.0
20210325132546.12, 121.5, 0.0, 0.0
20210325132547.23, 121.5, 0.0, 0.0
20210325132548.32, 121.5, 0.0, 0.0
20210325132549.47, 121.5, 0.0, 0.0
20210325132550.57, 121.5, 0.0, 0.0
20210325132551.67, 121.5, 0.0, 0.0
20210325132552.77, 121.4, 0.0, 0.0
20210325132553.86, 121.4, 0.0, 0.0
20210325132554.97, 121.4, 0.0, 0.0
20210325132556.03, 121.4, 0.0, 0.0
20210325132557.07, 121.4, 0.0, 0.0
20210325132558.15, 121.4, 0.0, 0.0
20210325132559.22, 121.4, 0.0, 0.0
20210325132600.35, 121.4, 0.0, 0.0
20210325132601.43, 121.4, 0.0, 0.0
20210325132602.48, 121.4, 0.0, 0.0
20210325132603.6, 121.4, 0.0, 0.0
20210325132604.73, 121.4, 0.0, 0.0
20210325132605.82, 121.4, 0.0, 0.0
20210325132606.95, 121.5, 0.0, 0.0
20210325132608.02, 121.5, 0.0, 0.0
20210325132609.11, 121.5, 0.0, 0.0
20210325132610.18, 121.5, 0.0, 0.0
20210325132611.28, 121.4, 0.0, 0.0
20210325132612.39, 121.4, 0.0, 0.0
20210325132613.43, 121.5, 0.0, 0.0
20210325132614.5, 121.5, 0.0, 0.0
20210325132615.55, 121.6, 0.0, 0.0
20210325132616.64, 121.6, 0.0, 0.0
20210325132617.75, 121.6, 0.0, 0.0
20210325132618.83, 121.6, 0.0, 0.0
20210325132619.97, 121.6, 0.0, 0.0
20210325132621.08, 121.6, 0.0, 0.0
20210325132622.13, 121.6, 0.0, 0.0
20210325132623.26, 121.6, 0.0, 0.0
20210325132624.38, 121.6, 0.0, 0.0
20210325132625.5, 121.5, 0.0, 0.0
20210325132626.58, 121.5, 0.0, 0.0
20210325132627.7, 121.5, 0.0, 0.0
20210325132628.8, 121.5, 0.0, 0.0
20210325132629.91, 121.5, 0.0, 0.0
20210325132631.03, 121.5, 0.0, 0.0
20210325132632.1, 121.5, 0.0, 0.0
20210325132633.21, 121.4, 0.0, 0.0
20210325132634.27, 121.4, 0.0, 0.0
20210325132635.41, 121.4, 0.0, 0.0
20210325132636.56, 121.4, 0.0, 0.0
20210325132637.68, 121.4, 0.0, 0.0
20210325132638.8, 121.4, 0.0, 0.0
20210325132639.87, 121.5, 0.0, 0.0
20210325132640.96, 121.5, 0.0, 0.0
20210325132642.02, 121.5, 0.0, 0.0
20210325132643.09, 121.5, 0.0, 0.0
20210325132644.16, 121.5, 0.0, 0.0
20210325132645.27, 121.5, 0.0, 0.0
20210325132646.4, 121.5, 0.0, 0.0
20210325132647.51, 121.5, 0.0, 0.0
20210325132648.58, 121.5, 0.0, 0.0
20210325132649.68, 121.5, 0.0, 0.0
20210325132650.78, 121.5, 0.0, 0.0
20210325132651.86, 121.4, 0.0, 0.0
20210325132653.0, 121.4, 0.0, 0.0
20210325132654.08, 121.3, 0.0, 0.0
20210325132655.17, 121.3, 0.0, 0.0
20210325132656.25, 121.4, 0.0, 0.0
20210325132657.3, 121.4, 0.0, 0.0
20210325132658.36, 121.4, 0.0, 0.0
20210325132659.49, 121.4, 0.0, 0.0
20210325132700.57, 121.5, 0.0, 0.0
20210325132701.66, 121.5, 0.0, 0.0
20210325132702.76, 121.5, 0.0, 0.0
20210325132703.84, 121.5, 0.0, 0.0
20210325132704.96, 121.5, 0.0, 0.0
20210325132706.06, 121.5, 0.0, 0.0
20210325132707.15, 121.5, 0.0, 0.0
20210325132708.21, 121.6, 0.0, 0.0
20210325132709.3, 121.6, 0.0, 0.0
20210325132710.41, 121.5, 0.0, 0.0
20210325132711.51, 121.5, 0.0, 0.0
20210325132712.58, 121.6, 0.0, 0.0
20210325132713.68, 121.6, 0.0, 0.0
20210325132714.76, 121.6, 0.0, 0.0
20210325132715.83, 121.6, 0.0, 0.0
20210325132716.91, 121.6, 0.0, 0.0
20210325132718.04, 121.6, 0.0, 0.0
20210325132719.12, 121.6, 0.0, 0.0
20210325132720.21, 121.6, 0.0, 0.0
20210325132721.32, 121.5, 0.0, 0.0
20210325132722.44, 121.5, 0.0, 0.0
20210325132723.56, 121.5, 0.0, 0.0
20210325132724.68, 121.6, 0.0, 0.0
20210325132725.8, 121.6, 0.0, 0.0
20210325132726.91, 121.5, 0.0, 0.0
20210325132728.02, 121.5, 0.0, 0.0
20210325132729.12, 121.5, 0.0, 0.0
20210325132730.23, 121.5, 0.0, 0.0
20210325132731.32, 121.5, 0.0, 0.0
20210325132732.38, 121.5, 0.0, 0.0
20210325132733.49, 121.4, 0.0, 0.0
20210325132734.54, 121.4, 0.0, 0.0
20210325132735.66, 121.5, 0.0, 0.0
20210325132736.79, 121.5, 0.0, 0.0
20210325132737.95, 121.5, 0.0, 0.0
20210325132739.01, 121.4, 0.0, 0.0
20210325132740.09, 121.4, 0.0, 0.0
20210325132741.15, 121.5, 0.0, 0.0
20210325132742.27, 121.5, 0.0, 0.0
20210325132743.35, 121.4, 0.0, 0.0
20210325132744.45, 121.4, 0.0, 0.0
20210325132745.55, 121.4, 0.0, 0.0
20210325132746.65, 121.4, 0.0, 0.0
20210325132747.75, 121.5, 0.0, 0.0
20210325132748.85, 121.5, 0.0, 0.0
20210325132749.95, 121.5, 0.0, 0.0
20210325132751.07, 121.5, 0.0, 0.0
20210325132752.16, 121.5, 0.0, 0.0
20210325132753.23, 121.5, 0.0, 0.0
20210325132754.3, 121.4, 0.0, 0.0
20210325132755.41, 121.4, 0.0, 0.0
20210325132756.51, 121.4, 0.0, 0.0
20210325132757.63, 121.4, 0.0, 0.0
20210325132758.7, 121.4, 0.0, 0.0
20210325132759.79, 121.5, 0.0, 0.0
20210325132800.86, 121.5, 0.0, 0.0
20210325132801.93, 121.4, 0.0, 0.0
20210325132802.97, 121.4, 0.0, 0.0
20210325132804.02, 121.4, 0.0, 0.0
20210325132805.07, 121.4, 0.0, 0.0
20210325132806.19, 121.4, 0.0, 0.0
20210325132807.24, 121.4, 0.0, 0.0
20210325132808.31, 121.4, 0.0, 0.0
20210325132809.36, 121.4, 0.0, 0.0
20210325132810.41, 121.4, 0.0, 0.0
20210325132811.48, 121.4, 0.0, 0.0
20210325132812.53, 121.4, 0.0, 0.0
20210325132813.6, 121.4, 0.0, 0.0
20210325132814.64, 121.3, 0.0, 0.0
20210325132815.69, 121.3, 0.0, 0.0
20210325132816.76, 121.3, 0.0, 0.0
20210325132817.89, 121.3, 0.0, 0.0
20210325132819.02, 121.3, 0.0, 0.0
20210325132820.1, 121.4, 0.0, 0.0
20210325132821.16, 121.4, 0.0, 0.0
20210325132822.21, 121.4, 0.0, 0.0
20210325132823.27, 121.4, 0.0, 0.0
20210325132824.3, 121.5, 0.0, 0.0
20210325132825.35, 121.5, 0.0, 0.0
20210325132826.42, 121.4, 0.0, 0.0
20210325132827.51, 121.4, 0.0, 0.0
20210325132828.61, 121.4, 0.0, 0.0
20210325132829.67, 121.4, 0.0, 0.0
20210325132830.71, 121.4, 0.0, 0.0
20210325132831.81, 121.4, 0.0, 0.0
20210325132832.91, 121.4, 0.0, 0.0
20210325132833.95, 121.4, 0.0, 0.0
20210325132835.07, 121.4, 0.0, 0.0
20210325132836.13, 121.4, 0.0, 0.0
20210325132837.23, 121.3, 0.0, 0.0
20210325132838.35, 121.3, 0.0, 0.0
20210325132839.46, 121.3, 0.0, 0.0
20210325132840.57, 121.4, 0.0, 0.0
20210325132841.61, 121.4, 0.0, 0.0
20210325132842.66, 121.4, 0.0, 0.0
20210325132843.75, 121.4, 0.0, 0.0
20210325132844.8, 121.4, 0.0, 0.0
20210325132845.94, 121.4, 0.0, 0.0
20210325132847.02, 121.4, 0.0, 0.0
20210325132848.12, 121.4, 0.0, 0.0
20210325132849.2, 121.4, 0.0, 0.0
20210325132850.32, 121.4, 0.0, 0.0
20210325132851.4, 121.4, 0.0, 0.0
20210325132852.54, 121.4, 0.0, 0.0
20210325132853.62, 121.5, 0.0, 0.0
20210325132854.75, 121.5, 0.0, 0.0
20210325132855.83, 121.4, 0.0, 0.0
20210325132856.93, 121.4, 0.0, 0.0
20210325132858.05, 121.4, 0.0, 0.0
20210325132859.14, 121.4, 0.0, 0.0
20210325132900.21, 121.4, 0.0, 0.0
20210325132901.25, 121.4, 0.0, 0.0
20210325132902.34, 121.4, 0.0, 0.0
20210325132903.47, 121.4, 0.0, 0.0
20210325132904.6, 121.4, 0.0, 0.0
20210325132905.67, 121.4, 0.0, 0.0
20210325132906.8, 121.4, 0.0, 0.0
20210325132907.93, 121.5, 0.0, 0.0
20210325132909.05, 121.5, 0.0, 0.0
20210325132910.15, 121.5, 0.0, 0.0
20210325132911.28, 121.5, 0.0, 0.0
20210325132912.35, 121.5, 0.0, 0.0
20210325132913.5, 121.5, 0.0, 0.0
20210325132914.55, 121.5, 0.0, 0.0
20210325132915.68, 121.5, 0.0, 0.0
20210325132916.8, 121.5, 0.0, 0.0
20210325132917.93, 121.5, 0.0, 0.0
20210325132919.0, 121.5, 0.0, 0.0
20210325132920.08, 121.5, 0.0, 0.0
20210325132921.18, 121.5, 0.0, 0.0
20210325132922.23, 121.4, 0.0, 0.0
20210325132923.29, 121.4, 0.0, 0.0
20210325132924.35, 121.4, 0.0, 0.0
20210325132925.49, 121.4, 0.0, 0.0
20210325132926.62, 121.4, 0.0, 0.0
20210325132927.85, 121.4, 0.0, 0.0
20210325132928.94, 121.4, 0.0, 0.0
20210325132929.99, 121.4, 0.0, 0.0
20210325132931.07, 121.4, 0.0, 0.0
20210325132932.18, 121.5, 0.0, 0.0
20210325132933.24, 121.5, 0.0, 0.0
20210325132934.35, 121.4, 0.0, 0.0
20210325132935.47, 121.4, 0.0, 0.0
20210325132936.61, 121.4, 0.0, 0.0
20210325132937.72, 121.4, 0.0, 0.0
20210325132938.82, 121.5, 0.0, 0.0
20210325132939.92, 121.5, 0.0, 0.0
20210325132940.98, 121.4, 0.0, 0.0
20210325132942.07, 121.4, 0.0, 0.0
20210325132943.14, 121.4, 0.0, 0.0
20210325132944.33, 121.5, 0.0, 0.0
20210325132945.39, 121.5, 0.0, 0.0
20210325132946.5, 121.4, 0.0, 0.0
20210325132947.57, 121.4, 0.0, 0.0
20210325132948.67, 121.4, 0.0, 0.0
20210325132949.79, 121.4, 0.0, 0.0
20210325132950.84, 121.4, 0.0, 0.0
20210325132951.93, 121.4, 0.0, 0.0
20210325132953.03, 121.5, 0.0, 0.0
20210325132954.11, 121.5, 0.0, 0.0
20210325132955.19, 121.5, 0.0, 0.0
20210325132956.24, 121.5, 0.0, 0.0
20210325132957.37, 121.5, 0.0, 0.0
20210325132958.52, 121.5, 0.0, 0.0
20210325132959.63, 121.5, 0.0, 0.0
20210325133000.77, 121.5, 0.0, 0.0
20210325133001.85, 121.5, 0.0, 0.0
20210325133002.98, 121.3, 0.0, 0.0
20210325133004.06, 121.3, 0.0, 0.0
20210325133005.19, 121.2, 0.0, 0.0
20210325133006.29, 121.2, 0.0, 0.0
20210325133007.43, 121.3, 0.0, 0.0
20210325133008.55, 121.3, 0.0, 0.0
20210325133009.68, 121.3, 0.0, 0.0
20210325133010.8, 121.3, 0.0, 0.0
20210325133011.89, 121.3, 0.0, 0.0
20210325133013.02, 121.3, 0.0, 0.0
20210325133014.06, 121.3, 0.0, 0.0
20210325133015.19, 121.4, 0.0, 0.0
20210325133016.25, 121.4, 0.0, 0.0
20210325133017.36, 121.4, 0.0, 0.0
20210325133018.43, 121.4, 0.0, 0.0
20210325133019.49, 121.4, 0.0, 0.0
20210325133020.61, 121.4, 0.0, 0.0
20210325133021.71, 121.4, 0.0, 0.0
20210325133022.81, 121.4, 0.0, 0.0
20210325133023.88, 121.4, 0.0, 0.0
20210325133024.93, 121.4, 0.0, 0.0
20210325133026.03, 121.3, 0.0, 0.0
20210325133027.13, 121.3, 0.0, 0.0
20210325133028.22, 121.4, 0.0, 0.0
20210325133029.31, 121.4, 0.0, 0.0
20210325133030.39, 121.5, 0.0, 0.0
20210325133031.46, 121.5, 0.0, 0.0
20210325133032.52, 121.5, 0.0, 0.0
20210325133033.66, 121.4, 0.0, 0.0
20210325133034.76, 121.4, 0.0, 0.0
20210325133035.89, 121.3, 0.0, 0.0
20210325133037.01, 121.3, 0.0, 0.0
20210325133038.09, 121.5, 0.0, 0.0
20210325133039.19, 121.5, 0.0, 0.0
20210325133040.29, 121.4, 0.0, 0.0
20210325133041.41, 121.4, 0.0, 0.0
20210325133042.51, 121.5, 0.0, 0.0
20210325133043.61, 121.5, 0.0, 0.0
20210325133044.71, 121.5, 0.0, 0.0
20210325133045.82, 121.5, 0.0, 0.0
20210325133046.91, 121.4, 0.0, 0.0
20210325133048.09, 121.5, 0.0, 0.0
20210325133049.15, 121.5, 0.0, 0.0
20210325133050.24, 121.5, 0.0, 0.0
20210325133051.3, 121.5, 0.0, 0.0
20210325133052.41, 121.5, 0.0, 0.0
20210325133053.53, 121.5, 0.0, 0.0
20210325133054.63, 121.5, 0.0, 0.0
20210325133055.76, 121.5, 0.0, 0.0
20210325133056.88, 121.5, 0.0, 0.0
20210325133058.01, 121.5, 0.0, 0.0
20210325133059.09, 121.5, 0.0, 0.0
20210325133100.15, 121.5, 0.0, 0.0
20210325133101.19, 121.5, 0.0, 0.0
20210325133102.29, 121.5, 0.0, 0.0
20210325133103.36, 121.4, 0.0, 0.0
20210325133104.4, 121.4, 0.0, 0.0
20210325133105.49, 121.3, 0.0, 0.0
20210325133106.65, 121.3, 0.0, 0.0
20210325133107.74, 121.3, 0.0, 0.0
20210325133108.87, 121.3, 0.0, 0.0
20210325133109.96, 121.3, 0.0, 0.0
20210325133111.06, 121.4, 0.0, 0.0
20210325133112.16, 121.4, 0.0, 0.0
20210325133113.29, 121.4, 0.0, 0.0
20210325133114.45, 121.4, 0.0, 0.0
20210325133115.54, 121.3, 0.0, 0.0
20210325133116.64, 121.3, 0.0, 0.0
20210325133117.75, 121.4, 0.0, 0.0
20210325133118.85, 121.4, 0.0, 0.0
20210325133120.02, 121.4, 0.0, 0.0
20210325133121.1, 121.4, 0.0, 0.0
20210325133122.2, 121.4, 0.0, 0.0
20210325133123.31, 121.4, 0.0, 0.0
20210325133124.45, 121.4, 0.0, 0.0
20210325133125.54, 121.4, 0.0, 0.0
20210325133126.64, 121.4, 0.0, 0.0
20210325133127.75, 121.4, 0.0, 0.0
20210325133128.84, 121.4, 0.0, 0.0
20210325133129.94, 121.4, 0.0, 0.0
20210325133131.0, 121.4, 0.0, 0.0
20210325133132.09, 121.5, 0.0, 0.0
20210325133133.22, 121.5, 0.0, 0.0
20210325133134.41, 121.4, 0.0, 0.0
20210325133135.52, 121.5, 0.0, 0.0
20210325133136.64, 121.5, 0.0, 0.0
20210325133137.77, 121.4, 0.0, 0.0
20210325133138.87, 121.4, 0.0, 0.0
20210325133139.98, 121.5, 0.0, 0.0
20210325133141.03, 121.5, 0.0, 0.0
20210325133142.11, 121.5, 0.0, 0.0
20210325133143.18, 121.5, 0.0, 0.0
20210325133144.24, 121.5, 0.0, 0.0
20210325133145.36, 121.5, 0.0, 0.0
20210325133146.48, 121.5, 0.0, 0.0
20210325133147.61, 121.5, 0.0, 0.0
20210325133148.65, 121.5, 0.0, 0.0
20210325133149.77, 121.4, 0.0, 0.0
20210325133150.86, 121.4, 0.0, 0.0
20210325133151.9, 121.4, 0.0, 0.0
20210325133152.96, 121.4, 0.0, 0.0
20210325133154.08, 121.4, 0.0, 0.0
20210325133155.22, 121.4, 0.0, 0.0
20210325133156.35, 121.4, 0.0, 0.0
20210325133157.45, 121.4, 0.0, 0.0
20210325133158.58, 121.3, 0.0, 0.0
20210325133159.72, 121.3, 0.0, 0.0
20210325133200.83, 121.4, 0.0, 0.0
20210325133201.92, 121.4, 0.0, 0.0
20210325133203.0, 121.4, 0.0, 0.0
20210325133204.04, 121.4, 0.0, 0.0
20210325133205.11, 121.3, 0.0, 0.0
20210325133206.26, 121.4, 0.0, 0.0
20210325133207.33, 121.4, 0.0, 0.0
20210325133208.45, 121.5, 0.0, 0.0
20210325133209.5, 121.5, 0.0, 0.0
20210325133210.54, 121.4, 0.0, 0.0
20210325133211.65, 121.4, 0.0, 0.0
20210325133212.78, 121.5, 0.0, 0.0
20210325133213.87, 121.5, 0.0, 0.0
20210325133214.97, 121.4, 0.0, 0.0
20210325133216.06, 121.4, 0.0, 0.0
20210325133217.16, 121.5, 0.0, 0.0
20210325133218.22, 121.5, 0.0, 0.0
20210325133219.33, 121.4, 0.0, 0.0
20210325133220.38, 121.4, 0.0, 0.0
20210325133221.51, 121.4, 0.0, 0.0
20210325133222.63, 121.4, 0.0, 0.0
20210325133223.68, 121.6, 0.0, 0.0
20210325133224.77, 121.5, 0.0, 0.0
20210325133225.87, 121.5, 0.0, 0.0
20210325133226.96, 121.5, 0.0, 0.0
20210325133228.05, 121.5, 0.0, 0.0
20210325133229.17, 121.5, 0.0, 0.0
20210325133230.31, 121.5, 0.0, 0.0
20210325133231.41, 121.5, 0.0, 0.0
20210325133232.53, 121.5, 0.0, 0.0
20210325133233.59, 121.4, 0.0, 0.0
20210325133234.7, 121.4, 0.0, 0.0
20210325133235.73, 121.5, 0.0, 0.0
20210325133236.79, 121.5, 0.0, 0.0
20210325133237.88, 121.5, 0.0, 0.0
20210325133238.99, 121.5, 0.0, 0.0
20210325133240.07, 121.5, 0.0, 0.0
20210325133241.23, 121.4, 0.0, 0.0
20210325133242.29, 121.4, 0.0, 0.0
20210325133243.41, 121.4, 0.0, 0.0
20210325133244.53, 121.4, 0.0, 0.0
20210325133245.66, 121.4, 0.0, 0.0
20210325133246.77, 121.4, 0.0, 0.0
20210325133247.86, 121.4, 0.0, 0.0
20210325133248.93, 121.4, 0.0, 0.0
20210325133250.05, 121.5, 0.0, 0.0
20210325133251.14, 121.5, 0.0, 0.0
20210325133252.22, 121.4, 0.0, 0.0
20210325133253.28, 121.4, 0.0, 0.0
20210325133254.39, 121.3, 0.0, 0.0
20210325133255.63, 121.4, 0.0, 0.0
20210325133256.7, 121.4, 0.0, 0.0
20210325133257.78, 121.4, 0.0, 0.0
20210325133258.91, 121.4, 0.0, 0.0
20210325133260.0, 121.4, 0.0, 0.0
20210325133301.07, 121.4, 0.0, 0.0
20210325133302.12, 121.5, 0.0, 0.0
20210325133303.28, 121.5, 0.0, 0.0
20210325133304.35, 121.4, 0.0, 0.0
20210325133305.48, 121.4, 0.0, 0.0
20210325133306.6, 121.5, 0.0, 0.0
20210325133307.75, 121.5, 0.0, 0.0
20210325133308.82, 121.5, 0.0, 0.0
20210325133309.95, 121.5, 0.0, 0.0
20210325133311.05, 121.5, 0.0, 0.0
20210325133312.1, 121.5, 0.0, 0.0
20210325133313.2, 121.5, 0.0, 0.0
20210325133314.33, 121.5, 0.0, 0.0
20210325133315.44, 121.5, 0.0, 0.0
20210325133316.55, 121.6, 0.0, 0.0
20210325133317.68, 121.6, 0.0, 0.0
20210325133318.75, 121.5, 0.0, 0.0
20210325133319.82, 121.5, 0.0, 0.0
20210325133320.93, 121.5, 0.0, 0.0
20210325133322.05, 121.5, 0.0, 0.0
20210325133323.12, 121.5, 0.0, 0.0
20210325133324.18, 121.5, 0.0, 0.0
20210325133325.3, 121.4, 0.0, 0.0
20210325133326.43, 121.4, 0.0, 0.0
20210325133327.54, 121.4, 0.0, 0.0
20210325133328.66, 121.5, 0.0, 0.0
20210325133329.75, 121.5, 0.0, 0.0
20210325133330.87, 121.5, 0.0, 0.0
20210325133331.97, 121.5, 0.0, 0.0
20210325133333.07, 121.4, 0.0, 0.0
20210325133334.12, 121.4, 0.0, 0.0
20210325133335.2, 121.5, 0.0, 0.0
20210325133336.34, 121.5, 0.0, 0.0
20210325133337.43, 121.4, 0.0, 0.0
20210325133338.57, 121.4, 0.0, 0.0
20210325133339.65, 121.4, 0.0, 0.0
20210325133340.75, 121.4, 0.0, 0.0
20210325133341.93, 121.5, 0.0, 0.0
20210325133342.99, 121.4, 0.0, 0.0
20210325133344.06, 121.4, 0.0, 0.0
20210325133345.14, 121.4, 0.0, 0.0
20210325133346.22, 121.4, 0.0, 0.0
20210325133347.35, 121.4, 0.0, 0.0
20210325133348.48, 121.4, 0.0, 0.0
20210325133349.6, 121.4, 0.0, 0.0
20210325133350.68, 121.4, 0.0, 0.0
20210325133351.71, 121.4, 0.0, 0.0
20210325133352.79, 121.4, 0.0, 0.0
20210325133353.86, 121.5, 0.0, 0.0
20210325133354.98, 121.5, 0.0, 0.0
20210325133356.04, 121.5, 0.0, 0.0
20210325133357.14, 121.5, 0.0, 0.0
20210325133358.24, 121.5, 0.0, 0.0
20210325133359.37, 121.6, 0.0, 0.0
20210325133400.51, 121.6, 0.0, 0.0
20210325133401.63, 121.5, 0.0, 0.0
20210325133402.77, 121.5, 0.0, 0.0
20210325133403.88, 121.5, 0.0, 0.0
20210325133404.95, 121.5, 0.0, 0.0
20210325133405.99, 121.5, 0.0, 0.0
20210325133407.11, 121.5, 0.0, 0.0
20210325133408.16, 121.5, 0.0, 0.0
20210325133409.31, 121.5, 0.0, 0.0
20210325133410.41, 121.5, 0.0, 0.0
20210325133411.45, 121.5, 0.0, 0.0
20210325133412.57, 121.5, 0.0, 0.0
20210325133413.7, 121.5, 0.0, 0.0
20210325133414.88, 121.5, 0.0, 0.0
20210325133416.02, 121.4, 0.0, 0.0
20210325133417.11, 121.4, 0.0, 0.0
20210325133418.14, 121.5, 0.0, 0.0
20210325133419.23, 121.5, 0.0, 0.0
20210325133420.28, 121.5, 0.0, 0.0
20210325133421.41, 121.5, 0.0, 0.0
20210325133422.54, 121.5, 0.0, 0.0
20210325133423.66, 121.5, 0.0, 0.0
20210325133424.79, 121.5, 0.0, 0.0
20210325133425.88, 121.5, 0.0, 0.0
20210325133427.0, 121.5, 0.0, 0.0
20210325133428.1, 121.5, 0.0, 0.0
20210325133429.21, 121.5, 0.0, 0.0
20210325133430.3, 121.4, 0.0, 0.0
20210325133431.39, 121.4, 0.0, 0.0
20210325133432.53, 121.5, 0.0, 0.0
20210325133433.63, 121.5, 0.0, 0.0
20210325133434.7, 121.5, 0.0, 0.0
20210325133435.77, 121.5, 0.0, 0.0
20210325133436.89, 121.4, 0.0, 0.0
20210325133438.03, 121.4, 0.0, 0.0
20210325133439.09, 121.5, 0.0, 0.0
20210325133440.14, 121.5, 0.0, 0.0
20210325133441.23, 121.5, 0.0, 0.0
20210325133442.37, 121.5, 0.0, 0.0
20210325133443.49, 121.5, 0.0, 0.0
20210325133444.77, 121.4, 0.0, 0.0
20210325133445.86, 121.4, 0.0, 0.0
20210325133446.96, 121.5, 0.0, 0.0
20210325133448.05, 121.5, 0.0, 0.0
20210325133449.1, 121.5, 0.0, 0.0
20210325133450.16, 121.5, 0.0, 0.0
20210325133451.23, 121.5, 0.0, 0.0
20210325133452.27, 121.5, 0.0, 0.0
20210325133453.31, 121.5, 0.0, 0.0
20210325133454.4, 121.5, 0.0, 0.0
20210325133455.48, 121.5, 0.0, 0.0
20210325133456.6, 121.5, 0.0, 0.0
20210325133457.71, 121.5, 0.0, 0.0
20210325133458.82, 121.5, 0.0, 0.0
20210325133459.89, 121.5, 0.0, 0.0
20210325133500.97, 121.5, 0.0, 0.0
20210325133502.07, 121.5, 0.0, 0.0
20210325133503.28, 121.6, 0.0, 0.0
20210325133504.33, 121.6, 0.0, 0.0
20210325133505.43, 121.6, 0.0, 0.0
20210325133506.56, 121.6, 0.0, 0.0
20210325133507.66, 121.6, 0.0, 0.0
20210325133508.78, 121.6, 0.0, 0.0
20210325133509.88, 121.6, 0.0, 0.0
20210325133511.0, 121.6, 0.0, 0.0
20210325133512.09, 121.6, 0.0, 0.0
20210325133513.15, 121.6, 0.0, 0.0
20210325133514.19, 121.6, 0.0, 0.0
20210325133515.33, 121.6, 0.0, 0.0
20210325133516.43, 121.6, 0.0, 0.0
20210325133517.67, 121.6, 0.0, 0.0
20210325133518.72, 121.6, 0.0, 0.0
20210325133519.79, 121.6, 0.0, 0.0
20210325133520.91, 121.6, 0.0, 0.0
20210325133521.98, 121.5, 0.0, 0.0
20210325133523.09, 121.5, 0.0, 0.0
20210325133524.2, 121.4, 0.0, 0.0
20210325133525.31, 121.4, 0.0, 0.0
20210325133526.41, 121.4, 0.0, 0.0
20210325133527.55, 121.4, 0.0, 0.0
20210325133528.68, 121.5, 0.0, 0.0
20210325133529.78, 121.5, 0.0, 0.0
20210325133530.91, 121.5, 0.0, 0.0
20210325133532.02, 121.4, 0.0, 0.0
20210325133533.14, 121.4, 0.0, 0.0
20210325133534.24, 121.4, 0.0, 0.0
20210325133535.34, 121.4, 0.0, 0.0
20210325133536.45, 121.4, 0.0, 0.0
20210325133537.59, 121.4, 0.0, 0.0
20210325133538.68, 121.5, 0.0, 0.0
20210325133539.82, 121.5, 0.0, 0.0
20210325133540.91, 121.4, 0.0, 0.0
20210325133542.04, 121.4, 0.0, 0.0
20210325133543.14, 121.5, 0.0, 0.0
20210325133544.27, 121.5, 0.0, 0.0
20210325133545.43, 121.4, 0.0, 0.0
20210325133546.57, 121.4, 0.0, 0.0
20210325133547.66, 121.4, 0.0, 0.0
20210325133548.79, 121.4, 0.0, 0.0
20210325133549.88, 121.4, 0.0, 0.0
20210325133550.95, 121.5, 0.0, 0.0
20210325133552.07, 121.5, 0.0, 0.0
20210325133553.15, 121.5, 0.0, 0.0
20210325133554.27, 121.5, 0.0, 0.0
20210325133555.39, 121.5, 0.0, 0.0
20210325133556.5, 121.5, 0.0, 0.0
20210325133557.59, 121.5, 0.0, 0.0
20210325133558.83, 121.6, 0.0, 0.0
20210325133559.9, 121.6, 0.0, 0.0
20210325133601.0, 121.6, 0.0, 0.0
20210325133602.09, 121.6, 0.0, 0.0
20210325133603.2, 121.5, 0.0, 0.0
20210325133604.32, 121.5, 0.0, 0.0
20210325133605.43, 121.5, 0.0, 0.0
20210325133606.54, 121.5, 0.0, 0.0
20210325133607.67, 121.5, 0.0, 0.0
20210325133608.72, 121.5, 0.0, 0.0
20210325133609.84, 121.5, 0.0, 0.0
20210325133610.96, 121.5, 0.0, 0.0
20210325133612.06, 121.5, 0.0, 0.0
20210325133613.18, 121.6, 0.0, 0.0
20210325133614.25, 121.6, 0.0, 0.0
20210325133615.36, 121.5, 0.0, 0.0
20210325133616.42, 121.5, 0.0, 0.0
20210325133617.51, 121.5, 0.0, 0.0
20210325133618.6, 121.5, 0.0, 0.0
20210325133619.63, 121.5, 0.0, 0.0
20210325133620.75, 121.5, 0.0, 0.0
20210325133621.86, 121.5, 0.0, 0.0
20210325133622.99, 121.5, 0.0, 0.0
20210325133624.07, 121.5, 0.0, 0.0
20210325133625.15, 121.5, 0.0, 0.0
20210325133626.2, 121.5, 0.0, 0.0
20210325133627.3, 121.5, 0.0, 0.0
20210325133628.38, 121.5, 0.0, 0.0
20210325133629.46, 121.5, 0.0, 0.0
20210325133630.58, 121.4, 0.0, 0.0
20210325133631.72, 121.4, 0.0, 0.0
20210325133632.86, 121.4, 0.0, 0.0
20210325133633.95, 121.4, 0.0, 0.0
20210325133635.05, 121.4, 0.0, 0.0
20210325133636.11, 121.4, 0.0, 0.0
20210325133637.23, 121.4, 0.0, 0.0
20210325133638.32, 121.4, 0.0, 0.0
20210325133639.43, 121.4, 0.0, 0.0
20210325133640.55, 121.4, 0.0, 0.0
20210325133641.63, 121.4, 0.0, 0.0
20210325133642.73, 121.4, 0.0, 0.0
20210325133643.82, 121.4, 0.0, 0.0
20210325133644.94, 121.5, 0.0, 0.0
20210325133646.03, 121.5, 0.0, 0.0
20210325133647.16, 121.5, 0.0, 0.0
20210325133648.29, 121.6, 0.0, 0.0
20210325133649.39, 121.6, 0.0, 0.0
20210325133650.44, 121.5, 0.0, 0.0
20210325133651.55, 121.5, 0.0, 0.0
20210325133652.64, 121.5, 0.0, 0.0
20210325133653.75, 121.5, 0.0, 0.0
20210325133654.82, 121.5, 0.0, 0.0
20210325133655.91, 121.5, 0.0, 0.0
20210325133657.04, 121.5, 0.0, 0.0
20210325133658.11, 121.5, 0.0, 0.0
20210325133659.16, 121.5, 0.0, 0.0
20210325133700.23, 121.5, 0.0, 0.0
20210325133701.27, 121.4, 0.0, 0.0
20210325133702.35, 121.4, 0.0, 0.0
20210325133703.48, 121.4, 0.0, 0.0
20210325133704.6, 121.4, 0.0, 0.0
20210325133705.7, 121.4, 0.0, 0.0
20210325133706.81, 121.5, 0.0, 0.0
20210325133707.93, 121.5, 0.0, 0.0
20210325133709.02, 121.5, 0.0, 0.0
20210325133710.08, 121.5, 0.0, 0.0
20210325133711.17, 121.5, 0.0, 0.0
20210325133712.31, 121.5, 0.0, 0.0
20210325133713.38, 121.5, 0.0, 0.0
20210325133714.49, 121.5, 0.0, 0.0
20210325133715.56, 121.5, 0.0, 0.0
20210325133716.63, 121.5, 0.0, 0.0
20210325133717.68, 121.5, 0.0, 0.0
20210325133718.74, 121.5, 0.0, 0.0
20210325133719.86, 121.5, 0.0, 0.0
20210325133720.92, 121.5, 0.0, 0.0
20210325133722.02, 121.5, 0.0, 0.0
20210325133723.16, 121.6, 0.0, 0.0
20210325133724.24, 121.6, 0.0, 0.0
20210325133725.33, 121.6, 0.0, 0.0
20210325133726.43, 121.6, 0.0, 0.0
20210325133727.56, 121.7, 0.0, 0.0
20210325133728.68, 121.7, 0.0, 0.0
20210325133729.8, 121.7, 0.0, 0.0
20210325133730.91, 121.7, 0.0, 0.0
20210325133732.02, 121.6, 0.0, 0.0
20210325133733.07, 121.6, 0.0, 0.0
20210325133734.12, 121.6, 0.0, 0.0
20210325133735.21, 121.6, 0.0, 0.0
20210325133736.3, 121.6, 0.0, 0.0
20210325133737.44, 121.6, 0.0, 0.0
20210325133738.49, 121.6, 0.0, 0.0
20210325133739.61, 121.7, 0.0, 0.0
20210325133740.66, 121.7, 0.0, 0.0
20210325133741.77, 121.7, 0.0, 0.0
20210325133742.85, 121.7, 0.0, 0.0
20210325133743.96, 121.7, 0.0, 0.0
20210325133745.08, 121.7, 0.0, 0.0
20210325133746.12, 121.7, 0.0, 0.0
20210325133747.27, 121.7, 0.0, 0.0
20210325133748.37, 121.7, 0.0, 0.0
20210325133749.45, 121.7, 0.0, 0.0
20210325133750.53, 121.7, 0.0, 0.0
20210325133751.69, 121.7, 0.0, 0.0
20210325133752.78, 121.7, 0.0, 0.0
20210325133754.0, 121.6, 0.0, 0.0
20210325133755.04, 121.6, 0.0, 0.0
20210325133756.09, 121.6, 0.0, 0.0
20210325133757.17, 121.6, 0.0, 0.0
20210325133758.26, 121.6, 0.0, 0.0
20210325133759.37, 121.6, 0.0, 0.0
20210325133800.45, 121.6, 0.0, 0.0
20210325133801.57, 121.6, 0.0, 0.0
20210325133802.69, 121.6, 0.0, 0.0
20210325133803.77, 121.6, 0.0, 0.0
20210325133804.86, 121.6, 0.0, 0.0
20210325133805.98, 121.6, 0.0, 0.0
20210325133807.06, 121.6, 0.0, 0.0
20210325133808.16, 121.6, 0.0, 0.0
20210325133809.29, 121.6, 0.0, 0.0
20210325133810.41, 121.6, 0.0, 0.0
20210325133811.52, 121.6, 0.0, 0.0
20210325133812.59, 121.6, 0.0, 0.0
20210325133813.73, 121.6, 0.0, 0.0
20210325133814.81, 121.6, 0.0, 0.0
20210325133815.89, 121.6, 0.0, 0.0
20210325133817.02, 121.6, 0.0, 0.0
20210325133818.1, 121.6, 0.0, 0.0
20210325133819.19, 121.6, 0.0, 0.0
20210325133820.32, 121.6, 0.0, 0.0
20210325133821.38, 121.6, 0.0, 0.0
20210325133822.52, 121.6, 0.0, 0.0
20210325133823.65, 121.6, 0.0, 0.0
20210325133824.75, 121.6, 0.0, 0.0
20210325133825.89, 121.7, 0.0, 0.0
20210325133827.03, 121.7, 0.0, 0.0
20210325133828.1, 121.7, 0.0, 0.0
20210325133829.23, 121.7, 0.0, 0.0
20210325133830.37, 121.7, 0.0, 0.0
20210325133831.45, 121.7, 0.0, 0.0
20210325133832.54, 121.7, 0.0, 0.0
20210325133833.67, 121.7, 0.0, 0.0
20210325133834.8, 121.7, 0.0, 0.0
20210325133835.88, 121.7, 0.0, 0.0
20210325133836.94, 121.7, 0.0, 0.0
20210325133837.98, 121.7, 0.0, 0.0
20210325133839.26, 121.7, 0.0, 0.0
20210325133840.32, 121.7, 0.0, 0.0
20210325133841.4, 121.7, 0.0, 0.0
20210325133842.52, 121.7, 0.0, 0.0
20210325133843.59, 121.7, 0.0, 0.0
20210325133844.73, 121.7, 0.0, 0.0
20210325133845.82, 121.6, 0.0, 0.0
20210325133846.9, 121.6, 0.0, 0.0
20210325133848.03, 121.6, 0.0, 0.0
20210325133849.14, 121.6, 0.0, 0.0
20210325133850.23, 121.6, 0.0, 0.0
20210325133851.36, 121.6, 0.0, 0.0
20210325133852.46, 121.6, 0.0, 0.0
20210325133853.59, 121.6, 0.0, 0.0
20210325133854.67, 121.6, 0.0, 0.0
20210325133855.77, 121.6, 0.0, 0.0
20210325133856.85, 121.6, 0.0, 0.0
20210325133857.98, 121.6, 0.0, 0.0
20210325133859.04, 121.6, 0.0, 0.0
20210325133900.12, 121.7, 0.0, 0.0
20210325133901.16, 121.7, 0.0, 0.0
20210325133902.23, 121.7, 0.0, 0.0
20210325133903.37, 121.7, 0.0, 0.0
20210325133904.48, 121.7, 0.0, 0.0
20210325133905.59, 121.7, 0.0, 0.0
20210325133906.71, 121.7, 0.0, 0.0
20210325133907.84, 121.7, 0.0, 0.0
20210325133908.96, 121.7, 0.0, 0.0
20210325133910.06, 121.7, 0.0, 0.0
20210325133911.15, 121.7, 0.0, 0.0
20210325133912.28, 121.7, 0.0, 0.0
20210325133913.4, 121.7, 0.0, 0.0
20210325133914.52, 121.7, 0.0, 0.0
20210325133915.6, 121.7, 0.0, 0.0
20210325133916.67, 121.7, 0.0, 0.0
20210325133917.79, 121.7, 0.0, 0.0
20210325133918.88, 121.8, 0.0, 0.0
20210325133919.97, 121.8, 0.0, 0.0
20210325133921.09, 121.8, 0.0, 0.0
20210325133922.22, 121.8, 0.0, 0.0
20210325133923.34, 121.8, 0.0, 0.0
20210325133924.48, 121.8, 0.0, 0.0
20210325133925.56, 121.8, 0.0, 0.0
20210325133926.61, 121.7, 0.0, 0.0
20210325133927.66, 121.7, 0.0, 0.0
20210325133928.7, 121.7, 0.0, 0.0
20210325133929.8, 121.7, 0.0, 0.0
20210325133930.93, 121.7, 0.0, 0.0
20210325133932.01, 121.7, 0.0, 0.0
20210325133933.11, 121.7, 0.0, 0.0
20210325133934.23, 121.7, 0.0, 0.0
20210325133935.35, 121.7, 0.0, 0.0
20210325133936.49, 121.7, 0.0, 0.0
20210325133937.59, 121.7, 0.0, 0.0
20210325133938.64, 121.7, 0.0, 0.0
20210325133939.75, 121.7, 0.0, 0.0
20210325133940.97, 121.7, 0.0, 0.0
20210325133942.02, 121.7, 0.0, 0.0
20210325133943.12, 121.7, 0.0, 0.0
20210325133944.24, 121.7, 0.0, 0.0
20210325133945.37, 121.7, 0.0, 0.0
20210325133946.45, 121.7, 0.0, 0.0
20210325133947.49, 121.6, 0.0, 0.0
20210325133948.61, 121.6, 0.0, 0.0
20210325133949.73, 121.6, 0.0, 0.0
20210325133950.82, 121.6, 0.0, 0.0
20210325133951.95, 121.6, 0.0, 0.0
20210325133953.09, 121.6, 0.0, 0.0
20210325133954.14, 121.6, 0.0, 0.0
20210325133955.26, 121.6, 0.0, 0.0
20210325133956.38, 121.6, 0.0, 0.0
20210325133957.48, 121.6, 0.0, 0.0
20210325133958.57, 121.6, 0.0, 0.0
20210325133959.69, 121.6, 0.0, 0.0
20210325134000.8, 121.6, 0.0, 0.0
20210325134001.92, 121.6, 0.0, 0.0
20210325134003.07, 121.6, 0.0, 0.0
20210325134004.14, 121.6, 0.0, 0.0
20210325134005.28, 121.6, 0.0, 0.0
20210325134006.32, 121.7, 0.0, 0.0
20210325134007.38, 121.7, 0.0, 0.0
20210325134008.52, 121.8, 0.0, 0.0
20210325134009.77, 121.8, 0.0, 0.0
20210325134010.82, 121.8, 0.0, 0.0
20210325134011.9, 121.7, 0.0, 0.0
20210325134013.0, 121.7, 0.0, 0.0
20210325134014.08, 121.7, 0.0, 0.0
20210325134015.19, 121.7, 0.0, 0.0
20210325134016.29, 121.6, 0.0, 0.0
20210325134017.42, 121.6, 0.0, 0.0
20210325134018.55, 121.6, 0.0, 0.0
20210325134019.66, 121.6, 0.0, 0.0
20210325134020.75, 121.6, 0.0, 0.0
20210325134021.86, 121.6, 0.0, 0.0
20210325134022.98, 121.7, 0.0, 0.0
20210325134024.07, 121.7, 0.0, 0.0
20210325134025.17, 121.7, 0.0, 0.0
20210325134026.27, 121.7, 0.0, 0.0
20210325134027.32, 121.7, 0.0, 0.0
20210325134028.44, 121.7, 0.0, 0.0
20210325134029.59, 121.7, 0.0, 0.0
20210325134030.65, 121.7, 0.0, 0.0
20210325134031.75, 121.7, 0.0, 0.0
20210325134032.87, 121.6, 0.0, 0.0
20210325134033.96, 121.6, 0.0, 0.0
20210325134035.07, 121.6, 0.0, 0.0
20210325134036.15, 121.6, 0.0, 0.0
20210325134037.21, 121.6, 0.0, 0.0
20210325134038.31, 121.6, 0.0, 0.0
20210325134039.42, 121.7, 0.0, 0.0
20210325134040.56, 121.7, 0.0, 0.0
20210325134041.65, 121.7, 0.0, 0.0
20210325134042.7, 121.7, 0.0, 0.0
20210325134043.79, 121.7, 0.0, 0.0
20210325134044.88, 121.8, 0.0, 0.0
20210325134045.98, 121.8, 0.0, 0.0
20210325134047.11, 121.8, 0.0, 0.0
20210325134048.19, 121.8, 0.0, 0.0
20210325134049.24, 121.8, 0.0, 0.0
20210325134050.32, 121.8, 0.0, 0.0
20210325134051.36, 121.7, 0.0, 0.0
20210325134052.48, 121.7, 0.0, 0.0
20210325134053.61, 121.8, 0.0, 0.0
20210325134054.73, 121.8, 0.0, 0.0
20210325134055.78, 121.7, 0.0, 0.0
20210325134056.91, 121.7, 0.0, 0.0
20210325134058.07, 121.7, 0.0, 0.0
20210325134059.15, 121.6, 0.0, 0.0
20210325134100.23, 121.6, 0.0, 0.0
20210325134101.32, 121.6, 0.0, 0.0
20210325134102.43, 121.6, 0.0, 0.0
20210325134103.55, 121.6, 0.0, 0.0
20210325134104.65, 121.6, 0.0, 0.0
20210325134105.76, 121.6, 0.0, 0.0
20210325134106.84, 121.6, 0.0, 0.0
20210325134107.9, 121.6, 0.0, 0.0
20210325134108.96, 121.6, 0.0, 0.0
20210325134110.05, 121.6, 0.0, 0.0
