time,voltage,current,power
20210329140000.82, 121.0, 2.8, 271.0
20210329140001.97, 121.0, 2.8, 271.0
20210329140003.01, 121.0, 2.8, 270.0
20210329140004.08, 121.0, 2.8, 270.0
20210329140005.12, 121.1, 2.8, 273.0
20210329140006.18, 121.1, 2.8, 273.0
20210329140007.23, 121.1, 2.8, 269.0
20210329140008.28, 121.1, 2.8, 269.0
20210329140009.33, 121.1, 2.8, 274.0
20210329140010.39, 121.1, 2.8, 274.0
20210329140011.44, 121.2, 2.7, 276.0
20210329140012.5, 121.2, 2.7, 276.0
20210329140013.55, 121.3, 2.7, 271.0
20210329140014.6, 121.3, 2.7, 271.0
20210329140015.65, 121.2, 2.7, 272.0
20210329140016.71, 121.2, 2.7, 272.0
20210329140017.76, 121.3, 2.7, 274.0
20210329140018.82, 121.3, 2.7, 274.0
20210329140019.87, 121.3, 2.7, 274.0
20210329140020.92, 121.3, 2.7, 274.0
20210329140021.97, 121.2, 2.7, 273.0
20210329140023.03, 121.2, 2.7, 273.0
20210329140024.07, 121.2, 2.7, 276.0
20210329140025.13, 121.2, 2.7, 276.0
20210329140026.19, 121.2, 2.6999999999999997, 271.0
20210329140027.25, 121.2, 2.6999999999999997, 271.0
20210329142825.56, 122.2, 2.9, 278.0
20210329142826.63, 122.2, 2.9, 278.0
20210329142827.69, 122.1, 2.9, 276.0
20210329142828.75, 122.1, 2.9, 276.0
20210329142829.8, 122.2, 2.9, 274.0
20210329142830.87, 122.2, 2.9, 274.0
20210329142831.93, 122.2, 2.9, 278.0
20210329142832.99, 122.2, 2.9, 278.0
20210329142834.05, 122.2, 2.9, 275.0
20210329142835.12, 122.2, 2.9, 275.0
20210329142836.18, 122.2, 2.9, 274.0
20210329142837.24, 122.2, 2.9, 274.0
20210329142838.29, 122.2, 2.9, 276.0
20210329142839.36, 122.2, 2.9, 276.0
20210329142840.44, 122.2, 2.8, 278.0
20210329142841.5, 122.2, 2.8, 278.0
20210329142842.55, 122.2, 2.8, 274.0
20210329142843.62, 122.2, 2.8, 274.0
20210329142844.68, 122.2, 2.8, 272.0
20210329142845.74, 122.2, 2.8, 272.0
20210329142846.8, 122.1, 2.8, 275.0
20210329142847.86, 122.1, 2.8, 275.0
20210329142848.92, 122.2, 2.8, 276.0
20210329142849.98, 122.2, 2.8, 276.0
20210329142851.04, 122.1, 2.8, 275.0
20210329142852.09, 122.1, 2.8, 275.0
20210329142853.16, 122.1, 2.8, 277.0
20210329142854.22, 122.1, 2.8, 277.0
20210329142855.27, 122.2, 2.8, 277.0
20210329142856.34, 122.2, 2.8, 277.0
20210329142857.4, 122.2, 2.8, 274.0
20210329142858.46, 122.2, 2.8, 274.0
20210329142859.52, 122.2, 2.8, 277.0
20210329142900.61, 122.2, 2.8, 277.0
20210329142901.66, 122.1, 2.8, 272.0
20210329142902.72, 122.1, 2.8, 272.0
20210329142903.78, 122.1, 2.8, 275.0
20210329142904.85, 122.1, 2.8, 275.0
20210329142905.91, 122.1, 2.8, 271.0
20210329142906.96, 122.1, 2.8, 271.0
20210329142908.03, 122.1, 2.8, 277.0
20210329142909.09, 122.1, 2.8, 277.0
20210329142910.14, 122.1, 2.8, 272.0
20210329142911.2, 122.1, 2.8, 272.0
20210329142912.25, 122.1, 2.8, 279.0
20210329142913.31, 122.1, 2.8, 279.0
20210329142914.37, 122.1, 2.8, 270.0
20210329142915.43, 122.1, 2.8, 270.0
20210329142916.5, 122.2, 2.8, 277.0
20210329142917.56, 122.2, 2.8, 277.0
20210329142918.62, 122.2, 2.8, 277.0
20210329142919.68, 122.2, 2.8, 275.0
20210329142920.83, 122.1, 2.8, 275.0
20210329142921.89, 122.2, 2.8, 275.0
20210329142922.95, 122.2, 2.8, 275.0
20210329142924.01, 122.2, 2.8, 280.0
20210329142925.09, 122.2, 2.8, 280.0
20210329142926.16, 122.2, 2.8, 275.0
20210329142927.21, 122.2, 2.8, 275.0
20210329142928.29, 122.2, 2.8, 280.0
20210329142929.38, 122.2, 2.8, 280.0
20210329142930.43, 122.2, 2.8, 275.0
20210329142931.49, 122.2, 2.8, 275.0
20210329142932.55, 122.3, 2.8, 279.0
20210329142933.62, 122.3, 2.8, 279.0
20210329142934.68, 122.3, 2.8, 274.0
20210329142935.75, 122.3, 2.8, 274.0
20210329142936.81, 122.3, 2.8, 277.0
20210329142937.88, 122.3, 2.8, 277.0
20210329142938.95, 122.3, 2.8, 275.0
20210329142940.04, 122.3, 2.8, 275.0
20210329142941.12, 122.2, 2.8, 273.0
20210329142942.18, 122.2, 2.8, 273.0
20210329142943.24, 122.3, 2.8, 274.0
20210329142944.31, 122.3, 2.8, 274.0
20210329142945.38, 122.3, 2.8, 275.0
20210329142946.44, 122.3, 2.8, 275.0
20210329142947.51, 122.3, 2.8, 277.0
20210329142948.57, 122.3, 2.8, 277.0
20210329142949.64, 122.3, 2.8, 272.0
20210329142950.71, 122.3, 2.8, 272.0
20210329142951.77, 122.2, 2.8, 274.0
20210329142952.83, 122.2, 2.8, 274.0
20210329142953.9, 122.2, 2.8, 274.0
20210329142954.99, 122.2, 2.8, 274.0
20210329142956.06, 122.2, 2.8, 275.0
20210329142957.11, 122.2, 2.8, 275.0
20210329142958.17, 122.2, 2.8, 277.0
20210329142959.23, 122.2, 2.8, 277.0
20210329143000.29, 122.2, 2.8, 277.0
20210329143001.37, 122.2, 2.8, 277.0
20210329143002.43, 122.1, 2.8, 272.0
20210329143003.49, 122.1, 2.8, 276.0
20210329143004.64, 122.1, 2.8, 276.0
20210329143005.7, 122.1, 2.8, 275.0
20210329143006.76, 122.1, 2.8, 275.0
20210329143007.82, 122.2, 2.8, 274.0
20210329143008.89, 122.2, 2.8, 274.0
20210329143009.95, 122.2, 2.8, 274.0
20210329143011.01, 122.2, 2.8, 274.0
20210329143012.07, 122.3, 2.8, 272.0
20210329143013.14, 122.3, 2.8, 272.0
20210329143014.19, 122.2, 2.8, 275.0
20210329143015.26, 122.2, 2.8, 275.0
20210329143016.32, 122.3, 2.8, 277.0
20210329143017.38, 122.3, 2.8, 277.0
20210329143018.46, 122.3, 2.8, 276.0
20210329143019.52, 122.3, 2.8, 276.0
20210329143020.59, 122.3, 2.8, 275.0
20210329143021.66, 122.3, 2.8, 275.0
20210329143022.73, 122.3, 2.8, 275.0
20210329143023.8, 122.3, 2.8, 275.0
20210329143024.85, 122.3, 2.8, 276.0
20210329143025.93, 122.3, 2.8, 276.0
20210329143026.99, 122.2, 2.8, 276.0
20210329143028.07, 122.2, 2.8, 276.0
20210329143029.14, 122.3, 2.8, 278.0
20210329143030.2, 122.3, 2.8, 278.0
20210329143031.28, 122.3, 2.8, 275.0
20210329143032.34, 122.3, 2.8, 275.0
20210329143033.41, 122.3, 2.8, 277.0
20210329143034.5, 122.3, 2.8, 277.0
20210329143035.55, 122.3, 2.8, 276.0
20210329143036.63, 122.3, 2.8, 276.0
20210329143037.7, 122.3, 2.8, 275.0
20210329143038.75, 122.3, 2.8, 275.0
20210329143039.8, 122.3, 2.8, 277.0
20210329143040.88, 122.3, 2.8, 277.0
20210329143041.95, 122.3, 2.8, 278.0
20210329143043.01, 122.3, 2.8, 278.0
20210329143044.07, 122.2, 2.8, 274.0
20210329143045.13, 122.2, 2.8, 274.0
20210329143046.21, 122.2, 2.8, 278.0
20210329143047.27, 122.2, 2.8, 274.0
20210329143048.44, 122.2, 2.8, 274.0
20210329143049.52, 122.2, 2.8, 272.0
20210329143050.59, 122.2, 2.8, 272.0
20210329143051.66, 122.3, 2.8, 276.0
20210329143052.73, 122.3, 2.8, 276.0
20210329143053.79, 122.2, 2.8, 277.0
20210329143054.86, 122.2, 2.8, 277.0
20210329143055.94, 122.2, 2.8, 278.0
20210329143057.0, 122.2, 2.8, 278.0
20210329143058.06, 122.2, 2.8, 274.0
20210329143059.12, 122.2, 2.8, 274.0
20210329143100.18, 122.2, 2.8, 273.0
20210329143101.27, 122.2, 2.8, 273.0
20210329143102.34, 122.3, 2.8, 277.0
20210329143103.41, 122.3, 2.8, 277.0
20210329143104.47, 122.2, 2.8, 278.0
20210329143105.53, 122.2, 2.8, 278.0
20210329143106.62, 122.2, 2.8, 272.0
20210329143107.68, 122.2, 2.8, 272.0
20210329143108.74, 122.3, 2.8, 273.0
20210329143109.82, 122.3, 2.8, 273.0
20210329143110.88, 122.3, 2.8, 278.0
20210329143111.94, 122.3, 2.8, 278.0
20210329143113.0, 122.3, 2.8, 272.0
20210329143114.07, 122.3, 2.8, 272.0
20210329143115.15, 122.2, 2.8, 277.0
20210329143116.21, 122.2, 2.8, 277.0
20210329143117.27, 122.3, 2.8, 276.0
20210329143118.33, 122.3, 2.8, 276.0
20210329143119.39, 122.2, 2.8, 275.0
20210329143120.47, 122.2, 2.8, 275.0
20210329143121.54, 122.2, 2.8, 274.0
20210329143122.61, 122.2, 2.8, 274.0
20210329143123.67, 122.2, 2.8, 279.0
20210329143124.74, 122.2, 2.8, 279.0
20210329143125.79, 122.3, 2.8, 278.0
20210329143126.86, 122.3, 2.8, 278.0
20210329143127.91, 122.2, 2.8, 275.0
20210329143129.1, 122.2, 2.8, 274.0
20210329143130.16, 122.2, 2.8, 274.0
20210329143131.24, 122.3, 2.8, 277.0
20210329143132.3, 122.3, 2.8, 277.0
20210329143133.37, 122.3, 2.8, 275.0
20210329143134.46, 122.3, 2.8, 275.0
20210329143135.53, 122.3, 2.8, 277.0
20210329143136.6, 122.3, 2.8, 277.0
20210329143137.66, 122.2, 2.8, 271.0
20210329143138.74, 122.2, 2.8, 271.0
20210329143139.81, 122.2, 2.8, 275.0
20210329143140.88, 122.2, 2.8, 275.0
20210329143141.93, 122.2, 2.8, 274.0
20210329143143.0, 122.2, 2.8, 274.0
20210329143144.05, 122.2, 2.8, 272.0
20210329143145.11, 122.2, 2.8, 272.0
20210329143146.17, 122.2, 2.8, 275.0
20210329143147.24, 122.2, 2.8, 275.0
20210329143148.3, 122.2, 2.8, 280.0
20210329143149.38, 122.2, 2.8, 280.0
20210329143150.45, 122.2, 2.8, 277.0
20210329143151.54, 122.2, 2.8, 277.0
20210329143152.59, 122.2, 2.8, 275.0
20210329143153.68, 122.2, 2.8, 275.0
20210329143154.74, 122.3, 2.8, 277.0
20210329143155.81, 122.3, 2.8, 277.0
20210329143156.87, 122.3, 2.8, 276.0
20210329143157.94, 122.3, 2.8, 276.0
20210329143159.02, 122.3, 2.8, 275.0
20210329143200.08, 122.3, 2.8, 275.0
20210329143201.13, 122.3, 2.8, 274.0
20210329143202.2, 122.3, 2.8, 274.0
20210329143203.25, 122.3, 2.8, 277.0
20210329143204.3, 122.3, 2.8, 277.0
20210329143205.36, 122.2, 2.8, 274.0
20210329143206.43, 122.2, 2.8, 274.0
20210329143207.51, 122.2, 2.8, 279.0
20210329143208.57, 122.2, 2.8, 279.0
20210329143209.64, 122.3, 2.8, 275.0
20210329143210.82, 122.3, 2.8, 283.0
20210329143211.89, 122.3, 2.8, 283.0
20210329143212.96, 122.3, 2.8, 276.0
20210329143214.01, 122.3, 2.8, 276.0
20210329143215.07, 122.3, 2.8, 276.0
20210329143216.13, 122.3, 2.8, 276.0
20210329143217.2, 122.3, 2.8, 276.0
20210329143218.26, 122.3, 2.8, 276.0
20210329143219.32, 122.3, 2.8, 276.0
20210329143220.4, 122.3, 2.8, 276.0
20210329143221.45, 122.4, 2.8, 275.0
20210329143222.52, 122.4, 2.8, 275.0
20210329143223.57, 122.3, 2.8, 278.0
20210329143224.64, 122.3, 2.8, 278.0
20210329143225.7, 122.3, 2.8, 277.0
20210329143226.77, 122.3, 2.8, 277.0
20210329143227.82, 122.3, 2.8, 275.0
20210329143228.91, 122.3, 2.8, 275.0
20210329143229.97, 121.5, 2.8, 268.0
20210329143231.04, 121.5, 2.8, 268.0
20210329143232.1, 121.5, 2.8, 274.0
20210329143233.17, 121.5, 2.8, 274.0
20210329143234.23, 121.6, 2.8, 273.0
20210329143235.29, 121.6, 2.8, 273.0
20210329143236.34, 121.5, 2.8, 267.0
20210329143237.4, 121.5, 2.8, 267.0
20210329143238.46, 121.5, 2.8, 276.0
20210329143239.53, 121.5, 2.8, 276.0
20210329143240.6, 121.5, 2.8, 272.0
20210329143241.66, 121.5, 2.8, 272.0
20210329143242.71, 121.5, 2.8, 277.0
20210329143243.78, 121.5, 2.8, 277.0
20210329143244.85, 121.5, 2.8, 269.0
20210329143245.91, 121.5, 2.8, 269.0
20210329143246.97, 121.5, 2.8, 268.0
20210329143248.03, 121.5, 2.8, 268.0
20210329143249.1, 121.5, 2.8, 274.0
20210329143250.16, 121.5, 2.8, 274.0
20210329143251.25, 121.5, 2.8, 274.0
20210329143252.31, 121.5, 2.8, 274.0
20210329143253.37, 121.4, 2.8, 277.0
20210329143254.45, 121.4, 2.8, 277.0
20210329143255.51, 121.5, 2.8, 274.0
20210329143256.57, 121.5, 2.8, 272.0
20210329143257.73, 121.4, 2.8, 272.0
20210329143258.8, 121.5, 2.8, 277.0
20210329143259.86, 121.5, 2.8, 277.0
20210329143300.92, 121.4, 2.8, 274.0
20210329143301.98, 121.4, 2.8, 274.0
20210329143303.04, 121.4, 2.8, 274.0
20210329143304.1, 121.4, 2.8, 274.0
20210329143305.16, 121.4, 2.8, 272.0
20210329143306.23, 121.4, 2.8, 272.0
20210329143307.29, 121.4, 2.8, 277.0
20210329143308.38, 121.4, 2.8, 277.0
20210329143309.44, 121.4, 2.8, 272.0
20210329143310.54, 121.4, 2.8, 272.0
20210329143311.6, 121.5, 2.8, 273.0
20210329143312.68, 121.5, 2.8, 273.0
20210329143313.74, 121.4, 2.8, 277.0
20210329143314.82, 121.4, 2.8, 277.0
20210329143315.88, 121.4, 2.8, 273.0
20210329143316.93, 121.4, 2.8, 273.0
20210329143318.02, 121.4, 2.8, 273.0
20210329143319.09, 121.4, 2.8, 273.0
20210329143320.15, 121.4, 2.8, 272.0
20210329143321.22, 121.4, 2.8, 272.0
20210329143322.3, 121.4, 2.8, 274.0
20210329143323.36, 121.4, 2.8, 274.0
20210329143324.44, 121.4, 2.8, 271.0
20210329143325.52, 121.4, 2.8, 271.0
20210329143326.6, 121.4, 2.8, 274.0
20210329143327.68, 121.4, 2.8, 274.0
20210329143328.75, 121.4, 2.8, 271.0
20210329143329.82, 121.4, 2.8, 271.0
20210329143330.89, 121.4, 2.8, 271.0
20210329143331.95, 121.4, 2.8, 271.0
20210329143333.02, 121.4, 2.8, 272.0
20210329143334.09, 121.4, 2.8, 272.0
20210329143335.15, 121.4, 2.8, 274.0
20210329143336.3, 121.4, 2.8, 272.0
20210329143337.37, 121.4, 2.8, 272.0
20210329143338.43, 121.4, 2.8, 275.0
20210329143339.51, 121.4, 2.8, 275.0
20210329143340.57, 121.4, 2.8, 277.0
20210329143341.64, 121.4, 2.8, 277.0
20210329143342.7, 121.4, 2.8, 269.0
20210329143343.76, 121.4, 2.8, 269.0
20210329143344.82, 121.4, 2.8, 274.0
20210329143345.88, 121.4, 2.8, 274.0
20210329143346.95, 121.4, 2.8, 275.0
20210329143348.02, 121.4, 2.8, 275.0
20210329143349.08, 121.2, 2.8, 263.0
20210329143350.15, 121.2, 2.8, 263.0
20210329143351.23, 121.5, 2.8, 271.0
20210329143352.29, 121.5, 2.8, 271.0
20210329143353.36, 121.5, 2.8, 270.0
20210329143354.43, 121.5, 2.8, 270.0
20210329143355.5, 121.5, 2.8, 274.0
20210329143356.58, 121.5, 2.8, 274.0
20210329143357.64, 121.4, 2.8, 274.0
20210329143358.7, 121.4, 2.8, 274.0
20210329143359.76, 121.5, 2.8, 274.0
20210329143400.86, 121.5, 2.8, 274.0
20210329143401.92, 121.5, 2.8, 270.0
20210329143402.99, 121.5, 2.8, 270.0
20210329143404.07, 121.4, 2.8, 274.0
20210329143405.14, 121.4, 2.8, 274.0
20210329143406.2, 121.4, 2.8, 276.0
20210329143407.26, 121.4, 2.8, 276.0
20210329143408.33, 121.4, 2.8, 275.0
20210329143409.4, 121.4, 2.8, 275.0
20210329143410.47, 121.4, 2.8, 276.0
20210329143411.52, 121.4, 2.8, 276.0
20210329143412.59, 121.4, 2.8, 274.0
20210329143413.66, 121.4, 2.8, 274.0
20210329143414.72, 121.4, 2.8, 271.0
20210329143415.92, 121.4, 2.8, 277.0
20210329143416.98, 121.4, 2.8, 277.0
20210329143418.07, 121.5, 2.8, 275.0
20210329143419.13, 121.5, 2.8, 275.0
20210329143420.2, 121.5, 2.8, 271.0
20210329143421.29, 121.5, 2.8, 271.0
20210329143422.34, 121.5, 2.8, 272.0
20210329143423.41, 121.5, 2.8, 272.0
20210329143424.47, 121.5, 2.8, 272.0
20210329143425.54, 121.5, 2.8, 272.0
20210329143426.61, 121.5, 2.8, 275.0
20210329143427.68, 121.5, 2.8, 275.0
20210329143428.73, 121.5, 2.8, 276.0
20210329143429.8, 121.5, 2.8, 276.0
20210329143430.87, 121.5, 2.8, 272.0
20210329143431.92, 121.5, 2.8, 272.0
20210329143432.99, 121.5, 2.8, 270.0
20210329143434.07, 121.5, 2.8, 270.0
20210329143435.14, 121.5, 2.8, 276.0
20210329143436.2, 121.5, 2.8, 276.0
20210329143437.27, 121.5, 2.8, 275.0
20210329143438.34, 121.5, 2.8, 275.0
20210329143439.41, 121.5, 2.8, 272.0
20210329143440.48, 121.5, 2.8, 272.0
20210329143441.53, 121.5, 2.8, 287.0
20210329143442.59, 121.5, 2.8, 287.0
20210329143443.65, 121.6, 2.8, 273.0
20210329143444.71, 121.6, 2.8, 273.0
20210329143445.78, 121.6, 2.6999999999999997, 270.0
20210329143446.84, 121.6, 2.6999999999999997, 270.0
20210329143447.92, 121.6, 2.6999999999999997, 274.0
20210329143448.99, 121.6, 2.6999999999999997, 274.0
20210329143450.05, 121.6, 2.6999999999999997, 270.0
20210329143451.12, 121.6, 2.6999999999999997, 270.0
20210329143452.18, 121.6, 2.6999999999999997, 272.0
20210329143453.25, 121.6, 2.6999999999999997, 272.0
20210329143454.33, 121.6, 2.6999999999999997, 274.0
20210329143455.39, 121.6, 2.6999999999999997, 274.0
20210329143456.45, 121.6, 2.6999999999999997, 273.0
20210329143457.61, 121.6, 2.6999999999999997, 272.0
20210329143458.68, 121.6, 2.6999999999999997, 272.0
20210329143459.74, 121.6, 2.8, 276.0
20210329143500.83, 121.6, 2.8, 276.0
20210329143501.9, 121.5, 2.8, 274.0
20210329143503.0, 121.5, 2.8, 274.0
20210329143504.06, 121.5, 2.8, 275.0
20210329143505.11, 121.5, 2.8, 275.0
20210329143506.18, 121.5, 2.8, 274.0
20210329143507.24, 121.5, 2.8, 274.0
20210329143508.3, 121.4, 2.8, 275.0
20210329143509.37, 121.4, 2.8, 275.0
20210329143510.42, 121.4, 2.8, 272.0
20210329143511.5, 121.4, 2.8, 272.0
20210329143512.55, 121.5, 2.8, 274.0
20210329143513.63, 121.5, 2.8, 274.0
20210329143514.69, 121.5, 2.8, 277.0
20210329143515.75, 121.5, 2.8, 277.0
20210329143516.81, 121.5, 2.8, 279.0
20210329143517.89, 121.5, 2.8, 279.0
20210329143518.96, 121.5, 2.8, 277.0
20210329143520.04, 121.5, 2.8, 277.0
20210329143521.12, 121.6, 2.8, 270.0
20210329143522.19, 121.6, 2.8, 270.0
20210329143523.27, 121.6, 2.8, 272.0
20210329143524.36, 121.6, 2.8, 272.0
20210329143525.44, 121.5, 2.8, 274.0
20210329143526.52, 121.5, 2.8, 274.0
20210329143527.6, 121.6, 2.8, 272.0
20210329143528.7, 121.6, 2.8, 272.0
20210329143529.77, 121.6, 2.8, 271.0
20210329143530.84, 121.6, 2.8, 271.0
20210329143531.97, 121.5, 2.8, 274.0
20210329143533.05, 121.6, 2.8, 274.0
20210329143534.11, 121.6, 2.8, 274.0
20210329143535.2, 121.5, 2.8, 275.0
20210329143536.26, 121.5, 2.8, 275.0
20210329143537.32, 121.5, 2.8, 274.0
20210329143538.38, 121.5, 2.8, 274.0
20210329143539.43, 121.4, 2.8, 272.0
20210329143540.5, 121.4, 2.8, 272.0
20210329143541.57, 121.5, 2.8, 274.0
20210329143542.64, 121.5, 2.8, 274.0
20210329143543.7, 121.5, 2.8, 274.0
20210329143544.77, 121.5, 2.8, 274.0
20210329143545.84, 121.4, 2.8, 271.0
20210329143546.9, 121.4, 2.8, 271.0
20210329143547.96, 121.3, 2.8, 274.0
20210329143549.04, 121.3, 2.8, 274.0
20210329143550.09, 121.4, 2.8, 269.0
20210329143551.16, 121.4, 2.8, 269.0
20210329143552.23, 121.4, 2.8, 270.0
20210329143553.29, 121.4, 2.8, 270.0
20210329143554.36, 121.4, 2.8, 273.0
20210329143555.43, 121.4, 2.8, 273.0
20210329143556.52, 121.4, 2.8, 270.0
20210329143557.61, 121.4, 2.8, 270.0
20210329143558.69, 121.4, 2.8, 271.0
20210329143559.77, 121.4, 2.8, 271.0
20210329143600.84, 121.4, 2.8, 271.0
20210329143601.91, 121.4, 2.8, 271.0
20210329143602.97, 121.4, 2.8, 277.0
20210329143604.03, 121.4, 2.8, 277.0
20210329143605.11, 121.4, 2.8, 274.0
20210329143606.18, 121.4, 2.8, 274.0
20210329143607.23, 121.4, 2.8, 275.0
20210329143608.31, 121.4, 2.8, 275.0
20210329143609.38, 121.5, 2.8, 273.0
20210329143610.44, 121.5, 2.8, 273.0
20210329143611.5, 121.5, 2.8, 274.0
20210329143612.56, 121.5, 2.8, 270.0
20210329143613.72, 121.6, 2.8, 270.0
20210329143614.8, 121.5, 2.8, 271.0
20210329143615.86, 121.5, 2.8, 271.0
20210329143616.92, 121.6, 2.6999999999999997, 272.0
20210329143617.99, 121.6, 2.6999999999999997, 272.0
20210329143619.07, 121.5, 2.6999999999999997, 269.0
20210329143620.15, 121.5, 2.6999999999999997, 269.0
20210329143621.22, 121.6, 2.6999999999999997, 276.0
20210329143622.29, 121.6, 2.6999999999999997, 276.0
20210329143623.34, 121.5, 2.6999999999999997, 278.0
20210329143624.42, 121.5, 2.6999999999999997, 278.0
20210329143625.49, 121.6, 2.6999999999999997, 274.0
20210329143626.58, 121.6, 2.6999999999999997, 274.0
20210329143627.64, 121.5, 2.6999999999999997, 269.0
20210329143628.73, 121.5, 2.6999999999999997, 269.0
20210329143629.79, 121.5, 2.6999999999999997, 273.0
20210329143630.88, 121.5, 2.6999999999999997, 273.0
20210329143631.95, 121.5, 2.8, 274.0
20210329143633.01, 121.5, 2.8, 274.0
20210329143634.07, 121.5, 2.8, 271.0
20210329143635.14, 121.5, 2.8, 271.0
20210329143636.21, 121.5, 2.8, 279.0
20210329143637.28, 121.5, 2.8, 279.0
20210329143638.33, 121.5, 2.8, 272.0
20210329143639.4, 121.5, 2.8, 272.0
20210329143640.46, 121.5, 2.8, 273.0
20210329143641.53, 121.5, 2.8, 273.0
20210329143642.58, 121.5, 2.8, 273.0
20210329143643.64, 121.5, 2.8, 273.0
20210329143644.72, 121.5, 2.8, 271.0
20210329143645.78, 121.5, 2.8, 271.0
20210329143646.84, 121.5, 2.8, 273.0
20210329143647.91, 121.5, 2.8, 273.0
20210329143648.97, 121.5, 2.8, 271.0
20210329143650.03, 121.5, 2.8, 271.0
20210329143651.08, 121.5, 2.8, 276.0
20210329143652.15, 121.5, 2.8, 276.0
20210329143653.21, 121.5, 2.8, 270.0
20210329143654.39, 121.5, 2.8, 274.0
20210329143655.46, 121.5, 2.8, 274.0
20210329143656.53, 121.5, 2.8, 273.0
20210329143657.59, 121.5, 2.8, 273.0
20210329143658.66, 121.5, 2.8, 271.0
20210329143659.73, 121.5, 2.8, 271.0
20210329143700.8, 121.5, 2.8, 273.0
20210329143701.87, 121.5, 2.8, 273.0
20210329143702.93, 121.5, 2.8, 276.0
20210329143703.99, 121.5, 2.8, 276.0
20210329143705.05, 121.5, 2.8, 274.0
20210329143706.12, 121.5, 2.8, 274.0
20210329143707.17, 121.5, 2.8, 275.0
20210329143708.24, 121.5, 2.8, 275.0
20210329143709.29, 121.5, 2.8, 275.0
20210329143710.36, 121.5, 2.8, 275.0
20210329143711.42, 121.6, 2.8, 279.0
20210329143712.49, 121.6, 2.8, 279.0
20210329143713.55, 121.6, 2.8, 271.0
20210329143714.62, 121.6, 2.8, 271.0
20210329143715.68, 121.6, 2.8, 272.0
20210329143716.75, 121.6, 2.8, 272.0
20210329143717.8, 121.6, 2.8, 275.0
20210329143718.87, 121.6, 2.8, 275.0
20210329143719.92, 121.5, 2.8, 277.0
20210329143721.01, 121.5, 2.8, 277.0
20210329143722.06, 121.5, 2.8, 271.0
20210329143723.14, 121.5, 2.8, 271.0
20210329143724.21, 121.6, 2.8, 277.0
20210329143725.28, 121.6, 2.8, 277.0
20210329143726.34, 121.5, 2.8, 272.0
20210329143727.4, 121.5, 2.8, 272.0
20210329143728.46, 121.5, 2.8, 276.0
20210329143729.53, 121.5, 2.8, 276.0
20210329143730.58, 121.5, 2.8, 272.0
20210329143731.66, 121.5, 2.8, 272.0
20210329143732.71, 121.5, 2.8, 271.0
20210329143733.77, 121.5, 2.8, 271.0
20210329143734.83, 121.2, 2.8, 268.0
20210329143735.88, 121.2, 2.8, 268.0
20210329143736.95, 121.3, 2.8, 272.0
20210329143738.02, 121.3, 2.8, 272.0
20210329143739.07, 121.2, 2.8, 271.0
20210329143740.23, 121.2, 2.8, 272.0
20210329143741.29, 121.2, 2.8, 272.0
20210329143742.36, 121.2, 2.8, 272.0
20210329143743.42, 121.2, 2.8, 272.0
20210329143744.48, 121.3, 2.8, 272.0
20210329143745.54, 121.3, 2.8, 272.0
20210329143746.6, 121.3, 2.8, 276.0
20210329143747.66, 121.3, 2.8, 276.0
20210329143748.71, 121.3, 2.8, 278.0
20210329143749.79, 121.3, 2.8, 278.0
20210329143750.84, 121.4, 2.8, 271.0
20210329143751.92, 121.4, 2.8, 271.0
20210329143752.98, 121.4, 2.8, 275.0
20210329143754.04, 121.4, 2.8, 275.0
20210329143755.1, 121.4, 2.8, 276.0
20210329143756.17, 121.4, 2.8, 276.0
20210329143757.24, 121.4, 2.8, 271.0
20210329143758.31, 121.4, 2.8, 271.0
20210329143759.37, 121.4, 2.8, 275.0
20210329143800.45, 121.4, 2.8, 275.0
20210329143801.52, 121.4, 2.8, 270.0
20210329143802.59, 121.4, 2.8, 270.0
20210329143803.65, 121.4, 2.8, 271.0
20210329143804.71, 121.4, 2.8, 271.0
20210329143805.78, 121.4, 2.8, 269.0
20210329143806.85, 121.4, 2.8, 269.0
20210329143807.91, 121.4, 2.8, 277.0
20210329143808.96, 121.4, 2.8, 277.0
20210329143810.02, 121.4, 2.8, 273.0
20210329143811.09, 121.4, 2.8, 273.0
20210329143812.15, 121.3, 2.8, 279.0
20210329143813.22, 121.3, 2.8, 279.0
20210329143814.28, 121.2, 2.8, 269.0
20210329143815.34, 121.2, 2.8, 269.0
20210329143816.39, 121.3, 2.8, 271.0
20210329143817.45, 121.3, 2.8, 271.0
20210329143818.51, 121.3, 2.6999999999999997, 274.0
20210329143819.57, 121.3, 2.6999999999999997, 274.0
20210329143820.64, 121.3, 2.6999999999999997, 270.0
20210329143821.7, 121.3, 2.6999999999999997, 270.0
20210329143822.77, 121.3, 2.6999999999999997, 272.0
20210329143823.84, 121.3, 2.6999999999999997, 272.0
20210329143824.9, 121.3, 2.6999999999999997, 272.0
20210329143826.1, 121.3, 2.6999999999999997, 270.0
20210329143827.16, 121.3, 2.6999999999999997, 270.0
20210329143828.23, 121.2, 2.6999999999999997, 272.0
20210329143829.29, 121.2, 2.6999999999999997, 272.0
20210329143830.35, 121.2, 2.6999999999999997, 269.0
20210329143831.41, 121.2, 2.6999999999999997, 269.0
20210329143832.46, 121.2, 2.6999999999999997, 273.0
20210329143833.52, 121.2, 2.6999999999999997, 273.0
20210329143834.59, 121.3, 2.8, 275.0
20210329143835.65, 121.3, 2.8, 275.0
20210329143836.71, 121.3, 2.8, 272.0
20210329143837.79, 121.3, 2.8, 272.0
20210329143838.85, 121.2, 2.8, 275.0
20210329143839.91, 121.2, 2.8, 275.0
20210329143840.97, 121.3, 2.8, 272.0
20210329143842.04, 121.3, 2.8, 272.0
20210329143843.1, 121.3, 2.8, 272.0
20210329143844.16, 121.3, 2.8, 272.0
20210329143845.21, 121.3, 2.8, 276.0
20210329143846.29, 121.3, 2.8, 276.0
20210329143847.36, 121.2, 2.8, 278.0
20210329143848.43, 121.2, 2.8, 278.0
20210329143849.52, 121.2, 2.8, 269.0
20210329143850.57, 121.2, 2.8, 269.0
20210329143851.64, 121.2, 2.8, 276.0
20210329143852.7, 121.2, 2.8, 276.0
20210329143853.77, 121.2, 2.8, 269.0
20210329143854.83, 121.2, 2.8, 269.0
20210329143855.89, 121.2, 2.8, 274.0
20210329143856.95, 121.2, 2.8, 274.0
20210329143858.03, 121.3, 2.8, 276.0
20210329143859.1, 121.3, 2.8, 276.0
20210329143900.16, 121.4, 2.8, 275.0
20210329143901.23, 121.4, 2.8, 275.0
20210329143902.31, 121.3, 2.8, 266.0
20210329143903.38, 121.3, 2.8, 266.0
20210329143904.44, 121.3, 2.8, 272.0
20210329143905.52, 121.3, 2.8, 272.0
20210329143906.59, 121.4, 2.8, 272.0
20210329143907.65, 121.4, 2.8, 272.0
20210329143908.71, 121.4, 2.8, 272.0
20210329143909.9, 121.4, 2.8, 274.0
20210329143910.96, 121.4, 2.8, 274.0
20210329143912.02, 121.4, 2.8, 272.0
20210329143913.08, 121.4, 2.8, 272.0
20210329143914.13, 121.4, 2.8, 274.0
20210329143915.19, 121.4, 2.8, 274.0
20210329143916.26, 121.4, 2.8, 269.0
20210329143917.33, 121.4, 2.8, 269.0
20210329143918.38, 121.4, 2.8, 274.0
20210329143919.45, 121.4, 2.8, 274.0
20210329143920.5, 121.4, 2.8, 272.0
20210329143921.59, 121.4, 2.8, 272.0
20210329143922.66, 121.4, 2.8, 271.0
20210329143923.72, 121.4, 2.8, 271.0
20210329143924.78, 121.3, 2.8, 268.0
20210329143925.85, 121.3, 2.8, 268.0
20210329143926.92, 121.3, 2.8, 273.0
20210329143927.99, 121.3, 2.8, 273.0
20210329143929.05, 121.3, 2.8, 269.0
20210329143930.12, 121.3, 2.8, 269.0
20210329143931.17, 121.4, 2.8, 274.0
20210329143932.24, 121.4, 2.8, 274.0
20210329143933.31, 121.4, 2.8, 269.0
20210329143934.37, 121.4, 2.8, 269.0
20210329143935.42, 121.4, 2.6999999999999997, 272.0
20210329143936.48, 121.4, 2.6999999999999997, 272.0
20210329143937.54, 121.4, 2.6999999999999997, 274.0
20210329143938.61, 121.4, 2.6999999999999997, 274.0
20210329143939.67, 121.3, 2.6999999999999997, 272.0
20210329143940.76, 121.3, 2.6999999999999997, 272.0
20210329143941.83, 121.4, 2.6999999999999997, 287.0
20210329143942.89, 121.4, 2.6999999999999997, 287.0
20210329143943.95, 121.4, 2.6999999999999997, 272.0
20210329143945.01, 121.4, 2.6999999999999997, 272.0
20210329143946.07, 121.4, 2.6999999999999997, 274.0
20210329143947.14, 121.4, 2.6999999999999997, 274.0
20210329143948.2, 121.3, 2.6999999999999997, 279.0
20210329143949.26, 121.3, 2.6999999999999997, 279.0
20210329143950.32, 121.3, 2.6999999999999997, 271.0
20210329143951.38, 121.3, 2.6999999999999997, 271.0
20210329143952.44, 121.3, 2.8, 270.0
20210329143953.5, 121.3, 2.8, 270.0
20210329143954.56, 121.4, 2.8, 274.0
20210329143955.62, 121.4, 2.8, 274.0
20210329143956.69, 121.4, 2.8, 271.0
20210329143957.86, 121.4, 2.8, 273.0
20210329143958.92, 121.4, 2.8, 273.0
20210329143959.98, 121.4, 2.8, 272.0
20210329144001.04, 121.4, 2.8, 272.0
20210329144002.09, 121.4, 2.8, 274.0
20210329144003.18, 121.4, 2.8, 274.0
20210329144004.23, 121.4, 2.8, 273.0
20210329144005.3, 121.4, 2.8, 273.0
20210329144006.36, 121.4, 2.8, 275.0
20210329144007.42, 121.4, 2.8, 275.0
20210329144008.48, 121.4, 2.8, 273.0
20210329144009.54, 121.4, 2.8, 273.0
20210329144010.6, 121.4, 2.8, 273.0
20210329144011.68, 121.4, 2.8, 273.0
20210329144012.73, 121.4, 2.8, 272.0
20210329144013.8, 121.4, 2.8, 272.0
20210329144014.86, 121.4, 2.8, 269.0
20210329144015.92, 121.4, 2.8, 269.0
20210329144016.98, 121.3, 2.8, 273.0
20210329144018.04, 121.3, 2.8, 273.0
20210329144019.1, 121.3, 2.8, 279.0
20210329144020.16, 121.3, 2.8, 279.0
20210329144021.25, 121.3, 2.7, 274.0
20210329144022.33, 121.3, 2.7, 274.0
20210329144023.4, 121.3, 2.7, 272.0
20210329144024.46, 121.3, 2.7, 272.0
20210329144025.54, 121.3, 2.7, 274.0
20210329144026.62, 121.3, 2.7, 274.0
20210329144027.68, 121.3, 2.7, 275.0
20210329144028.75, 121.3, 2.7, 275.0
20210329144029.81, 121.4, 2.7, 269.0
20210329144030.88, 121.4, 2.7, 269.0
20210329144032.0, 121.3, 2.7, 275.0
20210329144033.07, 121.3, 2.7, 275.0
20210329144034.14, 121.4, 2.7, 274.0
20210329144035.22, 121.4, 2.7, 274.0
20210329144036.3, 121.3, 2.7, 276.0
20210329144037.48, 121.4, 2.6999999999999997, 271.0
20210329144038.53, 121.4, 2.6999999999999997, 271.0
20210329144039.59, 121.4, 2.6999999999999997, 274.0
20210329144040.66, 121.4, 2.6999999999999997, 274.0
20210329144041.71, 121.4, 2.6999999999999997, 269.0
20210329144042.78, 121.4, 2.6999999999999997, 269.0
20210329144043.84, 121.4, 2.6999999999999997, 267.0
20210329144044.9, 121.4, 2.6999999999999997, 267.0
20210329144045.97, 121.5, 2.6999999999999997, 273.0
20210329144047.04, 121.5, 2.6999999999999997, 273.0
20210329144048.09, 121.4, 2.6999999999999997, 275.0
20210329144049.15, 121.4, 2.6999999999999997, 275.0
20210329144050.22, 121.4, 2.6999999999999997, 272.0
20210329144051.29, 121.4, 2.6999999999999997, 272.0
20210329144052.34, 121.4, 2.8, 276.0
20210329144053.41, 121.4, 2.8, 276.0
20210329144054.47, 121.4, 2.8, 275.0
20210329144055.53, 121.4, 2.8, 275.0
20210329144056.59, 121.4, 2.8, 270.0
20210329144057.66, 121.4, 2.8, 270.0
20210329144058.71, 121.4, 2.8, 272.0
20210329144059.77, 121.4, 2.8, 272.0
20210329144100.84, 121.4, 2.8, 275.0
20210329144101.9, 121.4, 2.8, 275.0
20210329144102.97, 121.4, 2.8, 274.0
20210329144104.05, 121.4, 2.8, 274.0
20210329144105.1, 121.4, 2.8, 272.0
20210329144106.17, 121.4, 2.8, 272.0
20210329144107.22, 121.4, 2.8, 273.0
20210329144108.3, 121.4, 2.8, 273.0
20210329144109.35, 121.4, 2.8, 274.0
20210329144110.41, 121.4, 2.8, 274.0
20210329144111.46, 121.3, 2.8, 274.0
20210329144112.53, 121.3, 2.8, 274.0
20210329144113.6, 121.3, 2.8, 276.0
20210329144114.68, 121.3, 2.8, 276.0
20210329144115.73, 121.3, 2.8, 275.0
20210329144116.8, 121.3, 2.8, 275.0
20210329144117.86, 121.3, 2.8, 270.0
20210329144118.93, 121.3, 2.8, 270.0
20210329144119.99, 121.3, 2.8, 272.0
20210329144121.06, 121.3, 2.8, 272.0
20210329144122.12, 121.4, 2.8, 270.0
20210329144123.2, 121.4, 2.8, 270.0
20210329144124.26, 121.3, 2.8, 277.0
20210329144125.45, 121.4, 2.8, 272.0
20210329144126.54, 121.4, 2.8, 272.0
20210329144127.6, 121.3, 2.8, 273.0
20210329144128.68, 121.3, 2.8, 273.0
20210329144129.74, 121.4, 2.8, 272.0
20210329144130.82, 121.4, 2.8, 272.0
20210329144131.88, 121.4, 2.8, 275.0
20210329144132.95, 121.4, 2.8, 275.0
20210329144134.0, 121.4, 2.8, 271.0
20210329144135.07, 121.4, 2.8, 271.0
20210329144136.14, 121.4, 2.8, 271.0
20210329144137.2, 121.4, 2.8, 271.0
20210329144138.29, 121.4, 2.8, 272.0
20210329144139.34, 121.4, 2.8, 272.0
20210329144140.42, 121.5, 2.8, 275.0
20210329144141.48, 121.5, 2.8, 275.0
20210329144142.55, 121.5, 2.8, 274.0
20210329144143.65, 121.5, 2.8, 274.0
20210329144144.71, 121.4, 2.8, 428.0
20210329144145.78, 121.4, 2.8, 428.0
20210329144146.84, 121.4, 2.8, 430.0
20210329144147.91, 121.4, 2.8, 430.0
20210329144148.96, 121.4, 2.8, 431.0
20210329144150.03, 121.4, 2.8, 431.0
20210329144151.09, 121.4, 2.8, 426.0
20210329144152.15, 121.4, 2.8, 426.0
20210329144153.22, 121.4, 4.8, 427.0
20210329144154.31, 121.4, 4.8, 427.0
20210329144155.37, 121.3, 4.8, 429.0
20210329144156.43, 121.3, 4.8, 429.0
20210329144157.5, 121.3, 4.8, 432.0
20210329144158.58, 121.3, 4.8, 432.0
20210329144159.64, 121.2, 4.8, 429.0
20210329144200.7, 121.2, 4.8, 429.0
20210329144201.76, 121.2, 4.8, 431.0
20210329144202.83, 121.2, 4.8, 431.0
20210329144203.88, 121.2, 4.8, 431.0
20210329144205.05, 121.3, 4.8, 428.0
20210329144206.12, 121.3, 4.8, 428.0
20210329144207.18, 121.3, 4.9, 427.0
20210329144208.24, 121.3, 4.9, 427.0
20210329144209.3, 121.3, 4.9, 426.0
20210329144210.36, 121.3, 4.9, 426.0
20210329144211.43, 121.3, 4.9, 430.0
20210329144212.51, 121.3, 4.9, 430.0
20210329144213.57, 121.3, 4.9, 429.0
20210329144214.64, 121.3, 4.9, 429.0
20210329144215.71, 121.3, 4.9, 432.0
20210329144216.78, 121.3, 4.9, 432.0
20210329144217.84, 121.3, 4.9, 423.0
20210329144218.89, 121.3, 4.9, 423.0
20210329144219.96, 121.2, 4.9, 430.0
20210329144221.04, 121.2, 4.9, 430.0
20210329144222.09, 121.3, 4.8, 429.0
20210329144223.16, 121.3, 4.8, 429.0
20210329144224.21, 121.3, 4.8, 426.0
20210329144225.28, 121.3, 4.8, 426.0
20210329144226.36, 121.4, 4.8, 429.0
20210329144227.44, 121.4, 4.8, 429.0
20210329144228.5, 121.3, 4.8, 428.0
20210329144229.57, 121.3, 4.8, 428.0
20210329144230.63, 121.3, 4.8, 429.0
20210329144231.7, 121.3, 4.8, 429.0
20210329144232.76, 121.2, 4.8, 432.0
20210329144233.82, 121.2, 4.8, 432.0
20210329144234.88, 121.3, 4.8, 429.0
20210329144235.94, 121.3, 4.8, 429.0
20210329144236.99, 121.3, 4.8, 431.0
20210329144238.05, 121.3, 4.8, 431.0
20210329144239.11, 121.3, 4.8, 431.0
20210329144240.19, 121.3, 4.8, 431.0
20210329144241.25, 121.2, 4.8, 433.0
20210329144242.32, 121.2, 4.8, 433.0
20210329144243.38, 121.2, 4.8, 430.0
20210329144244.48, 121.2, 4.8, 430.0
20210329144245.54, 121.2, 4.8, 430.0
20210329144246.61, 121.2, 4.8, 430.0
20210329144247.67, 121.3, 4.8, 430.0
20210329144248.75, 121.2, 4.8, 429.0
20210329144249.89, 121.2, 4.8, 429.0
20210329144250.98, 121.2, 4.8, 429.0
20210329144252.05, 121.2, 4.8, 429.0
20210329144253.11, 121.2, 4.9, 429.0
20210329144254.17, 121.2, 4.9, 429.0
20210329144255.23, 121.3, 4.9, 434.0
20210329144256.32, 121.3, 4.9, 434.0
20210329144257.39, 121.3, 4.9, 428.0
20210329144258.46, 121.3, 4.9, 428.0
20210329144259.51, 121.3, 4.9, 432.0
20210329144300.62, 121.3, 4.9, 432.0
20210329144301.68, 121.3, 4.9, 428.0
20210329144302.76, 121.3, 4.9, 428.0
20210329144303.85, 121.3, 4.9, 431.0
20210329144304.93, 121.3, 4.9, 431.0
20210329144305.98, 121.3, 4.9, 428.0
20210329144307.05, 121.3, 4.9, 428.0
20210329144308.13, 121.4, 4.9, 431.0
20210329144309.21, 121.4, 4.9, 431.0
20210329144310.26, 121.3, 4.9, 430.0
20210329144311.33, 121.3, 4.9, 430.0
20210329144312.39, 121.3, 4.9, 429.0
20210329144313.47, 121.3, 4.9, 429.0
20210329144314.54, 121.3, 4.9, 428.0
20210329144315.61, 121.3, 4.9, 428.0
20210329144316.66, 121.3, 4.9, 431.0
20210329144317.73, 121.3, 4.9, 431.0
20210329144318.79, 121.3, 4.9, 430.0
20210329144319.85, 121.3, 4.9, 430.0
20210329144320.91, 121.2, 4.9, 431.0
20210329144321.97, 121.2, 4.9, 431.0
20210329144323.04, 121.2, 4.9, 430.0
20210329144324.11, 121.2, 4.9, 430.0
20210329144325.16, 121.2, 4.9, 428.0
20210329144326.23, 121.2, 4.9, 428.0
20210329144327.29, 121.2, 4.9, 429.0
20210329144328.46, 121.2, 4.9, 431.0
20210329144329.52, 121.2, 4.9, 431.0
20210329144330.59, 121.2, 4.9, 426.0
20210329144331.66, 121.2, 4.9, 426.0
20210329144332.72, 121.2, 4.9, 427.0
20210329144333.78, 121.2, 4.9, 427.0
20210329144334.84, 121.2, 4.9, 432.0
20210329144335.91, 121.2, 4.9, 432.0
20210329144336.97, 121.2, 4.9, 431.0
20210329144338.04, 121.2, 4.9, 431.0
20210329144339.1, 121.2, 4.9, 424.0
20210329144340.16, 121.2, 4.9, 424.0
20210329144341.23, 121.2, 4.9, 430.0
20210329144342.3, 121.2, 4.9, 430.0
20210329144343.37, 121.2, 4.9, 284.0
20210329144344.43, 121.2, 4.9, 284.0
20210329144345.49, 121.3, 4.9, 278.0
20210329144346.55, 121.3, 4.9, 278.0
20210329144347.61, 121.3, 4.9, 281.0
20210329144348.7, 121.3, 4.9, 281.0
20210329144349.77, 121.3, 4.9, 278.0
20210329144350.83, 121.3, 4.9, 278.0
20210329144351.89, 121.3, 4.9, 280.0
20210329144352.95, 121.3, 4.9, 280.0
20210329144354.04, 121.3, 4.9, 282.0
20210329144355.09, 121.3, 4.9, 282.0
20210329144356.17, 121.3, 2.9, 284.0
20210329144357.25, 121.3, 2.9, 284.0
20210329144358.29, 121.3, 2.9, 278.0
20210329144359.36, 121.3, 2.9, 278.0
20210329144400.41, 121.2, 2.9, 277.0
20210329144401.47, 121.2, 2.9, 277.0
20210329144402.52, 121.3, 2.9, 280.0
20210329144403.59, 121.3, 2.9, 280.0
20210329144404.66, 121.2, 2.9, 278.0
20210329144405.72, 121.2, 2.9, 278.0
20210329144406.78, 121.2, 2.9, 277.0
20210329144407.84, 121.2, 2.9, 277.0
20210329144408.9, 121.2, 2.9, 278.0
20210329144409.96, 121.2, 2.9, 278.0
20210329144411.02, 121.2, 2.8, 280.0
20210329144412.09, 121.2, 2.8, 280.0
20210329144413.16, 121.2, 2.8, 280.0
20210329144414.25, 121.2, 2.8, 279.0
20210329144415.38, 121.2, 2.8, 279.0
20210329144416.44, 121.2, 2.8, 278.0
20210329144417.5, 121.2, 2.8, 278.0
20210329144418.55, 121.3, 2.8, 282.0
20210329144419.62, 121.3, 2.8, 282.0
20210329144420.68, 121.3, 2.8, 280.0
20210329144421.73, 121.3, 2.8, 280.0
20210329144422.8, 121.2, 2.8, 279.0
20210329144423.87, 121.2, 2.8, 279.0
20210329144424.93, 121.2, 2.8, 282.0
20210329144425.99, 121.2, 2.8, 282.0
20210329144427.05, 121.3, 2.8, 284.0
20210329144428.11, 121.3, 2.8, 284.0
20210329144429.18, 121.2, 2.8, 282.0
20210329144430.24, 121.2, 2.8, 282.0
20210329144431.3, 121.2, 2.8, 280.0
20210329144432.37, 121.2, 2.8, 280.0
20210329144433.45, 121.2, 2.8, 280.0
20210329144434.52, 121.2, 2.8, 280.0
20210329144435.58, 121.2, 2.8, 283.0
20210329144436.67, 121.2, 2.8, 283.0
20210329144437.73, 121.2, 2.8, 280.0
20210329144438.8, 121.2, 2.8, 280.0
20210329144439.86, 121.3, 2.8, 282.0
20210329144440.92, 121.3, 2.8, 282.0
20210329144441.98, 121.2, 2.9, 292.0
20210329144443.05, 121.2, 2.9, 292.0
20210329144444.1, 121.3, 2.9, 278.0
20210329144445.16, 121.3, 2.9, 278.0
20210329144446.23, 121.3, 2.9, 280.0
20210329144447.29, 121.3, 2.9, 280.0
20210329144448.37, 121.3, 2.9, 280.0
20210329144449.43, 121.3, 2.9, 280.0
20210329144450.49, 121.3, 2.9, 280.0
20210329144451.57, 121.3, 2.9, 280.0
20210329144452.63, 121.3, 2.9, 281.0
20210329144453.7, 121.3, 2.9, 281.0
20210329144454.76, 121.3, 2.9, 280.0
20210329144455.82, 121.3, 2.9, 280.0
20210329144456.88, 121.3, 2.9, 281.0
20210329144457.95, 121.3, 2.9, 281.0
20210329144459.02, 121.3, 2.9, 278.0
20210329144500.2, 121.3, 2.9, 280.0
20210329144501.26, 121.3, 2.9, 280.0
20210329144502.33, 121.2, 2.9, 280.0
20210329144503.42, 121.2, 2.9, 280.0
20210329144504.48, 121.2, 2.9, 282.0
20210329144505.57, 121.2, 2.9, 282.0
20210329144506.63, 121.3, 2.9, 276.0
20210329144507.7, 121.3, 2.9, 276.0
20210329144508.75, 121.2, 2.9, 280.0
20210329144509.81, 121.2, 2.9, 280.0
20210329144510.9, 121.2, 2.8, 280.0
20210329144511.96, 121.2, 2.8, 280.0
20210329144513.02, 121.2, 2.8, 282.0
20210329144514.09, 121.2, 2.8, 282.0
20210329144515.14, 121.3, 2.8, 278.0
20210329144516.2, 121.3, 2.8, 278.0
20210329144517.28, 121.2, 2.8, 283.0
20210329144518.34, 121.2, 2.8, 283.0
20210329144519.4, 121.2, 2.8, 277.0
20210329144520.46, 121.2, 2.8, 277.0
20210329144521.53, 121.2, 2.8, 280.0
20210329144522.59, 121.2, 2.8, 280.0
20210329144523.64, 121.3, 2.8, 283.0
20210329144524.7, 121.3, 2.8, 283.0
20210329144525.76, 121.3, 2.8, 277.0
20210329144526.84, 121.3, 2.8, 277.0
20210329144527.9, 121.3, 2.8, 280.0
20210329144528.97, 121.3, 2.8, 280.0
20210329144530.04, 121.2, 2.8, 279.0
20210329144531.1, 121.2, 2.8, 279.0
20210329144532.15, 121.3, 2.8, 278.0
20210329144533.21, 121.3, 2.8, 278.0
20210329144534.28, 121.3, 2.8, 278.0
20210329144535.34, 121.3, 2.8, 278.0
20210329144536.39, 121.3, 2.8, 281.0
20210329144537.46, 121.3, 2.8, 281.0
20210329144538.53, 121.3, 2.8, 278.0
20210329144539.59, 121.3, 2.8, 278.0
20210329144540.64, 121.3, 2.8, 280.0
20210329144541.71, 121.3, 2.8, 280.0
20210329144542.78, 121.4, 2.9, 280.0
20210329144543.96, 121.4, 2.9, 280.0
20210329144545.03, 121.4, 2.9, 280.0
20210329144546.1, 121.3, 2.9, 280.0
20210329144547.16, 121.3, 2.9, 280.0
20210329144548.22, 121.3, 2.9, 280.0
20210329144549.29, 121.3, 2.9, 280.0
20210329144550.34, 121.3, 2.9, 279.0
20210329144551.4, 121.3, 2.9, 279.0
20210329144552.47, 121.4, 2.9, 278.0
20210329144553.56, 121.4, 2.9, 278.0
20210329144554.62, 121.4, 2.9, 280.0
20210329144555.68, 121.4, 2.9, 280.0
20210329144556.74, 121.3, 2.6999999999999997, 277.0
20210329144557.8, 121.3, 2.6999999999999997, 277.0
20210329144558.89, 121.3, 2.6999999999999997, 280.0
20210329144559.96, 121.3, 2.6999999999999997, 280.0
20210329144601.02, 121.2, 2.6999999999999997, 279.0
20210329144602.09, 121.2, 2.6999999999999997, 279.0
20210329144603.15, 121.2, 2.6999999999999997, 283.0
20210329144604.21, 121.2, 2.6999999999999997, 283.0
20210329144605.27, 121.2, 2.6999999999999997, 282.0
20210329144606.33, 121.2, 2.6999999999999997, 282.0
20210329144607.39, 121.2, 2.6999999999999997, 279.0
20210329144608.47, 121.2, 2.6999999999999997, 279.0
20210329144609.52, 121.3, 2.6999999999999997, 278.0
20210329144610.58, 121.3, 2.6999999999999997, 278.0
20210329144611.65, 121.3, 2.8, 279.0
20210329144612.71, 121.3, 2.8, 279.0
20210329144613.77, 121.3, 2.8, 282.0
20210329144614.85, 121.3, 2.8, 282.0
20210329144615.9, 121.3, 2.8, 281.0
20210329144616.96, 121.3, 2.8, 281.0
20210329144618.03, 121.3, 2.8, 282.0
20210329144619.11, 121.3, 2.8, 282.0
20210329144620.17, 121.4, 2.8, 281.0
20210329144621.24, 121.4, 2.8, 281.0
20210329144622.31, 121.4, 2.8, 274.0
20210329144623.38, 121.4, 2.8, 274.0
20210329144624.44, 121.4, 2.8, 281.0
20210329144625.65, 121.5, 2.8, 283.0
20210329144626.71, 121.5, 2.8, 283.0
20210329144627.77, 121.5, 2.9, 277.0
20210329144628.83, 121.5, 2.9, 277.0
20210329144629.91, 121.4, 2.9, 279.0
20210329144630.97, 121.4, 2.9, 279.0
20210329144632.04, 121.4, 2.9, 281.0
20210329144633.1, 121.4, 2.9, 281.0
20210329144634.16, 121.3, 2.9, 278.0
20210329144635.22, 121.3, 2.9, 278.0
20210329144636.3, 121.4, 2.9, 279.0
20210329144637.36, 121.4, 2.9, 279.0
20210329144638.42, 121.4, 2.9, 280.0
20210329144639.5, 121.4, 2.9, 280.0
20210329144640.56, 121.3, 2.9, 281.0
20210329144641.63, 121.3, 2.9, 281.0
20210329144642.7, 121.4, 2.9, 281.0
20210329144643.76, 121.4, 2.9, 281.0
20210329144644.81, 121.3, 2.9, 280.0
20210329144645.87, 121.3, 2.9, 280.0
20210329144646.93, 121.3, 2.9, 281.0
20210329144647.99, 121.3, 2.9, 281.0
20210329144649.05, 121.3, 2.9, 279.0
20210329144650.12, 121.3, 2.9, 279.0
20210329144651.17, 121.3, 2.9, 281.0
20210329144652.23, 121.3, 2.9, 281.0
20210329144653.3, 121.3, 2.9, 280.0
20210329144654.37, 121.3, 2.9, 280.0
20210329144655.43, 121.4, 2.9, 281.0
20210329144656.52, 121.4, 2.9, 281.0
20210329144657.57, 121.3, 2.8, 280.0
20210329144658.65, 121.3, 2.8, 280.0
20210329144659.71, 121.3, 2.8, 280.0
20210329144700.78, 121.3, 2.8, 280.0
20210329144701.85, 121.3, 2.8, 282.0
20210329144702.92, 121.3, 2.8, 282.0
20210329144704.0, 121.4, 2.8, 278.0
20210329144705.07, 121.4, 2.8, 278.0
20210329144706.14, 121.4, 2.8, 276.0
20210329144707.34, 121.4, 2.8, 283.0
20210329144708.4, 121.4, 2.8, 283.0
20210329144709.46, 121.4, 2.8, 277.0
20210329144710.53, 121.4, 2.8, 277.0
20210329144711.6, 121.4, 2.8, 280.0
20210329144712.67, 121.4, 2.8, 280.0
20210329144713.74, 121.3, 2.9, 280.0
20210329144714.8, 121.3, 2.9, 280.0
20210329144715.86, 121.3, 2.9, 282.0
20210329144716.91, 121.3, 2.9, 282.0
20210329144718.0, 121.3, 2.9, 279.0
20210329144719.07, 121.3, 2.9, 279.0
20210329144720.13, 121.3, 2.9, 278.0
20210329144721.22, 121.3, 2.9, 278.0
20210329144722.29, 121.3, 2.9, 283.0
20210329144723.35, 121.3, 2.9, 283.0
20210329144724.43, 121.3, 2.9, 278.0
20210329144725.5, 121.3, 2.9, 278.0
20210329144726.57, 121.3, 2.9, 278.0
20210329144727.63, 121.3, 2.9, 278.0
20210329144728.69, 121.3, 2.8, 280.0
20210329144729.75, 121.3, 2.8, 280.0
20210329144730.82, 121.3, 2.8, 285.0
20210329144731.88, 121.3, 2.8, 285.0
20210329144732.93, 121.3, 2.8, 284.0
20210329144733.99, 121.3, 2.8, 284.0
20210329144735.05, 121.4, 2.8, 282.0
20210329144736.11, 121.4, 2.8, 282.0
20210329144737.17, 121.4, 2.8, 283.0
20210329144738.24, 121.4, 2.8, 283.0
20210329144739.3, 121.4, 2.8, 281.0
20210329144740.37, 121.4, 2.8, 281.0
20210329144741.43, 121.4, 2.8, 278.0
20210329144742.47, 121.4, 2.8, 278.0
20210329144743.54, 121.4, 2.8, 278.0
20210329144744.61, 121.4, 2.8, 278.0
20210329144745.68, 121.3, 2.8, 280.0
20210329144746.75, 121.3, 2.8, 280.0
20210329144747.82, 121.3, 2.8, 278.0
20210329144748.88, 121.3, 2.8, 278.0
20210329144749.93, 121.3, 2.8, 283.0
20210329144751.0, 121.3, 2.8, 283.0
20210329144752.05, 121.4, 2.8, 278.0
20210329144753.12, 121.3, 2.8, 283.0
20210329144754.27, 121.3, 2.8, 283.0
20210329144755.33, 121.3, 2.8, 281.0
20210329144756.39, 121.3, 2.8, 281.0
20210329144757.46, 121.3, 2.8, 281.0
20210329144758.52, 121.3, 2.8, 281.0
20210329144759.58, 121.4, 2.8, 278.0
20210329144800.66, 121.4, 2.8, 278.0
20210329144801.71, 121.3, 2.8, 280.0
20210329144802.79, 121.3, 2.8, 280.0
20210329144803.85, 121.3, 2.8, 281.0
20210329144804.91, 121.3, 2.8, 281.0
20210329144805.97, 121.3, 2.8, 276.0
20210329144807.04, 121.3, 2.8, 276.0
20210329144808.1, 121.4, 2.8, 277.0
20210329144809.17, 121.4, 2.8, 277.0
20210329144810.22, 121.3, 2.8, 279.0
20210329144811.29, 121.3, 2.8, 279.0
20210329144812.36, 121.3, 2.8, 278.0
20210329144813.42, 121.3, 2.8, 278.0
20210329144814.49, 121.4, 2.6999999999999997, 278.0
20210329144815.55, 121.4, 2.6999999999999997, 278.0
20210329144816.62, 121.3, 2.6999999999999997, 280.0
20210329144817.68, 121.3, 2.6999999999999997, 280.0
20210329144818.74, 121.3, 2.6999999999999997, 280.0
20210329144819.8, 121.3, 2.6999999999999997, 280.0
20210329144820.86, 121.3, 2.6999999999999997, 282.0
20210329144821.92, 121.3, 2.6999999999999997, 282.0
20210329144822.98, 121.4, 2.6999999999999997, 280.0
20210329144824.04, 121.4, 2.6999999999999997, 280.0
20210329144825.1, 121.4, 2.6999999999999997, 281.0
20210329144826.16, 121.4, 2.6999999999999997, 281.0
20210329144827.22, 121.4, 2.6999999999999997, 278.0
20210329144828.28, 121.4, 2.6999999999999997, 278.0
20210329144829.34, 121.4, 2.8, 282.0
20210329144830.4, 121.4, 2.8, 282.0
20210329144831.46, 121.4, 2.8, 283.0
20210329144832.54, 121.4, 2.8, 283.0
20210329144833.62, 121.4, 2.8, 280.0
20210329144834.7, 121.4, 2.8, 280.0
20210329144835.79, 121.3, 2.8, 278.0
20210329144836.88, 121.3, 2.8, 277.0
20210329144838.05, 121.3, 2.8, 277.0
20210329144839.12, 121.4, 2.8, 277.0
20210329144840.2, 121.4, 2.8, 277.0
20210329144841.29, 121.4, 2.8, 280.0
20210329144842.37, 121.4, 2.8, 280.0
20210329144843.44, 121.4, 2.8, 278.0
20210329144844.52, 121.4, 2.8, 278.0
20210329144845.59, 121.4, 2.8, 277.0
20210329144846.69, 121.4, 2.8, 277.0
20210329144847.76, 121.3, 2.8, 280.0
20210329144848.85, 121.3, 2.8, 280.0
20210329144849.93, 121.4, 2.8, 277.0
20210329144850.99, 121.4, 2.8, 277.0
20210329144852.05, 121.4, 2.8, 277.0
20210329144853.11, 121.4, 2.8, 277.0
20210329144854.18, 121.3, 2.8, 274.0
20210329144855.25, 121.3, 2.8, 274.0
20210329144856.33, 121.3, 2.8, 280.0
20210329144857.42, 121.3, 2.8, 280.0
20210329144858.48, 121.4, 2.8, 280.0
20210329144859.56, 121.4, 2.8, 280.0
20210329144900.64, 121.3, 2.9, 280.0
20210329144901.71, 121.3, 2.9, 280.0
20210329144902.77, 121.4, 2.9, 280.0
20210329144903.84, 121.4, 2.9, 280.0
20210329144904.91, 121.3, 2.9, 282.0
20210329144905.97, 121.3, 2.9, 282.0
20210329144907.02, 121.3, 2.9, 277.0
20210329144908.11, 121.3, 2.9, 277.0
20210329144909.16, 121.3, 2.9, 278.0
20210329144910.22, 121.3, 2.9, 278.0
20210329144911.29, 121.3, 2.9, 280.0
20210329144912.48, 121.4, 2.9, 278.0
20210329144913.55, 121.4, 2.9, 278.0
20210329144914.61, 121.3, 2.9, 280.0
20210329144915.68, 121.3, 2.9, 280.0
20210329144916.73, 121.4, 2.9, 282.0
20210329144917.81, 121.4, 2.9, 282.0
20210329144918.88, 121.4, 2.9, 280.0
20210329144919.97, 121.4, 2.9, 280.0
20210329144921.05, 121.4, 2.9, 280.0
20210329144922.11, 121.4, 2.9, 280.0
20210329144923.2, 121.3, 2.9, 283.0
20210329144924.27, 121.3, 2.9, 283.0
20210329144925.33, 121.4, 2.9, 282.0
20210329144926.41, 121.4, 2.9, 282.0
20210329144927.46, 121.4, 2.9, 280.0
20210329144928.52, 121.4, 2.9, 280.0
20210329144929.59, 121.4, 2.8, 282.0
20210329144930.68, 121.4, 2.8, 282.0
20210329144931.74, 121.4, 2.8, 283.0
20210329144932.83, 121.4, 2.8, 283.0
20210329144933.9, 121.3, 2.8, 278.0
20210329144934.97, 121.3, 2.8, 278.0
20210329144936.03, 121.3, 2.8, 280.0
20210329144937.11, 121.3, 2.8, 280.0
20210329144938.18, 121.4, 2.8, 280.0
20210329144939.27, 121.4, 2.8, 280.0
20210329144940.32, 121.4, 2.8, 276.0
20210329144941.41, 121.4, 2.8, 276.0
20210329144942.47, 121.5, 2.8, 280.0
20210329144943.52, 121.5, 2.8, 280.0
20210329144944.58, 121.1, 2.8, 270.0
20210329144945.66, 121.1, 2.8, 270.0
20210329144946.72, 121.4, 2.8, 281.0
20210329144947.79, 121.4, 2.8, 281.0
20210329144948.85, 121.4, 2.8, 278.0
20210329144949.95, 121.3, 2.8, 276.0
20210329144951.07, 121.3, 2.8, 276.0
20210329144952.18, 121.3, 2.8, 280.0
20210329144953.25, 121.3, 2.8, 280.0
20210329144954.3, 121.3, 2.8, 279.0
20210329144955.37, 121.3, 2.8, 279.0
20210329144956.43, 121.3, 2.8, 278.0
20210329144957.49, 121.3, 2.8, 278.0
20210329144958.56, 121.3, 2.8, 280.0
20210329144959.62, 121.3, 2.8, 280.0
20210329145000.68, 121.3, 2.8, 281.0
20210329145001.72, 121.3, 2.8, 281.0
20210329145002.78, 121.3, 2.8, 278.0
20210329145003.84, 121.3, 2.8, 278.0
20210329145004.88, 121.3, 2.8, 279.0
20210329145005.95, 121.3, 2.8, 279.0
20210329145007.06, 121.3, 2.8, 279.0
20210329145008.2, 121.3, 2.8, 279.0
20210329145009.35, 121.3, 2.8, 280.0
20210329145010.51, 121.3, 2.8, 280.0
20210329145011.66, 121.2, 2.8, 280.0
20210329145012.78, 121.2, 2.8, 280.0
20210329145013.85, 121.2, 2.8, 282.0
20210329145015.01, 121.2, 2.8, 280.0
20210329145016.17, 121.2, 2.8, 280.0
20210329145017.23, 121.2, 2.8, 276.0
20210329145018.36, 121.2, 2.8, 276.0
20210329145019.5, 121.2, 2.8, 280.0
20210329145020.6, 121.2, 2.8, 280.0
20210329145021.65, 121.2, 2.8, 281.0
20210329145022.73, 121.2, 2.8, 281.0
20210329145023.8, 121.2, 2.8, 279.0
20210329145024.96, 121.2, 2.8, 279.0
20210329145026.05, 121.2, 2.8, 281.0
20210329145027.18, 121.2, 2.8, 281.0
20210329145028.25, 121.2, 2.8, 278.0
20210329145029.32, 121.2, 2.8, 278.0
20210329145030.38, 121.2, 2.8, 280.0
20210329145031.44, 121.2, 2.8, 280.0
20210329145032.49, 121.3, 2.8, 281.0
20210329145033.54, 121.3, 2.8, 281.0
20210329145034.63, 121.3, 2.8, 275.0
20210329145035.73, 121.3, 2.8, 275.0
20210329145036.86, 121.2, 2.8, 275.0
20210329145038.08, 121.3, 2.8, 282.0
20210329145039.24, 121.3, 2.8, 282.0
20210329145040.34, 121.3, 2.8, 275.0
20210329145041.45, 121.3, 2.8, 275.0
20210329145042.55, 121.3, 2.8, 278.0
20210329145043.61, 121.3, 2.8, 278.0
20210329145044.71, 121.3, 2.8, 279.0
20210329145045.82, 121.3, 2.8, 279.0
20210329145046.88, 121.3, 2.6999999999999997, 280.0
20210329145047.95, 121.3, 2.6999999999999997, 280.0
20210329145049.03, 121.3, 2.6999999999999997, 281.0
20210329145050.15, 121.3, 2.6999999999999997, 281.0
20210329145051.25, 121.3, 2.6999999999999997, 278.0
20210329145052.34, 121.3, 2.6999999999999997, 278.0
20210329145053.48, 121.2, 2.6999999999999997, 282.0
20210329145054.79, 121.1, 2.6999999999999997, 283.0
20210329145055.86, 121.1, 2.6999999999999997, 283.0
20210329145056.98, 121.2, 2.6999999999999997, 280.0
20210329145058.07, 121.2, 2.6999999999999997, 280.0
20210329145059.14, 121.1, 2.6999999999999997, 277.0
20210329145100.27, 121.1, 2.6999999999999997, 277.0
20210329145101.32, 121.1, 2.9, 282.0
20210329145102.43, 121.1, 2.9, 282.0
20210329145103.53, 121.1, 2.9, 278.0
20210329145104.68, 121.1, 2.9, 278.0
20210329145105.78, 121.2, 2.9, 277.0
20210329145106.93, 121.2, 2.9, 277.0
20210329145107.98, 121.2, 2.9, 278.0
20210329145109.04, 121.2, 2.9, 278.0
20210329145110.18, 121.2, 2.9, 279.0
20210329145111.28, 121.2, 2.9, 279.0
20210329145112.34, 121.2, 2.9, 278.0
20210329145113.66, 121.2, 2.9, 278.0
20210329145114.73, 121.2, 2.9, 278.0
20210329145115.82, 121.1, 2.8, 276.0
20210329145116.98, 121.1, 2.8, 276.0
20210329145118.04, 121.2, 2.8, 278.0
20210329145119.18, 121.2, 2.8, 278.0
20210329145120.24, 121.2, 2.8, 281.0
20210329145121.3, 121.2, 2.8, 281.0
20210329145122.39, 121.3, 2.8, 280.0
20210329145123.51, 121.3, 2.8, 280.0
20210329145124.6, 121.3, 2.8, 279.0
20210329145125.71, 121.3, 2.8, 279.0
20210329145126.8, 121.3, 2.8, 282.0
20210329145127.93, 121.3, 2.8, 282.0
20210329145129.0, 121.3, 2.8, 278.0
20210329145130.14, 121.3, 2.8, 278.0
20210329145131.21, 121.3, 2.8, 280.0
20210329145132.28, 121.3, 2.8, 280.0
20210329145133.4, 121.3, 2.8, 280.0
20210329145134.53, 121.3, 2.8, 278.0
20210329145135.68, 121.3, 2.8, 278.0
20210329145136.79, 121.2, 2.8, 283.0
20210329145137.86, 121.2, 2.8, 283.0
20210329145138.95, 121.2, 2.8, 280.0
20210329145140.11, 121.2, 2.8, 280.0
20210329145141.21, 121.2, 2.8, 280.0
20210329145142.29, 121.2, 2.8, 280.0
20210329145143.33, 121.2, 2.8, 284.0
20210329145144.38, 121.2, 2.8, 284.0
20210329145145.45, 121.2, 2.8, 278.0
20210329145146.61, 121.2, 2.8, 278.0
20210329145147.66, 121.2, 2.9, 282.0
20210329145148.77, 121.2, 2.9, 282.0
20210329145149.84, 121.2, 2.9, 276.0
20210329145150.98, 121.2, 2.9, 276.0
20210329145152.09, 121.1, 2.9, 278.0
20210329145153.17, 121.1, 2.9, 278.0
20210329145154.23, 121.2, 2.9, 280.0
20210329145155.31, 121.2, 2.9, 282.0
20210329145156.51, 121.1, 2.9, 282.0
20210329145157.57, 121.1, 2.9, 281.0
20210329145158.69, 121.1, 2.9, 281.0
20210329145159.77, 121.1, 2.9, 277.0
20210329145200.88, 121.1, 2.9, 277.0
20210329145201.93, 121.1, 2.8, 277.0
20210329145203.05, 121.1, 2.8, 277.0
20210329145204.18, 121.1, 2.8, 277.0
20210329145205.32, 121.1, 2.8, 277.0
20210329145206.38, 121.2, 2.8, 276.0
20210329145207.49, 121.2, 2.8, 276.0
20210329145208.57, 121.2, 2.8, 280.0
20210329145209.67, 121.2, 2.8, 280.0
20210329145210.79, 121.3, 2.8, 280.0
20210329145211.94, 121.3, 2.8, 280.0
20210329145213.04, 121.3, 2.8, 279.0
20210329145214.28, 121.3, 2.8, 280.0
20210329145215.34, 121.3, 2.8, 280.0
20210329145216.39, 121.3, 2.8, 278.0
20210329145217.49, 121.3, 2.8, 278.0
20210329145218.61, 121.3, 2.8, 278.0
20210329145219.75, 121.3, 2.8, 278.0
20210329145220.89, 121.3, 2.8, 281.0
20210329145222.03, 121.3, 2.8, 281.0
20210329145223.16, 121.3, 2.8, 277.0
20210329145224.27, 121.3, 2.8, 277.0
20210329145225.42, 121.3, 2.8, 278.0
20210329145226.57, 121.3, 2.8, 278.0
20210329145227.71, 121.2, 2.8, 278.0
20210329145228.93, 121.2, 2.8, 279.0
20210329145230.05, 121.2, 2.8, 279.0
20210329145231.2, 121.2, 2.8, 278.0
20210329145232.32, 121.2, 2.8, 278.0
20210329145233.46, 121.2, 2.9, 278.0
20210329145234.6, 121.2, 2.9, 278.0
20210329145235.69, 121.2, 2.9, 282.0
20210329145236.74, 121.2, 2.9, 282.0
20210329145237.82, 121.2, 2.9, 280.0
20210329145238.95, 121.2, 2.9, 280.0
20210329145240.07, 121.2, 2.9, 281.0
20210329145241.21, 121.2, 2.9, 281.0
20210329145242.29, 121.2, 2.9, 280.0
20210329145243.39, 121.2, 2.9, 280.0
20210329145244.45, 121.2, 2.9, 278.0
20210329145245.58, 121.2, 2.9, 275.0
20210329145246.72, 121.2, 2.9, 275.0
20210329145247.81, 121.2, 2.9, 275.0
20210329145248.89, 121.2, 2.9, 275.0
20210329145250.0, 121.2, 2.9, 283.0
20210329145251.14, 121.2, 2.9, 283.0
20210329145252.19, 121.3, 2.9, 280.0
20210329145253.29, 121.3, 2.9, 280.0
20210329145254.34, 121.3, 2.9, 278.0
20210329145255.5, 121.3, 2.9, 278.0
20210329145256.59, 121.3, 2.9, 277.0
20210329145257.7, 121.3, 2.9, 277.0
20210329145258.8, 121.3, 2.9, 278.0
20210329145259.95, 121.3, 2.9, 278.0
20210329145301.0, 121.3, 2.9, 283.0
20210329145302.11, 121.3, 2.9, 283.0
20210329145303.23, 121.2, 2.9, 280.0
20210329145304.3, 121.2, 2.9, 280.0
20210329145305.5, 121.3, 2.8, 279.0
20210329145306.59, 121.2, 2.8, 275.0
20210329145307.69, 121.2, 2.8, 275.0
20210329145308.76, 121.3, 2.8, 280.0
20210329145309.81, 121.3, 2.8, 280.0
20210329145310.95, 121.2, 2.8, 283.0
20210329145312.08, 121.2, 2.8, 283.0
20210329145313.17, 121.1, 2.8, 279.0
20210329145314.3, 121.1, 2.8, 279.0
20210329145315.44, 121.2, 2.8, 280.0
20210329145316.58, 121.2, 2.8, 280.0
20210329145317.73, 121.2, 2.8, 282.0
20210329145318.82, 121.2, 2.8, 282.0
20210329145319.97, 121.2, 2.8, 283.0
20210329145321.12, 121.2, 2.8, 280.0
20210329145322.29, 121.2, 2.8, 280.0
20210329145323.38, 121.3, 2.8, 276.0
20210329145324.46, 121.3, 2.8, 276.0
20210329145325.62, 121.2, 2.8, 277.0
20210329145326.7, 121.2, 2.8, 277.0
20210329145327.81, 121.2, 2.8, 277.0
20210329145328.95, 121.2, 2.8, 277.0
20210329145330.1, 121.2, 2.8, 278.0
20210329145331.23, 121.2, 2.8, 278.0
20210329145332.32, 121.2, 2.8, 280.0
20210329145333.45, 121.2, 2.8, 280.0
20210329145334.59, 121.2, 2.9, 277.0
20210329145335.89, 121.2, 2.9, 276.0
20210329145336.98, 121.2, 2.9, 276.0
20210329145338.09, 121.2, 2.9, 280.0
20210329145339.23, 121.2, 2.9, 280.0
20210329145340.29, 121.2, 2.9, 282.0
20210329145341.43, 121.2, 2.9, 282.0
20210329145342.52, 121.2, 2.9, 277.0
20210329145343.62, 121.2, 2.9, 277.0
20210329145344.76, 121.2, 2.9, 280.0
20210329145345.87, 121.2, 2.9, 280.0
20210329145346.96, 121.2, 2.9, 276.0
20210329145348.09, 121.2, 2.9, 276.0
20210329145349.23, 121.2, 2.9, 275.0
20210329145350.33, 121.2, 2.9, 275.0
20210329145351.47, 121.2, 2.8, 280.0
20210329145352.63, 121.3, 2.8, 280.0
20210329145353.73, 121.3, 2.8, 280.0
20210329145354.82, 121.3, 2.8, 276.0
20210329145355.93, 121.3, 2.8, 276.0
20210329145357.05, 121.3, 2.8, 283.0
20210329145358.16, 121.3, 2.8, 283.0
20210329145359.22, 121.2, 2.8, 282.0
20210329145400.3, 121.2, 2.8, 282.0
20210329145401.41, 121.2, 2.8, 280.0
20210329145402.54, 121.2, 2.8, 280.0
20210329145403.64, 121.2, 2.8, 278.0
20210329145404.76, 121.2, 2.8, 278.0
20210329145405.81, 121.2, 2.8, 279.0
20210329145406.96, 121.2, 2.8, 279.0
20210329145408.1, 121.2, 2.8, 281.0
20210329145409.24, 121.2, 2.8, 281.0
20210329145410.4, 121.2, 2.8, 280.0
20210329145411.52, 121.2, 2.8, 279.0
20210329145412.63, 121.2, 2.8, 279.0
20210329145413.69, 121.2, 2.8, 280.0
20210329145414.77, 121.2, 2.8, 280.0
20210329145415.87, 121.2, 2.8, 278.0
20210329145416.94, 121.2, 2.8, 278.0
20210329145418.08, 121.2, 2.8, 280.0
20210329145419.16, 121.2, 2.8, 280.0
20210329145420.24, 121.2, 2.9, 278.0
20210329145421.32, 121.2, 2.9, 278.0
20210329145422.37, 121.3, 2.9, 277.0
20210329145423.43, 121.3, 2.9, 277.0
20210329145424.47, 121.2, 2.9, 273.0
20210329145425.6, 121.2, 2.9, 273.0
20210329145426.66, 121.2, 2.9, 277.0
20210329145427.71, 121.2, 2.9, 277.0
20210329145428.76, 121.2, 2.9, 276.0
20210329145429.82, 121.2, 2.9, 276.0
20210329145430.86, 121.3, 2.9, 280.0
20210329145431.96, 121.3, 2.9, 280.0
20210329145433.05, 121.3, 2.9, 279.0
20210329145434.14, 121.3, 2.9, 279.0
20210329145435.22, 121.3, 2.9, 283.0
20210329145436.31, 121.3, 2.9, 283.0
20210329145437.39, 121.3, 2.8, 281.0
20210329145438.46, 121.3, 2.8, 281.0
20210329145439.5, 121.3, 2.8, 276.0
20210329145440.56, 121.3, 2.8, 276.0
20210329145441.65, 121.3, 2.8, 296.0
20210329145442.72, 121.3, 2.8, 280.0
20210329145443.9, 121.2, 2.8, 280.0
20210329145444.95, 121.3, 2.8, 280.0
20210329145446.04, 121.3, 2.8, 280.0
20210329145447.1, 121.3, 2.8, 278.0
20210329145448.2, 121.3, 2.8, 278.0
20210329145449.28, 121.3, 2.8, 281.0
20210329145450.37, 121.3, 2.8, 281.0
20210329145451.46, 121.3, 2.9, 280.0
20210329145452.53, 121.3, 2.9, 280.0
20210329145453.61, 121.3, 2.9, 277.0
20210329145454.7, 121.3, 2.9, 277.0
20210329145455.79, 121.2, 2.9, 280.0
20210329145456.86, 121.2, 2.9, 280.0
20210329145457.91, 121.2, 2.9, 280.0
20210329145458.97, 121.2, 2.9, 280.0
20210329145500.06, 121.1, 2.9, 278.0
20210329145501.12, 121.1, 2.9, 278.0
20210329145502.21, 121.1, 2.9, 280.0
20210329145503.31, 121.1, 2.9, 280.0
20210329145504.4, 121.1, 2.9, 279.0
20210329145505.48, 121.1, 2.9, 279.0
20210329145506.59, 121.2, 2.9, 280.0
20210329145507.66, 121.2, 2.9, 280.0
20210329145508.74, 121.1, 2.9, 278.0
20210329145509.83, 121.1, 2.9, 278.0
20210329145510.99, 121.2, 2.9, 278.0
20210329145512.05, 121.2, 2.9, 275.0
20210329145513.12, 121.2, 2.9, 275.0
20210329145514.2, 121.2, 2.9, 278.0
20210329145515.29, 121.2, 2.9, 278.0
20210329145516.37, 121.2, 2.9, 280.0
20210329145517.44, 121.2, 2.9, 280.0
20210329145518.52, 121.2, 2.9, 279.0
20210329145519.57, 121.2, 2.9, 279.0
20210329145520.64, 121.2, 2.8, 278.0
20210329145521.73, 121.2, 2.8, 278.0
20210329145522.79, 121.3, 2.8, 283.0
20210329145523.84, 121.3, 2.8, 283.0
20210329145524.93, 121.3, 2.8, 281.0
20210329145525.98, 121.3, 2.8, 281.0
20210329145527.07, 121.2, 2.8, 280.0
20210329145528.15, 121.2, 2.8, 280.0
20210329145529.23, 121.3, 2.8, 274.0
20210329145530.29, 121.3, 2.8, 274.0
20210329145531.39, 121.3, 2.8, 279.0
20210329145532.53, 121.3, 2.8, 279.0
20210329145533.68, 121.2, 2.8, 279.0
20210329145534.77, 121.2, 2.8, 279.0
20210329145535.88, 121.2, 2.8, 280.0
20210329145537.12, 121.2, 2.8, 279.0
20210329145538.21, 121.2, 2.8, 279.0
20210329145539.34, 121.1, 2.8, 278.0
20210329145540.48, 121.1, 2.8, 278.0
20210329145541.62, 121.2, 2.8, 280.0
20210329145542.74, 121.2, 2.8, 280.0
20210329145543.8, 121.2, 2.8, 278.0
20210329145544.88, 121.2, 2.8, 278.0
20210329145545.99, 121.2, 2.8, 278.0
20210329145547.08, 121.2, 2.8, 278.0
20210329145548.19, 121.2, 2.8, 279.0
20210329145549.3, 121.2, 2.8, 279.0
20210329145550.39, 121.3, 2.8, 281.0
20210329145551.51, 121.3, 2.8, 281.0
20210329145552.62, 121.3, 2.9, 282.0
20210329145553.73, 121.3, 2.9, 280.0
20210329145554.89, 121.3, 2.9, 280.0
20210329145555.95, 121.3, 2.9, 281.0
20210329145557.02, 121.3, 2.9, 281.0
20210329145558.16, 121.3, 2.9, 282.0
20210329145559.27, 121.3, 2.9, 282.0
20210329145600.41, 121.3, 2.9, 280.0
20210329145601.54, 121.3, 2.9, 280.0
20210329145602.6, 121.3, 2.9, 280.0
20210329145603.75, 121.3, 2.9, 280.0
20210329145604.87, 121.3, 2.9, 278.0
20210329145605.98, 121.3, 2.9, 278.0
20210329145607.11, 121.3, 2.9, 277.0
20210329145608.16, 121.3, 2.9, 277.0
20210329145609.29, 121.3, 2.9, 280.0
20210329145610.4, 121.3, 2.9, 280.0
20210329145611.5, 121.3, 2.9, 314.0
20210329145612.65, 121.3, 2.9, 320.0
20210329145613.76, 121.3, 2.9, 320.0
20210329145614.88, 121.3, 2.9, 320.0
20210329145616.02, 121.3, 2.9, 320.0
20210329145617.09, 121.3, 2.9, 319.0
20210329145618.24, 121.3, 2.9, 319.0
20210329145619.35, 121.2, 2.9, 319.0
20210329145620.43, 121.2, 2.9, 319.0
20210329145621.49, 121.3, 3.1, 316.0
20210329145622.61, 121.3, 3.1, 316.0
20210329145623.75, 121.2, 3.1, 320.0
20210329145624.83, 121.2, 3.1, 320.0
20210329145625.97, 121.2, 3.1, 322.0
20210329145627.07, 121.2, 3.1, 322.0
20210329145628.15, 121.2, 3.1, 322.0
20210329145629.22, 121.2, 3.1, 322.0
20210329145630.31, 121.2, 3.1, 322.0
20210329145631.44, 121.2, 3.1, 320.0
20210329145632.64, 121.2, 3.1, 320.0
20210329145633.75, 121.3, 3.1, 320.0
20210329145634.9, 121.3, 3.1, 320.0
20210329145636.04, 121.2, 3.1, 319.0
20210329145637.14, 121.2, 3.1, 319.0
20210329145638.27, 121.3, 3.1, 320.0
20210329145639.34, 121.3, 3.1, 320.0
20210329145640.48, 121.2, 3.1, 316.0
20210329145641.59, 121.2, 3.1, 316.0
20210329145642.65, 121.3, 3.1, 321.0
20210329145643.74, 121.3, 3.1, 321.0
20210329145644.81, 121.3, 3.1, 319.0
20210329145645.91, 121.3, 3.1, 319.0
20210329145647.03, 121.3, 3.1, 322.0
20210329145648.13, 121.3, 3.1, 318.0
20210329145649.33, 121.2, 3.1, 318.0
20210329145650.39, 121.3, 3.1, 319.0
20210329145651.48, 121.3, 3.1, 319.0
20210329145652.57, 121.2, 3.1, 315.0
20210329145653.72, 121.2, 3.1, 315.0
20210329145654.85, 121.3, 3.1, 316.0
20210329145655.97, 121.3, 3.1, 316.0
20210329145657.07, 121.2, 3.1, 317.0
20210329145658.16, 121.2, 3.1, 317.0
20210329145659.25, 121.2, 3.1, 319.0
20210329145700.37, 121.2, 3.1, 319.0
20210329145701.46, 121.2, 3.1, 317.0
20210329145702.59, 121.2, 3.1, 317.0
20210329145703.69, 121.2, 3.1, 320.0
20210329145704.8, 121.2, 3.1, 320.0
20210329145705.89, 121.2, 3.1, 317.0
20210329145707.0, 121.2, 3.1999999999999997, 319.0
20210329145708.26, 121.2, 3.1999999999999997, 319.0
20210329145709.35, 121.2, 3.1999999999999997, 319.0
20210329145710.48, 121.2, 3.1999999999999997, 319.0
20210329145711.61, 121.2, 3.1999999999999997, 320.0
20210329145712.71, 121.2, 3.1999999999999997, 320.0
20210329145713.77, 121.1, 3.1999999999999997, 315.0
20210329145714.87, 121.1, 3.1999999999999997, 315.0
20210329145716.0, 121.2, 3.1999999999999997, 320.0
20210329145717.15, 121.2, 3.1999999999999997, 320.0
20210329145718.29, 121.2, 3.1999999999999997, 319.0
20210329145719.43, 121.2, 3.1999999999999997, 319.0
20210329145720.57, 121.2, 3.1999999999999997, 319.0
20210329145721.71, 121.2, 3.1999999999999997, 317.0
20210329145722.8, 121.2, 3.1999999999999997, 317.0
20210329145723.91, 121.2, 3.1999999999999997, 315.0
20210329145724.98, 121.2, 3.1999999999999997, 315.0
20210329145726.12, 121.3, 3.1999999999999997, 318.0
20210329145727.25, 121.3, 3.1999999999999997, 318.0
20210329145728.38, 121.2, 3.1999999999999997, 321.0
20210329145729.48, 121.2, 3.1999999999999997, 321.0
20210329145730.61, 121.2, 3.1999999999999997, 320.0
20210329145731.73, 121.2, 3.1999999999999997, 320.0
20210329145732.84, 121.2, 3.1999999999999997, 319.0
20210329145733.97, 121.2, 3.1999999999999997, 319.0
20210329145735.08, 121.3, 3.1999999999999997, 319.0
20210329145736.2, 121.3, 3.1999999999999997, 319.0
20210329145737.33, 121.2, 3.1999999999999997, 312.0
20210329145738.45, 121.2, 3.1999999999999997, 319.0
20210329145739.59, 121.2, 3.1999999999999997, 319.0
20210329145740.7, 121.2, 3.1999999999999997, 318.0
20210329145741.79, 121.2, 3.1999999999999997, 318.0
20210329145742.84, 121.2, 3.1999999999999997, 317.0
20210329145743.92, 121.2, 3.1999999999999997, 317.0
20210329145745.06, 121.2, 3.1999999999999997, 317.0
20210329145746.18, 121.2, 3.1999999999999997, 317.0
20210329145747.22, 121.3, 3.1999999999999997, 317.0
20210329145748.3, 121.3, 3.1999999999999997, 317.0
20210329145749.4, 121.3, 3.1999999999999997, 317.0
20210329145750.54, 121.3, 3.1999999999999997, 317.0
20210329145751.66, 121.3, 3.1999999999999997, 319.0
20210329145752.8, 121.3, 3.1999999999999997, 319.0
20210329145753.95, 121.3, 3.1, 317.0
20210329145755.08, 121.3, 3.1, 317.0
20210329145756.3, 121.2, 3.1, 317.0
20210329145757.45, 121.2, 3.1, 318.0
20210329145758.58, 121.2, 3.1, 318.0
20210329145759.63, 121.2, 3.1, 317.0
20210329145800.75, 121.2, 3.1, 317.0
20210329145801.87, 121.2, 3.1, 317.0
20210329145803.0, 121.2, 3.1, 317.0
20210329145804.12, 121.2, 3.1, 319.0
20210329145805.27, 121.2, 3.1, 319.0
20210329145806.39, 121.2, 3.1, 280.0
20210329145807.51, 121.2, 3.1, 280.0
20210329145808.65, 121.2, 2.8, 279.0
20210329145809.78, 121.2, 2.8, 279.0
20210329145810.85, 121.2, 2.8, 278.0
20210329145811.96, 121.2, 2.8, 280.0
20210329145813.11, 121.2, 2.8, 280.0
20210329145814.23, 121.2, 2.8, 280.0
20210329145815.38, 121.2, 2.8, 280.0
20210329145816.51, 121.2, 2.8, 280.0
20210329145817.65, 121.2, 2.8, 280.0
20210329145818.71, 121.2, 2.8, 281.0
20210329145819.86, 121.2, 2.8, 281.0
20210329145820.92, 121.3, 2.8, 280.0
20210329145822.03, 121.3, 2.8, 280.0
20210329145823.13, 121.3, 2.8, 278.0
20210329145824.29, 121.3, 2.8, 278.0
20210329145825.42, 121.3, 2.9, 280.0
20210329145826.67, 121.3, 2.9, 277.0
20210329145827.77, 121.3, 2.9, 277.0
20210329145828.89, 121.3, 2.9, 277.0
20210329145830.04, 121.3, 2.9, 277.0
20210329145831.11, 121.3, 2.9, 280.0
20210329145832.2, 121.3, 2.9, 280.0
20210329145833.3, 121.2, 2.9, 277.0
20210329145834.41, 121.2, 2.9, 277.0
20210329145835.5, 121.2, 2.9, 280.0
20210329145836.56, 121.2, 2.9, 280.0
20210329145837.62, 121.3, 2.9, 281.0
20210329145838.73, 121.3, 2.9, 281.0
20210329145839.83, 121.2, 2.9, 278.0
20210329145840.89, 121.2, 2.9, 278.0
20210329145841.99, 121.2, 2.9, 274.0
20210329145843.09, 121.2, 2.9, 274.0
20210329145844.21, 121.2, 2.9, 279.0
20210329145845.54, 121.3, 2.9, 280.0
20210329145846.67, 121.3, 2.9, 280.0
20210329145847.79, 121.2, 2.9, 278.0
20210329145848.86, 121.2, 2.9, 278.0
20210329145849.99, 121.3, 2.9, 283.0
20210329145851.11, 121.3, 2.9, 283.0
20210329145852.24, 121.2, 2.9, 276.0
20210329145853.36, 121.2, 2.9, 276.0
20210329145854.47, 121.2, 2.8, 279.0
20210329145855.59, 121.2, 2.8, 279.0
20210329145856.72, 121.2, 2.8, 281.0
20210329145857.83, 121.2, 2.8, 281.0
20210329145858.93, 121.2, 2.8, 280.0
20210329145900.05, 121.2, 2.8, 278.0
20210329145901.23, 121.2, 2.8, 278.0
20210329145902.34, 121.1, 2.8, 282.0
20210329145903.48, 121.1, 2.8, 282.0
20210329145904.62, 121.1, 2.8, 281.0
20210329145905.71, 121.1, 2.8, 281.0
20210329145906.86, 121.1, 2.8, 278.0
20210329145907.96, 121.1, 2.8, 278.0
20210329145909.11, 121.1, 2.8, 279.0
20210329145910.21, 121.1, 2.8, 279.0
20210329145911.34, 121.1, 2.8, 275.0
20210329145912.45, 121.1, 2.8, 275.0
20210329145913.55, 121.1, 2.8, 277.0
20210329145914.86, 121.2, 2.8, 279.0
20210329145915.95, 121.2, 2.8, 279.0
20210329145917.0, 121.2, 2.8, 278.0
20210329145918.1, 121.2, 2.8, 278.0
20210329145919.22, 121.2, 2.8, 430.0
20210329145920.37, 121.2, 2.8, 430.0
20210329145921.51, 121.2, 2.8, 429.0
20210329145922.58, 121.2, 2.8, 429.0
20210329145923.7, 121.2, 2.8, 427.0
20210329145924.82, 121.2, 2.8, 427.0
20210329145925.89, 121.2, 4.8, 428.0
20210329145926.96, 121.2, 4.8, 428.0
20210329145928.03, 121.1, 4.8, 426.0
20210329145929.17, 121.1, 4.8, 426.0
20210329145930.25, 121.2, 4.8, 424.0
20210329145931.3, 121.2, 4.8, 424.0
20210329145932.36, 121.1, 4.8, 425.0
20210329145933.46, 121.1, 4.8, 425.0
20210329145934.51, 121.2, 4.8, 426.0
20210329145935.81, 121.2, 4.8, 429.0
20210329145936.88, 121.2, 4.8, 429.0
20210329145937.97, 121.2, 4.8, 424.0
20210329145939.11, 121.2, 4.8, 424.0
20210329145940.24, 121.2, 4.4, 409.0
20210329145941.39, 121.2, 4.4, 409.0
20210329145942.44, 121.1, 4.4, 429.0
20210329145943.53, 121.1, 4.4, 429.0
20210329145944.61, 121.2, 4.4, 427.0
20210329145945.72, 121.2, 4.4, 427.0
20210329145946.85, 121.2, 4.4, 358.0
20210329145947.89, 121.2, 4.4, 358.0
20210329145949.0, 121.3, 4.4, 358.0
20210329145950.07, 121.3, 4.4, 358.0
20210329145951.16, 121.2, 4.4, 411.0
20210329145952.25, 121.2, 4.4, 411.0
20210329145953.31, 121.2, 4.4, 408.0
20210329145954.44, 121.2, 4.4, 408.0
20210329145955.56, 121.2, 4.4, 406.0
20210329145956.64, 121.3, 4.4, 410.0
20210329145957.78, 121.3, 4.4, 410.0
20210329145958.9, 121.3, 4.4, 408.0
20210329145959.99, 121.3, 4.4, 408.0
