time,voltage,current,power
20210329130000.89, 121.4, 0.0, 0.0
20210329130001.99, 121.4, 0.0, 0.0
20210329130003.04, 121.3, 0.0, 0.0
20210329130004.09, 121.3, 0.0, 0.0
20210329130005.13, 121.3, 0.0, 0.0
20210329130006.18, 121.3, 0.0, 0.0
20210329130007.23, 121.3, 0.0, 0.0
20210329130008.27, 121.3, 0.0, 0.0
20210329130009.31, 121.4, 0.0, 0.0
20210329130010.36, 121.4, 0.0, 0.0
20210329130011.39, 121.3, 0.0, 0.0
20210329130012.44, 121.3, 0.0, 0.0
20210329130013.48, 121.4, 0.0, 0.0
20210329130014.53, 121.4, 0.0, 0.0
20210329130015.57, 121.3, 0.0, 0.0
20210329130016.62, 121.3, 0.0, 0.0
20210329130017.66, 121.3, 0.0, 0.0
20210329130018.71, 121.3, 0.0, 0.0
20210329130019.76, 121.4, 0.0, 0.0
20210329130020.8, 121.4, 0.0, 0.0
20210329130021.84, 121.3, 0.0, 0.0
20210329130022.89, 121.3, 0.0, 0.0
20210329130023.93, 121.3, 0.0, 0.0
20210329130024.98, 121.3, 0.0, 0.0
20210329130026.02, 121.3, 0.0, 0.0
20210329130027.07, 121.3, 0.0, 0.0
20210329130028.12, 121.3, 0.0, 0.0
20210329130029.16, 121.3, 0.0, 0.0
20210329130030.2, 121.4, 0.0, 0.0
20210329130031.25, 121.4, 0.0, 0.0
20210329130032.29, 121.4, 0.0, 0.0
20210329130033.34, 121.4, 0.0, 0.0
20210329130034.38, 121.4, 0.0, 0.0
20210329130035.43, 121.4, 0.0, 0.0
20210329130036.47, 121.4, 0.0, 0.0
20210329130037.52, 121.4, 0.0, 0.0
20210329130038.56, 121.4, 0.0, 0.0
20210329130039.61, 121.4, 0.0, 0.0
20210329130040.65, 121.4, 0.0, 0.0
20210329130041.7, 121.4, 0.0, 0.0
20210329130042.74, 121.4, 0.0, 0.0
20210329130043.79, 121.4, 0.0, 0.0
20210329130044.83, 121.4, 0.0, 0.0
20210329130045.88, 121.4, 0.0, 0.0
20210329130046.92, 121.3, 0.0, 0.0
20210329130047.96, 121.3, 0.0, 0.0
20210329130049.0, 121.4, 0.0, 0.0
20210329130050.05, 121.4, 0.0, 0.0
20210329130051.1, 121.4, 0.0, 0.0
20210329130052.14, 121.4, 0.0, 0.0
20210329130053.18, 121.4, 0.0, 0.0
20210329130054.23, 121.3, 0.0, 0.0
20210329130055.32, 121.3, 0.0, 0.0
20210329130056.36, 121.3, 0.0, 0.0
20210329130057.4, 121.3, 0.0, 0.0
20210329130058.45, 121.4, 0.0, 0.0
20210329130059.49, 121.4, 0.0, 0.0
20210329130100.53, 121.4, 0.0, 0.0
20210329130101.58, 121.4, 0.0, 0.0
20210329130102.62, 121.4, 0.0, 0.0
20210329130103.66, 121.4, 0.0, 0.0
20210329130104.71, 121.3, 0.0, 0.0
20210329130105.76, 121.3, 0.0, 0.0
20210329130106.8, 121.3, 0.0, 0.0
20210329130107.85, 121.3, 0.0, 0.0
20210329130108.89, 121.3, 0.0, 0.0
20210329130109.93, 121.3, 0.0, 0.0
20210329130111.01, 121.3, 0.0, 0.0
20210329130112.06, 121.3, 0.0, 0.0
20210329130113.1, 121.4, 0.0, 0.0
20210329130114.14, 121.4, 0.0, 0.0
20210329130115.19, 121.4, 0.0, 0.0
20210329130116.24, 121.4, 0.0, 0.0
20210329130117.28, 121.4, 0.0, 0.0
20210329130118.33, 121.4, 0.0, 0.0
20210329130119.37, 121.4, 0.0, 0.0
20210329130120.42, 121.4, 0.0, 0.0
20210329130121.46, 121.4, 0.0, 0.0
20210329130122.5, 121.4, 0.0, 0.0
20210329130123.55, 121.4, 0.0, 0.0
20210329130124.59, 121.4, 0.0, 0.0
20210329130125.64, 121.4, 0.0, 0.0
20210329130126.68, 121.4, 0.0, 0.0
20210329130127.72, 121.3, 0.0, 0.0
20210329130128.77, 121.3, 0.0, 0.0
20210329130129.81, 121.4, 0.0, 0.0
20210329130130.86, 121.4, 0.0, 0.0
20210329130131.9, 121.3, 0.0, 0.0
20210329130132.95, 121.3, 0.0, 0.0
20210329130133.99, 121.3, 0.0, 0.0
20210329130135.04, 121.3, 0.0, 0.0
20210329130136.07, 121.3, 0.0, 0.0
20210329130137.12, 121.3, 0.0, 0.0
20210329130138.17, 121.3, 0.0, 0.0
20210329130139.21, 121.3, 0.0, 0.0
20210329130140.26, 121.4, 0.0, 0.0
20210329130141.3, 121.4, 0.0, 0.0
20210329130142.34, 121.3, 0.0, 0.0
20210329130143.39, 121.3, 0.0, 0.0
20210329130144.48, 121.3, 0.0, 0.0
20210329130145.52, 121.3, 0.0, 0.0
20210329130146.57, 121.3, 0.0, 0.0
20210329130147.62, 121.3, 0.0, 0.0
20210329130148.66, 121.3, 0.0, 0.0
20210329130149.71, 121.3, 0.0, 0.0
20210329130150.75, 121.3, 0.0, 0.0
20210329130151.8, 121.3, 0.0, 0.0
20210329130152.84, 121.3, 0.0, 0.0
20210329130153.89, 121.4, 0.0, 0.0
20210329130154.93, 121.4, 0.0, 0.0
20210329130155.98, 121.4, 0.0, 0.0
20210329130157.02, 121.4, 0.0, 0.0
20210329130158.07, 121.4, 0.0, 0.0
20210329130159.11, 121.4, 0.0, 0.0
20210329130200.16, 121.4, 0.0, 0.0
20210329130201.21, 121.4, 0.0, 0.0
20210329130202.25, 121.4, 0.0, 0.0
20210329130203.3, 121.4, 0.0, 0.0
20210329130204.34, 121.3, 0.0, 0.0
20210329130205.39, 121.3, 0.0, 0.0
20210329130206.43, 121.3, 0.0, 0.0
20210329130207.47, 121.3, 0.0, 0.0
20210329130208.51, 121.4, 0.0, 0.0
20210329130209.56, 121.4, 0.0, 0.0
20210329130210.6, 121.4, 0.0, 0.0
20210329130211.64, 121.4, 0.0, 0.0
20210329130212.69, 121.4, 0.0, 0.0
20210329130213.73, 121.4, 0.0, 0.0
20210329130214.78, 121.4, 0.0, 0.0
20210329130215.82, 121.4, 0.0, 0.0
20210329130216.87, 121.4, 0.0, 0.0
20210329130217.92, 121.4, 0.0, 0.0
20210329130218.96, 121.4, 0.0, 0.0
20210329130220.01, 121.4, 0.0, 0.0
20210329130221.05, 121.3, 0.0, 0.0
20210329130222.09, 121.3, 0.0, 0.0
20210329130223.14, 121.3, 0.0, 0.0
20210329130224.18, 121.3, 0.0, 0.0
20210329130225.23, 121.3, 0.0, 0.0
20210329130226.28, 121.3, 0.0, 0.0
20210329130227.32, 121.3, 0.0, 0.0
20210329130228.37, 121.3, 0.0, 0.0
20210329130229.41, 121.4, 0.0, 0.0
20210329130230.46, 121.4, 0.0, 0.0
20210329130231.5, 121.3, 0.0, 0.0
20210329130232.64, 121.3, 0.0, 0.0
20210329130233.68, 121.3, 0.0, 0.0
20210329130234.73, 121.3, 0.0, 0.0
20210329130235.78, 121.3, 0.0, 0.0
20210329130236.82, 121.3, 0.0, 0.0
20210329130237.87, 121.3, 0.0, 0.0
20210329130238.91, 121.3, 0.0, 0.0
20210329130239.96, 121.3, 0.0, 0.0
20210329130241.0, 121.3, 0.0, 0.0
20210329130242.05, 121.3, 0.0, 0.0
20210329130243.09, 121.3, 0.0, 0.0
20210329130244.14, 121.3, 0.0, 0.0
20210329130245.18, 121.3, 0.0, 0.0
20210329130246.23, 121.3, 0.0, 0.0
20210329130247.27, 121.4, 0.0, 0.0
20210329130248.32, 121.4, 0.0, 0.0
20210329130249.36, 121.4, 0.0, 0.0
20210329130250.41, 121.4, 0.0, 0.0
20210329130251.45, 121.4, 0.0, 0.0
20210329130252.5, 121.4, 0.0, 0.0
20210329130253.54, 121.4, 0.0, 0.0
20210329130254.58, 121.4, 0.0, 0.0
20210329130255.62, 121.4, 0.0, 0.0
20210329130256.67, 121.4, 0.0, 0.0
20210329130257.71, 121.4, 0.0, 0.0
20210329130258.76, 121.4, 0.0, 0.0
20210329130259.8, 121.4, 0.0, 0.0
20210329130300.85, 121.4, 0.0, 0.0
20210329130301.89, 121.3, 0.0, 0.0
20210329130302.94, 121.3, 0.0, 0.0
20210329130303.98, 121.3, 0.0, 0.0
20210329130305.05, 121.3, 0.0, 0.0
20210329130306.1, 121.3, 0.0, 0.0
20210329130307.15, 121.3, 0.0, 0.0
20210329130308.19, 121.3, 0.0, 0.0
20210329130309.24, 121.3, 0.0, 0.0
20210329130310.28, 121.3, 0.0, 0.0
20210329130311.32, 121.3, 0.0, 0.0
20210329130312.37, 121.3, 0.0, 0.0
20210329130313.41, 121.3, 0.0, 0.0
20210329130314.45, 121.3, 0.0, 0.0
20210329130315.5, 121.3, 0.0, 0.0
20210329130316.54, 121.3, 0.0, 0.0
20210329130317.59, 121.3, 0.0, 0.0
20210329130318.63, 121.3, 0.0, 0.0
20210329130319.68, 121.3, 0.0, 0.0
20210329130320.77, 121.3, 0.0, 0.0
20210329130321.82, 121.3, 0.0, 0.0
20210329130322.87, 121.3, 0.0, 0.0
20210329130323.91, 121.3, 0.0, 0.0
20210329130324.96, 121.3, 0.0, 0.0
20210329130326.0, 121.3, 0.0, 0.0
20210329130327.04, 121.3, 0.0, 0.0
20210329130328.09, 121.3, 0.0, 0.0
20210329130329.14, 121.3, 0.0, 0.0
20210329130330.18, 121.4, 0.0, 0.0
20210329130331.23, 121.4, 0.0, 0.0
20210329130332.27, 121.3, 0.0, 0.0
20210329130333.32, 121.3, 0.0, 0.0
20210329130334.37, 121.4, 0.0, 0.0
20210329130335.41, 121.4, 0.0, 0.0
20210329130336.45, 121.4, 0.0, 0.0
20210329130337.5, 121.4, 0.0, 0.0
20210329130338.54, 121.5, 0.0, 0.0
20210329130339.58, 121.5, 0.0, 0.0
20210329130340.62, 121.4, 0.0, 0.0
20210329130341.67, 121.4, 0.0, 0.0
20210329130342.71, 121.4, 0.0, 0.0
20210329130343.76, 121.4, 0.0, 0.0
20210329130344.8, 121.4, 0.0, 0.0
20210329130345.85, 121.4, 0.0, 0.0
20210329130346.89, 121.4, 0.0, 0.0
20210329130347.94, 121.4, 0.0, 0.0
20210329130348.98, 121.3, 0.0, 0.0
20210329130350.03, 121.3, 0.0, 0.0
20210329130351.07, 121.4, 0.0, 0.0
20210329130352.12, 121.4, 0.0, 0.0
20210329130353.16, 121.2, 0.0, 860.0
20210329130354.21, 121.2, 0.0, 860.0
20210329130355.25, 121.3, 0.0, 283.0
20210329130356.3, 121.3, 0.0, 283.0
20210329130357.34, 121.2, 0.0, 240.0
20210329130358.39, 121.2, 0.0, 240.0
20210329130359.43, 121.2, 0.0, 241.0
20210329130400.48, 121.2, 0.0, 241.0
20210329130401.52, 121.2, 2.5, 237.0
20210329130402.57, 121.2, 2.5, 237.0
20210329130403.61, 121.2, 2.5, 235.0
20210329130404.66, 121.2, 2.5, 236.0
20210329130406.55, 121.2, 2.5, 236.0
20210329130407.92, 121.2, 2.5, 239.0
20210329130409.05, 121.2, 2.5, 239.0
20210329130410.11, 121.2, 2.5, 239.0
20210329130411.16, 121.2, 2.5, 239.0
20210329130412.21, 121.2, 2.5, 238.0
20210329130413.26, 121.2, 2.5, 238.0
20210329130414.3, 121.2, 2.5, 233.0
20210329130415.35, 121.2, 2.5, 233.0
20210329130416.39, 121.2, 2.4000000000000004, 233.0
20210329130417.56, 121.2, 2.4000000000000004, 232.0
20210329130418.61, 121.2, 2.4000000000000004, 232.0
20210329130419.66, 121.3, 2.4000000000000004, 237.0
20210329130420.71, 121.3, 2.4000000000000004, 237.0
20210329130421.76, 121.3, 2.4000000000000004, 239.0
20210329130422.81, 121.3, 2.4000000000000004, 239.0
20210329130423.86, 121.3, 2.4000000000000004, 236.0
20210329130424.91, 121.3, 2.4000000000000004, 236.0
20210329130425.98, 121.3, 2.4000000000000004, 237.0
20210329130427.03, 121.3, 2.4000000000000004, 237.0
20210329130428.07, 121.3, 2.4000000000000004, 237.0
20210329130429.12, 121.3, 2.4000000000000004, 237.0
20210329130430.17, 121.3, 2.4000000000000004, 239.0
20210329130431.22, 121.3, 2.4000000000000004, 239.0
20210329130432.26, 121.3, 2.4000000000000004, 237.0
20210329130433.32, 121.3, 2.4000000000000004, 237.0
20210329130434.36, 121.5, 2.4000000000000004, 235.0
20210329130435.4, 121.5, 2.4000000000000004, 235.0
20210329130436.45, 121.4, 2.4000000000000004, 235.0
20210329130437.49, 121.4, 2.4000000000000004, 235.0
20210329130438.55, 121.4, 2.4000000000000004, 236.0
20210329130439.6, 121.4, 2.4000000000000004, 236.0
20210329130440.65, 121.4, 2.4000000000000004, 236.0
20210329130441.7, 121.4, 2.4000000000000004, 236.0
20210329130442.74, 121.3, 2.4000000000000004, 234.0
20210329130443.79, 121.3, 2.4000000000000004, 234.0
20210329130444.83, 121.4, 2.4000000000000004, 236.0
20210329130445.88, 121.4, 2.4000000000000004, 236.0
20210329130446.93, 121.4, 2.5, 234.0
20210329130447.97, 121.4, 2.5, 234.0
20210329130449.02, 121.4, 2.5, 236.0
20210329130450.07, 121.4, 2.5, 236.0
20210329130451.11, 121.4, 2.5, 233.0
20210329130452.15, 121.4, 2.5, 233.0
20210329130453.2, 121.4, 2.5, 234.0
20210329130454.25, 121.4, 2.5, 234.0
20210329130455.3, 121.3, 2.5, 234.0
20210329130456.34, 121.3, 2.5, 234.0
20210329130457.39, 121.4, 2.5, 237.0
20210329130458.45, 121.4, 2.5, 237.0
20210329130459.5, 121.3, 2.5, 239.0
20210329130500.54, 121.3, 2.5, 239.0
20210329130501.59, 121.4, 2.5, 235.0
20210329130502.64, 121.4, 2.5, 235.0
20210329130503.69, 121.4, 2.5, 234.0
20210329130504.73, 121.4, 2.5, 234.0
20210329130505.77, 121.4, 2.5, 233.0
20210329130506.82, 121.4, 2.5, 233.0
20210329130507.87, 121.4, 2.5, 247.0
20210329130508.91, 121.4, 2.5, 247.0
20210329130509.96, 121.5, 2.5, 247.0
20210329130511.01, 121.5, 2.5, 247.0
20210329130512.06, 121.5, 2.5, 245.0
20210329130513.11, 121.5, 2.5, 245.0
20210329130514.17, 121.5, 2.5, 247.0
20210329130515.22, 121.5, 2.5, 247.0
20210329130516.26, 121.5, 2.7, 254.0
20210329130517.32, 121.5, 2.7, 254.0
20210329130518.36, 121.5, 2.7, 275.0
20210329130519.41, 121.5, 2.7, 275.0
20210329130520.45, 121.5, 2.7, 284.0
20210329130521.5, 121.5, 2.7, 284.0
20210329130522.54, 121.4, 2.7, 287.0
20210329130523.59, 121.4, 2.7, 287.0
20210329130524.63, 121.4, 2.7, 290.0
20210329130525.69, 121.4, 2.7, 290.0
20210329130526.73, 121.4, 2.7, 288.0
20210329131609.14, 121.4, 2.9, 284.0
20210329131610.2, 121.4, 2.9, 284.0
20210329131611.23, 121.4, 2.9, 286.0
20210329131612.34, 121.4, 2.9, 286.0
20210329131613.39, 121.4, 2.9, 283.0
20210329131614.5, 121.4, 2.9, 283.0
20210329131615.57, 121.4, 2.9, 281.0
20210329131616.62, 121.4, 2.9, 281.0
20210329131617.72, 121.5, 2.9, 284.0
20210329131618.81, 121.5, 2.9, 284.0
20210329131619.91, 121.5, 2.9, 285.0
20210329131620.96, 121.5, 2.9, 285.0
20210329131622.05, 121.5, 2.9, 284.0
20210329131623.12, 121.5, 2.9, 284.0
20210329131624.23, 121.5, 2.9, 283.0
20210329131625.28, 121.5, 2.9, 283.0
20210329131626.36, 121.5, 2.9, 284.0
20210329131627.5, 121.5, 2.9, 284.0
20210329131628.58, 121.5, 2.9, 278.0
20210329131629.73, 121.5, 2.9, 278.0
20210329131630.77, 121.5, 2.9, 286.0
20210329131631.86, 121.5, 2.9, 286.0
20210329131632.91, 121.5, 2.9, 284.0
20210329131634.03, 121.5, 2.9, 284.0
20210329131635.23, 121.5, 2.9, 281.0
20210329131636.32, 121.5, 2.9, 286.0
20210329131637.43, 121.5, 2.9, 286.0
20210329131638.47, 121.5, 2.9, 282.0
20210329131639.55, 121.5, 2.9, 282.0
20210329131640.66, 121.5, 2.9, 280.0
20210329131641.78, 121.5, 2.9, 280.0
20210329131642.85, 121.5, 2.9, 284.0
20210329131643.91, 121.5, 2.9, 284.0
20210329131644.95, 121.5, 2.9, 285.0
20210329131646.02, 121.5, 2.9, 285.0
20210329131647.09, 121.6, 2.9, 282.0
20210329131648.17, 121.6, 2.9, 282.0
20210329131649.27, 121.6, 2.9, 282.0
20210329131650.34, 121.6, 2.9, 282.0
20210329131651.4, 121.6, 2.9, 283.0
20210329131652.54, 121.6, 2.9, 283.0
20210329131653.61, 121.5, 2.9, 284.0
20210329131654.73, 121.5, 2.9, 284.0
20210329131655.87, 121.5, 2.9, 285.0
20210329131656.95, 121.5, 2.9, 285.0
20210329131658.02, 121.6, 2.8, 279.0
20210329131659.08, 121.6, 2.8, 279.0
20210329131700.21, 121.5, 2.8, 283.0
20210329131701.4, 121.5, 2.8, 284.0
20210329131702.44, 121.5, 2.8, 284.0
20210329131703.5, 121.5, 2.8, 282.0
20210329131704.54, 121.5, 2.8, 282.0
20210329131705.58, 121.5, 2.8, 286.0
20210329131706.64, 121.5, 2.8, 286.0
20210329131707.73, 121.5, 2.8, 283.0
20210329131708.77, 121.5, 2.8, 283.0
20210329131709.83, 121.6, 2.8, 280.0
20210329131710.96, 121.6, 2.8, 280.0
20210329131712.02, 121.5, 2.9, 280.0
20210329131713.07, 121.5, 2.9, 280.0
20210329131714.15, 121.6, 2.9, 284.0
20210329131715.25, 121.6, 2.9, 284.0
20210329131716.36, 121.5, 2.9, 281.0
20210329131717.48, 121.5, 2.9, 281.0
20210329131718.52, 121.6, 2.9, 281.0
20210329131719.61, 121.6, 2.9, 281.0
20210329131720.73, 121.6, 2.9, 284.0
20210329131721.84, 121.6, 2.9, 284.0
20210329131722.91, 121.6, 2.9, 282.0
20210329131724.02, 121.6, 2.9, 282.0
20210329131725.15, 121.6, 2.9, 282.0
20210329131726.25, 121.6, 2.9, 282.0
20210329131727.38, 121.6, 2.9, 286.0
20210329131728.51, 121.6, 2.9, 280.0
20210329131729.65, 121.6, 2.9, 280.0
20210329131730.78, 121.6, 2.9, 284.0
20210329131731.84, 121.6, 2.9, 284.0
20210329131732.9, 121.5, 2.9, 285.0
20210329131734.04, 121.5, 2.9, 285.0
20210329131735.15, 121.5, 2.9, 286.0
20210329131736.2, 121.5, 2.9, 286.0
20210329131737.27, 121.5, 2.9, 284.0
20210329131738.32, 121.5, 2.9, 284.0
20210329131739.36, 121.5, 2.9, 284.0
20210329131740.41, 121.5, 2.9, 284.0
20210329131741.49, 121.5, 2.9, 284.0
20210329131742.54, 121.5, 2.9, 284.0
20210329131743.59, 121.6, 2.9, 280.0
20210329131744.63, 121.6, 2.9, 280.0
20210329131745.68, 121.5, 2.9, 282.0
20210329131746.74, 121.5, 2.9, 282.0
20210329131747.79, 121.5, 2.9, 282.0
20210329131748.84, 121.5, 2.9, 282.0
20210329131749.93, 121.5, 2.9, 282.0
20210329131751.02, 121.5, 2.9, 282.0
20210329131752.1, 121.5, 2.9, 281.0
20210329131753.21, 121.5, 2.9, 281.0
20210329131754.32, 121.5, 2.9, 283.0
20210329131755.37, 121.5, 2.9, 283.0
20210329131756.44, 121.5, 2.9, 278.0
20210329131757.53, 121.5, 2.9, 278.0
20210329131758.63, 121.5, 2.9, 282.0
20210329131759.74, 121.5, 2.9, 282.0
20210329131800.79, 121.5, 2.9, 281.0
20210329131801.9, 121.5, 2.9, 282.0
20210329131803.09, 121.5, 2.9, 282.0
20210329131804.2, 121.5, 2.9, 281.0
20210329131805.31, 121.5, 2.9, 281.0
20210329131806.44, 121.5, 2.9, 283.0
20210329131807.5, 121.5, 2.9, 283.0
20210329131808.62, 121.5, 2.9, 283.0
20210329131809.71, 121.5, 2.9, 283.0
20210329131810.82, 121.6, 2.9, 281.0
20210329131811.92, 121.6, 2.9, 281.0
20210329131813.05, 121.6, 2.9, 282.0
20210329131814.18, 121.6, 2.9, 282.0
20210329131815.27, 121.6, 2.9, 282.0
20210329131816.34, 121.6, 2.9, 282.0
20210329131819.86, 121.6, 2.9, 285.0
20210329131820.9, 121.6, 2.9, 285.0
20210329131821.95, 121.6, 2.9, 282.0
20210329131822.99, 121.6, 2.9, 282.0
20210329131824.07, 121.6, 2.9, 284.0
20210329131825.21, 121.6, 2.9, 284.0
20210329131826.32, 121.6, 2.9, 283.0
20210329131827.45, 121.6, 2.9, 283.0
20210329131828.56, 121.6, 2.9, 283.0
20210329131829.65, 121.6, 2.9, 283.0
20210329131830.7, 121.6, 2.9, 282.0
20210329131831.74, 121.6, 2.9, 282.0
20210329131832.84, 121.6, 2.9, 281.0
20210329131833.95, 121.6, 2.9, 281.0
20210329131835.03, 121.5, 2.9, 283.0
20210329131836.17, 121.5, 2.9, 283.0
20210329131837.24, 121.5, 2.9, 281.0
20210329131838.38, 121.5, 2.9, 281.0
20210329131839.46, 121.5, 2.9, 284.0
20210329131840.54, 121.5, 2.9, 284.0
20210329131841.62, 121.5, 2.9, 280.0
20210329131842.75, 121.5, 2.9, 282.0
20210329131843.95, 121.5, 2.9, 282.0
20210329131845.04, 121.5, 2.8, 280.0
20210329131846.15, 121.5, 2.8, 280.0
20210329131847.19, 121.6, 2.8, 280.0
20210329131848.23, 121.6, 2.8, 280.0
20210329131849.33, 121.5, 2.8, 284.0
20210329131850.44, 121.5, 2.8, 284.0
20210329131851.5, 121.6, 2.8, 283.0
20210329131852.55, 121.6, 2.8, 283.0
20210329131853.65, 121.5, 2.8, 280.0
20210329131854.69, 121.5, 2.8, 280.0
20210329131855.75, 121.6, 2.8, 284.0
20210329131856.79, 121.6, 2.8, 284.0
20210329131857.87, 121.6, 2.8, 283.0
20210329131858.95, 121.6, 2.8, 283.0
20210329131859.99, 121.6, 2.9, 282.0
20210329131901.04, 121.6, 2.9, 282.0
20210329131902.09, 121.6, 2.9, 278.0
20210329131903.13, 121.6, 2.9, 278.0
20210329131904.16, 121.6, 2.9, 286.0
20210329131905.26, 121.6, 2.9, 286.0
20210329131906.32, 121.6, 2.9, 285.0
20210329131907.45, 121.6, 2.9, 285.0
20210329131908.49, 121.6, 2.9, 284.0
20210329131909.59, 121.6, 2.9, 284.0
20210329131910.68, 121.6, 2.9, 282.0
20210329131911.74, 121.6, 2.9, 282.0
20210329131912.81, 121.6, 2.9, 280.0
20210329131913.91, 121.6, 2.9, 280.0
20210329131914.98, 121.6, 2.9, 282.0
20210329131916.05, 121.6, 2.9, 282.0
20210329131917.1, 121.5, 2.9, 282.0
20210329131918.15, 121.5, 2.9, 282.0
20210329131919.27, 121.5, 2.9, 280.0
20210329131920.35, 121.5, 2.9, 280.0
20210329131921.48, 121.5, 2.9, 281.0
20210329131922.57, 121.5, 2.9, 281.0
20210329131923.62, 121.5, 2.9, 281.0
20210329131924.71, 121.5, 2.9, 281.0
20210329131925.76, 121.5, 2.9, 281.0
20210329131926.8, 121.5, 2.9, 283.0
20210329131927.85, 121.5, 2.9, 283.0
20210329131928.89, 121.5, 2.9, 282.0
20210329131929.93, 121.5, 2.9, 282.0
20210329131930.98, 121.6, 2.9, 282.0
20210329131932.08, 121.6, 2.9, 282.0
20210329131933.2, 121.5, 2.9, 285.0
20210329131934.29, 121.5, 2.9, 285.0
20210329131935.4, 121.6, 2.9, 284.0
20210329131936.45, 121.6, 2.9, 284.0
20210329131937.57, 121.6, 2.9, 282.0
20210329131938.65, 121.6, 2.9, 282.0
20210329131939.69, 121.6, 2.9, 281.0
20210329131940.74, 121.6, 2.9, 281.0
20210329131941.78, 121.6, 2.9, 293.0
20210329131942.82, 121.6, 2.9, 293.0
20210329131943.9, 121.6, 2.9, 279.0
20210329131944.95, 121.6, 2.9, 279.0
20210329131945.99, 121.6, 2.8, 284.0
20210329131947.1, 121.6, 2.8, 284.0
20210329131948.2, 121.6, 2.8, 284.0
20210329131949.32, 121.6, 2.8, 284.0
20210329131950.41, 121.6, 2.8, 283.0
20210329131951.45, 121.6, 2.8, 283.0
20210329131952.5, 121.6, 2.8, 282.0
20210329131953.55, 121.6, 2.8, 282.0
20210329131954.61, 121.6, 2.8, 283.0
20210329131955.7, 121.6, 2.8, 283.0
20210329131956.79, 121.6, 2.8, 284.0
20210329131957.85, 121.6, 2.8, 284.0
20210329131958.93, 121.6, 2.8, 283.0
20210329132000.05, 121.6, 2.8, 281.0
20210329132001.18, 121.6, 2.8, 281.0
20210329132002.29, 121.6, 2.8, 283.0
20210329132003.41, 121.6, 2.8, 283.0
20210329132004.48, 121.5, 2.8, 283.0
20210329132005.55, 121.5, 2.8, 283.0
20210329132006.66, 121.6, 2.8, 285.0
20210329132007.73, 121.6, 2.8, 285.0
20210329132008.84, 121.6, 2.8, 284.0
20210329132009.91, 121.6, 2.8, 284.0
20210329132010.96, 121.6, 2.8, 281.0
20210329132012.07, 121.6, 2.8, 281.0
20210329132013.12, 121.6, 2.8, 283.0
20210329132014.19, 121.6, 2.8, 283.0
20210329132015.31, 121.6, 2.8, 282.0
20210329132016.43, 121.6, 2.8, 282.0
20210329132017.55, 121.5, 2.8, 283.0
20210329132018.61, 121.5, 2.8, 283.0
20210329132019.68, 121.6, 2.8, 283.0
20210329132020.73, 121.6, 2.8, 283.0
20210329132021.83, 121.5, 2.8, 282.0
20210329132022.88, 121.5, 2.8, 282.0
20210329132023.96, 121.5, 2.8, 283.0
20210329132025.04, 121.5, 2.8, 283.0
20210329132026.13, 121.6, 2.8, 283.0
20210329132027.36, 121.6, 2.8, 282.0
20210329132028.43, 121.6, 2.8, 282.0
20210329132029.49, 121.7, 2.8, 281.0
20210329132030.55, 121.7, 2.8, 281.0
20210329132031.68, 121.7, 2.9, 284.0
20210329132032.73, 121.7, 2.9, 284.0
20210329132033.77, 121.7, 2.9, 283.0
20210329132034.87, 121.7, 2.9, 283.0
20210329132035.96, 121.6, 2.9, 286.0
20210329132037.05, 121.6, 2.9, 286.0
20210329132038.09, 121.7, 2.9, 282.0
20210329132039.2, 121.7, 2.9, 282.0
20210329132040.25, 121.7, 2.9, 282.0
20210329132041.29, 121.7, 2.9, 282.0
20210329132042.34, 121.7, 2.9, 283.0
20210329132043.39, 121.7, 2.9, 283.0
20210329132044.47, 121.7, 2.9, 282.0
20210329132045.55, 121.7, 2.9, 282.0
20210329132046.59, 121.7, 2.9, 281.0
20210329132047.66, 121.7, 2.9, 281.0
20210329132048.71, 121.7, 2.9, 282.0
20210329132049.77, 121.7, 2.9, 282.0
20210329132050.89, 121.7, 2.9, 283.0
20210329132051.98, 121.7, 2.9, 283.0
20210329132053.02, 121.6, 2.9, 281.0
20210329132054.14, 121.6, 2.9, 281.0
20210329132055.18, 121.7, 2.9, 284.0
20210329132056.28, 121.7, 2.9, 284.0
20210329132057.4, 121.6, 2.9, 285.0
20210329132058.5, 121.6, 2.9, 285.0
20210329132059.57, 121.6, 2.9, 283.0
20210329132100.8, 121.5, 2.9, 280.0
20210329132101.89, 121.5, 2.9, 280.0
20210329132102.96, 121.5, 2.9, 283.0
20210329132104.05, 121.5, 2.9, 283.0
20210329132105.09, 121.5, 2.9, 284.0
20210329132106.16, 121.5, 2.9, 284.0
20210329132107.25, 121.5, 2.9, 284.0
20210329132108.4, 121.5, 2.9, 284.0
20210329132109.48, 121.5, 2.9, 280.0
20210329132110.59, 121.5, 2.9, 280.0
20210329132111.66, 121.5, 2.9, 283.0
20210329132112.78, 121.5, 2.9, 283.0
20210329132113.85, 121.6, 2.9, 282.0
20210329132114.92, 121.6, 2.9, 282.0
20210329132115.98, 121.6, 2.9, 283.0
20210329132117.03, 121.6, 2.9, 283.0
20210329132118.11, 121.6, 2.6999999999999997, 282.0
20210329132119.16, 121.6, 2.6999999999999997, 282.0
20210329132120.24, 121.6, 2.6999999999999997, 278.0
20210329132121.29, 121.6, 2.6999999999999997, 278.0
20210329132122.38, 121.7, 2.6999999999999997, 278.0
20210329132123.48, 121.7, 2.6999999999999997, 278.0
20210329132124.53, 121.6, 2.6999999999999997, 283.0
20210329132125.59, 121.6, 2.6999999999999997, 283.0
20210329132126.67, 121.6, 2.6999999999999997, 278.0
20210329132127.73, 121.6, 2.6999999999999997, 278.0
20210329132128.78, 121.6, 2.6999999999999997, 284.0
20210329132129.89, 121.6, 2.6999999999999997, 283.0
20210329132131.05, 121.7, 2.6999999999999997, 283.0
20210329132132.14, 121.7, 2.9, 283.0
20210329132133.2, 121.7, 2.9, 283.0
20210329132134.24, 121.7, 2.9, 281.0
20210329132135.36, 121.7, 2.9, 281.0
20210329132136.45, 121.7, 2.9, 283.0
20210329132137.54, 121.7, 2.9, 283.0
20210329132138.61, 121.7, 2.9, 282.0
20210329132139.71, 121.7, 2.9, 282.0
20210329132140.8, 121.7, 2.9, 282.0
20210329132141.87, 121.7, 2.9, 282.0
20210329132142.91, 121.7, 2.9, 282.0
20210329132144.03, 121.7, 2.9, 282.0
20210329132145.07, 121.7, 2.9, 281.0
20210329132146.13, 121.7, 2.9, 281.0
20210329132147.22, 121.7, 2.9, 278.0
20210329132148.34, 121.7, 2.9, 278.0
20210329132149.39, 121.6, 2.9, 280.0
20210329132150.49, 121.6, 2.9, 280.0
20210329132151.55, 121.7, 2.9, 280.0
20210329132152.62, 121.7, 2.9, 280.0
20210329132153.7, 121.6, 2.9, 282.0
20210329132154.8, 121.6, 2.9, 282.0
20210329132155.93, 121.6, 2.9, 280.0
20210329132157.02, 121.6, 2.9, 280.0
20210329132158.22, 121.6, 2.9, 280.0
20210329132159.3, 121.6, 2.9, 283.0
20210329132200.39, 121.6, 2.9, 283.0
20210329132201.44, 121.6, 2.9, 278.0
20210329132202.54, 121.6, 2.9, 278.0
20210329132203.66, 121.6, 2.8, 282.0
20210329132204.75, 121.6, 2.8, 282.0
20210329132205.81, 121.6, 2.8, 283.0
20210329132206.86, 121.6, 2.8, 283.0
20210329132207.98, 121.6, 2.8, 281.0
20210329132209.03, 121.6, 2.8, 281.0
20210329132210.09, 121.6, 2.8, 280.0
20210329132211.16, 121.6, 2.8, 280.0
20210329132212.21, 121.7, 2.8, 285.0
20210329132213.27, 121.7, 2.8, 285.0
20210329132214.36, 121.7, 2.8, 284.0
20210329132215.46, 121.7, 2.8, 284.0
20210329132216.54, 121.7, 2.8, 282.0
20210329132217.68, 121.7, 2.8, 282.0
20210329132218.78, 121.7, 2.9, 284.0
20210329132219.82, 121.7, 2.9, 284.0
20210329132220.89, 121.6, 2.9, 284.0
20210329132221.98, 121.6, 2.9, 284.0
20210329132223.07, 121.7, 2.9, 281.0
20210329132224.21, 121.7, 2.9, 280.0
20210329132225.4, 121.7, 2.9, 280.0
20210329132226.46, 121.7, 2.9, 282.0
20210329132227.55, 121.7, 2.9, 282.0
20210329132228.64, 121.7, 2.9, 283.0
20210329132229.74, 121.7, 2.9, 283.0
20210329132230.82, 121.6, 2.9, 284.0
20210329132231.89, 121.6, 2.9, 284.0
20210329132232.99, 121.6, 2.8, 283.0
20210329132234.09, 121.6, 2.8, 283.0
20210329132235.17, 121.6, 2.8, 283.0
20210329132236.27, 121.6, 2.8, 283.0
20210329132237.33, 121.6, 2.8, 284.0
20210329132238.38, 121.6, 2.8, 284.0
20210329132239.45, 121.5, 2.8, 283.0
20210329132240.56, 121.5, 2.8, 283.0
20210329132241.65, 121.5, 2.8, 284.0
20210329132242.71, 121.5, 2.8, 284.0
20210329132243.79, 121.5, 2.8, 283.0
20210329132244.89, 121.5, 2.8, 283.0
20210329132245.95, 121.6, 2.8, 282.0
20210329132247.04, 121.6, 2.8, 282.0
20210329132248.16, 121.5, 2.8, 285.0
20210329132249.24, 121.5, 2.8, 285.0
20210329132250.32, 121.6, 2.9, 284.0
20210329132251.45, 121.6, 2.9, 283.0
20210329132252.64, 121.6, 2.9, 283.0
20210329132253.74, 121.6, 2.9, 280.0
20210329132254.81, 121.6, 2.9, 280.0
20210329132255.91, 121.7, 2.9, 284.0
20210329132256.98, 121.7, 2.9, 284.0
20210329132258.08, 121.8, 2.9, 283.0
20210329132259.18, 121.8, 2.9, 283.0
20210329132300.23, 121.7, 2.9, 278.0
20210329132301.31, 121.7, 2.9, 278.0
20210329132302.43, 121.7, 2.9, 287.0
20210329132303.55, 121.7, 2.9, 287.0
20210329132304.61, 121.6, 2.9, 285.0
20210329132305.74, 121.6, 2.9, 285.0
20210329132306.82, 121.6, 2.9, 283.0
20210329132307.91, 121.6, 2.9, 283.0
20210329132308.96, 121.6, 2.9, 284.0
20210329132310.05, 121.6, 2.9, 284.0
20210329132311.11, 121.6, 2.9, 280.0
20210329132312.18, 121.6, 2.9, 280.0
20210329132313.28, 121.6, 2.9, 282.0
20210329132314.35, 121.6, 2.9, 282.0
20210329132315.43, 121.6, 2.9, 281.0
20210329132316.49, 121.6, 2.9, 281.0
20210329132317.61, 121.6, 2.9, 283.0
20210329132318.67, 121.6, 2.9, 283.0
20210329132319.74, 121.5, 2.9, 283.0
20210329132320.83, 121.6, 2.9, 281.0
20210329132322.02, 121.6, 2.9, 281.0
20210329132323.1, 121.5, 2.9, 283.0
20210329132324.23, 121.5, 2.9, 283.0
20210329132325.28, 121.5, 2.9, 280.0
20210329132326.35, 121.5, 2.9, 280.0
20210329132327.42, 121.5, 2.9, 282.0
20210329132328.52, 121.5, 2.9, 282.0
20210329132329.61, 121.5, 2.9, 282.0
20210329132330.65, 121.5, 2.9, 282.0
20210329132331.74, 121.6, 2.9, 280.0
20210329132332.82, 121.6, 2.9, 280.0
20210329132333.9, 121.6, 2.9, 283.0
20210329132334.99, 121.6, 2.9, 283.0
20210329132336.09, 121.6, 2.9, 284.0
20210329132337.19, 121.6, 2.9, 284.0
20210329132338.27, 121.6, 2.9, 280.0
20210329132339.36, 121.6, 2.9, 280.0
20210329132340.45, 121.7, 2.9, 283.0
20210329132341.57, 121.7, 2.9, 283.0
20210329132342.65, 121.7, 2.9, 280.0
20210329132343.75, 121.7, 2.9, 280.0
20210329132344.79, 121.6, 2.9, 280.0
20210329132346.03, 121.7, 2.9, 279.0
20210329132347.12, 121.7, 2.9, 279.0
20210329132348.19, 121.7, 2.9, 279.0
20210329132349.27, 121.7, 2.9, 279.0
20210329132350.35, 121.7, 2.9, 285.0
20210329132351.41, 121.7, 2.9, 285.0
20210329132352.49, 121.7, 2.9, 278.0
20210329132353.58, 121.7, 2.9, 278.0
20210329132354.66, 121.8, 2.9, 281.0
20210329132355.74, 121.8, 2.9, 281.0
20210329132356.8, 121.6, 2.9, 289.0
20210329132357.94, 121.6, 2.9, 289.0
20210329132358.99, 121.7, 2.9, 282.0
20210329132400.08, 121.7, 2.9, 282.0
20210329132401.15, 121.7, 2.9, 282.0
20210329132402.24, 121.7, 2.9, 282.0
20210329132403.3, 121.7, 2.9, 284.0
20210329132404.38, 121.7, 2.9, 284.0
20210329132405.48, 121.7, 2.9, 284.0
20210329132406.56, 121.7, 2.9, 284.0
20210329132407.67, 121.7, 2.9, 281.0
20210329132408.79, 121.7, 2.9, 281.0
20210329132409.87, 121.7, 2.9, 282.0
20210329132410.95, 121.7, 2.9, 282.0
20210329132412.03, 121.7, 2.9, 280.0
20210329132413.23, 121.7, 2.9, 284.0
20210329132414.3, 121.7, 2.9, 284.0
20210329132415.39, 121.7, 2.9, 281.0
20210329132416.52, 121.7, 2.9, 281.0
20210329132417.6, 121.7, 2.9, 285.0
20210329132418.75, 121.7, 2.9, 285.0
20210329132419.79, 121.7, 2.9, 282.0
20210329132420.86, 121.7, 2.9, 282.0
20210329132421.94, 121.7, 2.9, 283.0
20210329132423.02, 121.7, 2.9, 283.0
20210329132424.06, 121.7, 2.9, 282.0
20210329132425.14, 121.7, 2.9, 282.0
20210329132426.18, 121.7, 2.9, 284.0
20210329132427.27, 121.7, 2.9, 284.0
20210329132428.34, 121.7, 2.9, 280.0
20210329132429.39, 121.7, 2.9, 280.0
20210329132430.51, 121.7, 2.9, 279.0
20210329132431.6, 121.7, 2.9, 279.0
20210329132432.66, 121.6, 2.9, 280.0
20210329132433.78, 121.6, 2.9, 280.0
20210329132434.83, 121.6, 2.9, 283.0
20210329132435.91, 121.6, 2.9, 283.0
20210329132436.95, 121.6, 2.9, 284.0
20210329132438.05, 121.6, 2.9, 284.0
20210329132439.1, 121.7, 2.9, 281.0
20210329132440.36, 121.6, 2.9, 281.0
20210329132441.4, 121.6, 2.9, 281.0
20210329132442.46, 121.6, 2.9, 282.0
20210329132443.53, 121.6, 2.9, 282.0
20210329132444.6, 121.6, 2.9, 279.0
20210329132445.69, 121.6, 2.9, 279.0
20210329132446.78, 121.7, 2.9, 281.0
20210329132447.89, 121.7, 2.9, 281.0
20210329132448.93, 121.6, 2.9, 283.0
20210329132449.98, 121.6, 2.9, 283.0
20210329132451.09, 121.6, 2.8, 282.0
20210329132452.18, 121.6, 2.8, 282.0
20210329132453.29, 121.7, 2.8, 281.0
20210329132454.35, 121.7, 2.8, 281.0
20210329132455.39, 121.7, 2.8, 286.0
20210329132456.48, 121.7, 2.8, 286.0
20210329132457.52, 121.7, 2.8, 284.0
20210329132458.58, 121.7, 2.8, 284.0
20210329132459.62, 121.7, 2.8, 284.0
20210329132500.68, 121.7, 2.8, 284.0
20210329132501.72, 121.7, 2.8, 279.0
20210329132502.82, 121.7, 2.8, 279.0
20210329132503.89, 121.6, 2.8, 281.0
20210329132505.0, 121.6, 2.8, 281.0
20210329132506.07, 121.6, 2.8, 280.0
20210329132507.15, 121.6, 2.8, 280.0
20210329132508.21, 121.6, 2.8, 283.0
20210329132509.28, 121.6, 2.8, 283.0
20210329132510.35, 121.6, 2.8, 282.0
20210329132511.45, 121.6, 2.8, 282.0
20210329132512.5, 121.7, 2.8, 281.0
20210329132513.61, 121.7, 2.8, 281.0
20210329132514.66, 121.7, 2.8, 281.0
20210329132515.79, 121.7, 2.8, 281.0
20210329132516.96, 121.7, 2.8, 281.0
20210329132518.04, 121.7, 2.8, 283.0
20210329132519.13, 121.7, 2.8, 283.0
20210329132520.2, 121.7, 2.9, 280.0
20210329132521.26, 121.7, 2.9, 280.0
20210329132522.38, 121.6, 2.9, 285.0
20210329132523.46, 121.6, 2.9, 285.0
20210329132524.52, 121.7, 2.9, 279.0
20210329132525.59, 121.7, 2.9, 279.0
20210329132526.66, 121.6, 2.9, 284.0
20210329132527.76, 121.6, 2.9, 284.0
20210329132528.85, 121.7, 2.9, 282.0
20210329132529.91, 121.7, 2.9, 282.0
20210329132530.95, 121.6, 2.9, 282.0
20210329132532.07, 121.6, 2.9, 282.0
20210329132533.11, 121.7, 2.9, 280.0
20210329132534.19, 121.7, 2.9, 280.0
20210329132535.26, 121.7, 2.9, 281.0
20210329132536.36, 121.7, 2.9, 281.0
20210329132537.47, 121.6, 2.8, 283.0
20210329132538.57, 121.6, 2.8, 283.0
20210329132539.71, 121.7, 2.8, 281.0
20210329132540.83, 121.7, 2.8, 281.0
20210329132541.91, 121.7, 2.8, 283.0
20210329132543.01, 121.7, 2.8, 280.0
20210329132544.2, 121.7, 2.8, 280.0
20210329132545.28, 121.6, 2.8, 284.0
20210329132546.41, 121.6, 2.8, 284.0
20210329132547.49, 121.6, 2.8, 281.0
20210329132548.58, 121.6, 2.8, 281.0
20210329132549.65, 121.7, 2.8, 279.0
20210329132550.75, 121.7, 2.8, 279.0
20210329132551.79, 121.7, 2.8, 286.0
20210329132552.85, 121.7, 2.8, 286.0
20210329132553.9, 121.6, 2.8, 280.0
20210329132555.01, 121.6, 2.8, 280.0
20210329132556.07, 121.6, 2.8, 280.0
20210329132557.13, 121.6, 2.8, 280.0
20210329132558.18, 121.6, 2.8, 279.0
20210329132559.25, 121.6, 2.8, 279.0
20210329132600.33, 121.6, 2.8, 284.0
20210329132601.42, 121.6, 2.8, 284.0
20210329132602.49, 121.6, 2.8, 281.0
20210329132603.55, 121.6, 2.8, 281.0
20210329132604.62, 121.7, 2.8, 284.0
20210329132605.7, 121.7, 2.8, 284.0
20210329132606.79, 121.6, 2.9, 282.0
20210329132607.85, 121.6, 2.9, 282.0
20210329132608.91, 121.7, 2.9, 282.0
20210329132609.97, 121.7, 2.9, 282.0
20210329132611.02, 121.6, 2.9, 282.0
20210329132612.07, 121.6, 2.9, 282.0
20210329132613.11, 121.7, 2.9, 280.0
20210329132614.2, 121.7, 2.9, 280.0
20210329132615.27, 121.7, 2.9, 284.0
20210329132616.53, 121.8, 2.9, 284.0
20210329132617.62, 121.8, 2.9, 284.0
20210329132618.69, 121.8, 2.9, 280.0
20210329132619.77, 121.8, 2.9, 280.0
20210329132620.88, 121.7, 2.9, 284.0
20210329132621.98, 121.7, 2.9, 284.0
20210329132623.09, 121.8, 2.9, 284.0
20210329132624.19, 121.8, 2.9, 284.0
20210329132625.3, 121.7, 2.9, 280.0
20210329132626.37, 121.7, 2.9, 280.0
20210329132627.4, 121.7, 2.9, 281.0
20210329132628.46, 121.7, 2.9, 281.0
20210329132629.57, 121.7, 2.9, 279.0
20210329132630.62, 121.7, 2.9, 279.0
20210329132631.68, 121.7, 2.9, 287.0
20210329132632.77, 121.7, 2.9, 287.0
20210329132633.88, 121.7, 2.9, 281.0
20210329132634.96, 121.7, 2.9, 281.0
20210329132636.07, 121.7, 2.9, 286.0
20210329132637.17, 121.7, 2.9, 286.0
20210329132638.3, 121.7, 2.9, 284.0
20210329132639.58, 121.7, 2.9, 284.0
20210329132640.64, 121.7, 2.9, 284.0
20210329132641.75, 121.6, 2.9, 284.0
20210329132642.87, 121.6, 2.9, 284.0
20210329132643.99, 121.7, 2.9, 281.0
20210329132645.1, 121.7, 2.9, 281.0
20210329132646.17, 121.7, 2.9, 286.0
20210329132647.23, 121.7, 2.9, 286.0
20210329132648.28, 121.7, 2.9, 280.0
20210329132649.41, 121.7, 2.9, 280.0
20210329132650.48, 121.7, 2.9, 280.0
20210329132651.6, 121.7, 2.9, 280.0
20210329132652.68, 121.7, 2.9, 280.0
20210329132653.73, 121.7, 2.9, 280.0
20210329132654.81, 121.5, 2.9, 281.0
20210329132655.92, 121.5, 2.9, 281.0
20210329132656.99, 121.5, 2.9, 282.0
20210329132658.1, 121.5, 2.9, 282.0
20210329132659.19, 121.6, 2.9, 280.0
20210329132700.3, 121.6, 2.9, 280.0
20210329132701.37, 121.7, 2.9, 282.0
20210329132702.44, 121.7, 2.9, 283.0
20210329132703.61, 121.7, 2.9, 283.0
20210329132704.71, 121.7, 2.9, 282.0
20210329132705.8, 121.7, 2.9, 282.0
20210329132706.87, 121.7, 2.8, 283.0
20210329132707.96, 121.7, 2.8, 283.0
20210329132709.02, 121.7, 2.8, 284.0
20210329132710.09, 121.7, 2.8, 284.0
20210329132711.15, 121.7, 2.8, 280.0
20210329132712.27, 121.7, 2.8, 280.0
20210329132713.38, 121.7, 2.8, 280.0
20210329132714.43, 121.7, 2.8, 280.0
20210329132715.48, 121.7, 2.8, 282.0
20210329132716.57, 121.7, 2.8, 282.0
20210329132717.68, 121.7, 2.8, 283.0
20210329132718.77, 121.7, 2.8, 283.0
20210329132719.81, 121.8, 2.8, 285.0
20210329132720.9, 121.8, 2.8, 285.0
20210329132722.02, 121.7, 2.8, 282.0
20210329132723.11, 121.7, 2.8, 282.0
20210329132724.21, 121.8, 2.9, 280.0
20210329132725.32, 121.8, 2.9, 280.0
20210329132726.38, 121.7, 2.9, 283.0
20210329132727.46, 121.7, 2.9, 283.0
20210329132728.56, 121.7, 2.9, 280.0
20210329132729.67, 121.7, 2.9, 284.0
20210329132730.84, 121.7, 2.9, 284.0
20210329132731.94, 121.7, 2.9, 282.0
20210329132733.05, 121.7, 2.9, 282.0
20210329132734.1, 121.7, 2.9, 282.0
20210329132735.15, 121.7, 2.9, 282.0
20210329132736.23, 121.7, 2.9, 284.0
20210329132737.32, 121.7, 2.9, 284.0
20210329132738.44, 121.7, 2.9, 280.0
20210329132739.48, 121.7, 2.9, 280.0
20210329132740.57, 121.7, 2.9, 283.0
20210329132741.64, 121.7, 2.9, 283.0
20210329132742.77, 121.7, 2.9, 283.0
20210329132743.9, 121.7, 2.9, 283.0
20210329132745.01, 121.7, 2.9, 285.0
20210329132746.1, 121.7, 2.9, 285.0
20210329132747.21, 121.8, 2.9, 280.0
20210329132748.34, 121.8, 2.9, 280.0
20210329132749.41, 121.8, 2.9, 279.0
20210329132750.53, 121.8, 2.9, 279.0
20210329132751.62, 121.8, 2.9, 278.0
20210329132752.74, 121.8, 2.9, 283.0
20210329132753.91, 121.8, 2.9, 283.0
20210329132755.04, 121.8, 2.9, 283.0
20210329132756.17, 121.8, 2.9, 283.0
20210329132757.28, 121.8, 2.9, 283.0
20210329132758.4, 121.8, 2.9, 283.0
20210329132759.55, 121.8, 2.9, 285.0
20210329132800.64, 121.8, 2.9, 285.0
20210329132801.78, 121.7, 2.9, 281.0
20210329132802.84, 121.7, 2.9, 281.0
20210329132803.96, 121.7, 2.9, 280.0
20210329132805.09, 121.7, 2.9, 280.0
20210329132806.21, 121.7, 2.9, 281.0
20210329132807.25, 121.7, 2.9, 281.0
20210329132808.38, 121.7, 2.9, 283.0
20210329132809.48, 121.7, 2.9, 287.0
20210329132810.6, 121.7, 2.9, 287.0
20210329132811.65, 121.7, 2.9, 283.0
20210329132812.73, 121.7, 2.9, 283.0
20210329132813.82, 121.7, 2.9, 282.0
20210329132814.93, 121.7, 2.9, 282.0
20210329132816.0, 121.8, 2.9, 281.0
20210329132817.13, 121.8, 2.9, 281.0
20210329132818.19, 121.7, 2.9, 285.0
20210329132819.32, 121.7, 2.9, 285.0
20210329132820.4, 121.7, 2.9, 280.0
20210329132821.46, 121.7, 2.9, 280.0
20210329132822.53, 121.7, 2.9, 280.0
20210329132823.65, 121.7, 2.9, 280.0
20210329132824.77, 121.7, 2.9, 280.0
20210329132825.86, 121.7, 2.9, 280.0
20210329132827.0, 121.7, 2.9, 281.0
20210329132828.08, 121.7, 2.9, 281.0
20210329132829.17, 121.7, 2.9, 281.0
20210329132830.3, 121.7, 2.9, 281.0
20210329132831.41, 121.8, 2.9, 280.0
20210329132832.52, 121.7, 2.9, 281.0
20210329132833.66, 121.7, 2.9, 281.0
20210329132834.75, 121.7, 2.9, 283.0
20210329132835.84, 121.7, 2.9, 283.0
20210329132836.9, 121.8, 2.9, 281.0
20210329132838.0, 121.8, 2.9, 281.0
20210329132839.11, 121.8, 2.9, 280.0
20210329132840.22, 121.8, 2.9, 280.0
20210329132841.35, 121.7, 2.9, 280.0
20210329132842.45, 121.7, 2.9, 280.0
20210329132843.52, 121.7, 2.9, 282.0
20210329132844.59, 121.7, 2.9, 282.0
20210329132845.68, 121.7, 2.9, 283.0
20210329132846.79, 121.7, 2.9, 283.0
20210329132847.91, 121.7, 2.9, 284.0
20210329132849.02, 121.7, 2.9, 284.0
20210329132850.12, 121.8, 2.9, 285.0
20210329132851.21, 121.8, 2.9, 285.0
20210329132852.3, 121.8, 2.9, 282.0
20210329132853.41, 121.8, 2.9, 285.0
20210329132854.59, 121.8, 2.9, 285.0
20210329132855.68, 121.8, 2.8, 282.0
20210329132856.74, 121.8, 2.8, 282.0
20210329132857.84, 121.7, 2.8, 285.0
20210329132858.94, 121.7, 2.8, 285.0
20210329132900.05, 121.7, 2.8, 283.0
20210329132901.11, 121.7, 2.8, 283.0
20210329132902.19, 121.8, 2.8, 282.0
20210329132903.33, 121.8, 2.8, 282.0
20210329132904.43, 121.7, 2.8, 279.0
20210329132905.54, 121.7, 2.8, 279.0
20210329132906.6, 121.8, 2.8, 281.0
20210329132907.74, 121.8, 2.8, 281.0
20210329132908.84, 121.8, 2.8, 281.0
20210329132909.98, 121.8, 2.8, 281.0
20210329132911.04, 121.8, 2.8, 280.0
20210329132912.16, 121.8, 2.8, 280.0
20210329132913.21, 121.8, 2.8, 280.0
20210329132914.31, 121.7, 2.8, 283.0
20210329132915.45, 121.7, 2.8, 283.0
20210329132916.55, 121.8, 2.8, 281.0
20210329132917.64, 121.8, 2.8, 281.0
20210329132918.68, 121.8, 2.8, 283.0
20210329132919.77, 121.8, 2.8, 283.0
20210329132920.85, 121.8, 2.8, 285.0
20210329132921.95, 121.8, 2.8, 285.0
20210329132923.07, 121.7, 2.8, 285.0
20210329132924.2, 121.7, 2.8, 285.0
20210329132925.3, 121.7, 2.8, 280.0
20210329132926.37, 121.7, 2.8, 280.0
20210329132927.5, 121.7, 2.8, 281.0
20210329132928.6, 121.7, 2.8, 281.0
20210329132929.68, 121.7, 2.8, 283.0
20210329132930.79, 121.7, 2.8, 283.0
20210329132931.89, 121.7, 2.8, 282.0
20210329132932.97, 121.7, 2.8, 282.0
20210329132934.07, 121.8, 2.8, 281.0
20210329132935.17, 121.8, 2.8, 281.0
20210329132936.27, 121.8, 2.8, 281.0
20210329132937.35, 121.8, 2.8, 284.0
20210329132938.56, 121.8, 2.8, 284.0
20210329132939.64, 121.7, 2.8, 280.0
20210329132940.74, 121.7, 2.8, 280.0
20210329132941.82, 121.7, 2.9, 290.0
20210329132942.91, 121.7, 2.9, 290.0
20210329132944.01, 121.8, 2.9, 285.0
20210329132945.11, 121.8, 2.9, 285.0
20210329132946.21, 121.8, 2.9, 284.0
20210329132947.31, 121.8, 2.9, 284.0
20210329132948.41, 121.8, 2.9, 283.0
20210329132949.51, 121.8, 2.9, 283.0
20210329132950.61, 121.8, 2.9, 283.0
20210329132951.72, 121.8, 2.9, 283.0
20210329132952.79, 121.7, 2.9, 285.0
20210329132953.88, 121.7, 2.9, 285.0
20210329132954.98, 121.8, 2.9, 282.0
20210329132956.09, 121.8, 2.9, 282.0
20210329132957.18, 121.8, 2.9, 283.0
20210329132958.28, 121.7, 2.9, 283.0
20210329132959.43, 121.7, 2.9, 283.0
20210329133000.53, 121.7, 2.9, 283.0
20210329133001.63, 121.7, 2.9, 283.0
20210329133002.71, 121.6, 2.9, 280.0
20210329133003.82, 121.6, 2.9, 280.0
20210329133004.94, 121.7, 2.9, 283.0
20210329133005.99, 121.7, 2.9, 283.0
20210329133007.08, 121.7, 2.9, 282.0
20210329133008.17, 121.7, 2.9, 282.0
20210329133009.27, 121.7, 2.9, 282.0
20210329133010.34, 121.7, 2.9, 282.0
20210329133011.41, 121.6, 2.8, 278.0
20210329133012.48, 121.6, 2.8, 278.0
20210329133013.56, 121.7, 2.8, 283.0
20210329133014.64, 121.7, 2.8, 283.0
20210329133015.74, 121.7, 2.8, 281.0
20210329133016.83, 121.7, 2.8, 281.0
20210329133017.93, 121.7, 2.8, 280.0
20210329133019.07, 121.7, 2.8, 280.0
20210329133020.2, 121.8, 2.8, 281.0
20210329133021.32, 121.7, 2.8, 283.0
20210329133022.49, 121.7, 2.8, 283.0
20210329133023.59, 121.8, 2.8, 283.0
20210329133024.67, 121.8, 2.8, 283.0
20210329133025.76, 121.8, 2.9, 284.0
20210329133026.87, 121.8, 2.9, 284.0
20210329133027.91, 121.9, 2.9, 283.0
20210329133029.02, 121.9, 2.9, 283.0
20210329133030.12, 121.9, 2.9, 286.0
20210329133031.22, 121.9, 2.9, 286.0
20210329133032.32, 121.8, 2.9, 284.0
20210329133033.43, 121.8, 2.9, 284.0
20210329133034.5, 121.9, 2.9, 283.0
20210329133035.64, 121.9, 2.9, 283.0
20210329133036.72, 121.9, 2.9, 282.0
20210329133037.82, 121.9, 2.9, 282.0
20210329133038.91, 121.9, 2.9, 286.0
20210329133039.98, 121.9, 2.9, 286.0
20210329133041.05, 121.8, 2.9, 283.0
20210329133042.18, 121.8, 2.9, 283.0
20210329133043.28, 121.8, 2.9, 282.0
20210329133044.39, 121.8, 2.9, 284.0
20210329133045.61, 121.8, 2.9, 284.0
20210329133046.72, 121.8, 2.9, 281.0
20210329133047.8, 121.8, 2.9, 281.0
20210329133048.85, 121.8, 2.9, 279.0
20210329133049.95, 121.8, 2.9, 279.0
20210329133051.07, 121.8, 2.9, 282.0
20210329133052.15, 121.8, 2.9, 282.0
20210329133053.26, 121.8, 2.9, 282.0
20210329133054.36, 121.8, 2.9, 282.0
20210329133055.47, 121.8, 2.9, 281.0
20210329133056.55, 121.8, 2.9, 281.0
20210329133057.63, 121.8, 2.9, 281.0
20210329133058.72, 121.8, 2.9, 281.0
20210329133059.86, 121.9, 2.9, 285.0
20210329133100.95, 121.9, 2.9, 285.0
20210329133102.08, 121.8, 2.9, 281.0
20210329133103.17, 121.8, 2.9, 283.0
20210329133104.37, 121.8, 2.9, 283.0
20210329133105.46, 121.8, 2.9, 284.0
20210329133106.55, 121.8, 2.9, 284.0
20210329133107.63, 121.9, 2.9, 282.0
20210329133108.74, 121.9, 2.9, 282.0
20210329133109.83, 121.8, 2.9, 283.0
20210329133110.95, 121.8, 2.9, 283.0
20210329133112.02, 121.9, 2.9, 282.0
20210329133113.13, 121.9, 2.9, 282.0
20210329133114.22, 121.8, 2.9, 285.0
20210329133115.36, 121.8, 2.9, 285.0
20210329133116.45, 121.9, 2.9, 282.0
20210329133117.59, 121.9, 2.9, 282.0
20210329133118.67, 121.8, 2.9, 285.0
20210329133119.82, 121.8, 2.9, 285.0
20210329133120.93, 121.8, 2.9, 283.0
20210329133122.03, 121.8, 2.9, 283.0
20210329133123.21, 121.7, 2.9, 283.0
20210329133124.3, 121.7, 2.9, 282.0
20210329133125.4, 121.7, 2.9, 282.0
20210329133126.5, 121.7, 2.9, 284.0
20210329133127.59, 121.7, 2.9, 284.0
20210329133128.68, 121.8, 2.9, 286.0
20210329133129.79, 121.8, 2.9, 286.0
20210329133130.87, 121.8, 2.9, 283.0
20210329133131.98, 121.8, 2.9, 283.0
20210329133133.06, 121.8, 2.9, 281.0
20210329133134.17, 121.8, 2.9, 281.0
20210329133135.25, 121.8, 2.9, 281.0
20210329133136.34, 121.8, 2.9, 281.0
20210329133137.39, 121.8, 2.9, 283.0
20210329133138.5, 121.8, 2.9, 283.0
20210329133139.55, 121.8, 2.9, 281.0
20210329133140.69, 121.8, 2.9, 281.0
20210329133141.78, 121.8, 2.9, 283.0
20210329133142.88, 121.8, 2.9, 283.0
20210329133143.97, 121.8, 2.9, 280.0
20210329133145.09, 121.8, 2.9, 282.0
20210329133146.28, 121.8, 2.9, 282.0
20210329133147.4, 121.8, 2.9, 280.0
20210329133148.53, 121.8, 2.9, 280.0
20210329133149.63, 121.9, 2.9, 283.0
20210329133150.76, 121.9, 2.9, 283.0
20210329133151.88, 121.9, 2.9, 280.0
20210329133152.99, 121.9, 2.9, 280.0
20210329133154.08, 121.9, 2.9, 281.0
20210329133155.19, 121.9, 2.9, 281.0
20210329133156.27, 121.9, 2.9, 283.0
20210329133157.36, 121.9, 2.9, 283.0
20210329133158.46, 121.8, 2.8, 286.0
20210329133159.57, 121.8, 2.8, 286.0
20210329133200.66, 121.9, 2.8, 282.0
20210329133201.8, 121.9, 2.8, 282.0
20210329133202.86, 121.8, 2.8, 283.0
20210329133203.97, 121.8, 2.8, 283.0
20210329133205.14, 121.8, 2.8, 283.0
20210329133206.19, 121.8, 2.8, 281.0
20210329133207.25, 121.8, 2.8, 281.0
20210329133208.38, 121.9, 2.8, 281.0
20210329133209.46, 121.9, 2.8, 281.0
20210329133210.54, 121.9, 2.8, 282.0
20210329133211.59, 121.9, 2.8, 282.0
20210329133212.71, 121.9, 2.8, 279.0
20210329133213.86, 121.9, 2.8, 279.0
20210329133214.96, 121.8, 2.8, 280.0
20210329133216.06, 121.8, 2.8, 280.0
20210329133217.17, 121.9, 2.8, 283.0
20210329133218.21, 121.9, 2.8, 283.0
20210329133219.33, 121.9, 2.8, 285.0
20210329133220.46, 121.9, 2.8, 285.0
20210329133221.52, 121.9, 2.8, 280.0
20210329133222.62, 121.9, 2.8, 280.0
20210329133223.7, 121.9, 2.8, 281.0
20210329133224.99, 121.9, 2.8, 282.0
20210329133226.04, 121.9, 2.8, 282.0
20210329133227.08, 121.9, 2.9, 282.0
20210329133228.12, 121.9, 2.9, 282.0
20210329133229.21, 121.9, 2.9, 281.0
20210329133230.25, 121.9, 2.9, 281.0
20210329133231.36, 121.8, 2.9, 281.0
20210329133232.46, 121.8, 2.9, 281.0
20210329133233.56, 121.8, 2.9, 280.0
20210329133234.66, 121.8, 2.9, 280.0
20210329133235.72, 121.8, 2.9, 283.0
20210329133236.81, 121.8, 2.9, 283.0
20210329133237.88, 121.9, 2.9, 280.0
20210329133238.93, 121.9, 2.9, 280.0
20210329133240.05, 121.9, 2.9, 283.0
20210329133241.1, 121.9, 2.9, 283.0
20210329133242.18, 121.9, 2.9, 286.0
20210329133243.3, 121.9, 2.9, 286.0
20210329133244.4, 121.9, 2.8, 279.0
20210329133245.45, 121.9, 2.8, 279.0
20210329133246.49, 121.9, 2.8, 285.0
20210329133247.56, 121.9, 2.8, 285.0
20210329133248.61, 121.9, 2.8, 283.0
20210329133249.72, 121.9, 2.8, 283.0
20210329133250.76, 121.9, 2.8, 283.0
20210329133251.82, 121.9, 2.8, 283.0
20210329133252.91, 121.8, 2.8, 283.0
20210329133254.05, 121.8, 2.8, 283.0
20210329133255.13, 121.7, 2.8, 283.0
20210329133256.36, 121.8, 2.8, 284.0
20210329133257.4, 121.8, 2.8, 284.0
20210329133258.49, 121.7, 2.9, 281.0
20210329133259.53, 121.7, 2.9, 281.0
20210329133300.64, 121.8, 2.9, 283.0
20210329133301.69, 121.8, 2.9, 283.0
20210329133302.81, 121.8, 2.9, 283.0
20210329133303.93, 121.8, 2.9, 283.0
20210329133305.0, 121.8, 2.9, 280.0
20210329133306.04, 121.8, 2.9, 280.0
20210329133307.14, 121.8, 2.9, 283.0
20210329133308.19, 121.8, 2.9, 283.0
20210329133309.32, 121.8, 2.9, 283.0
20210329133310.38, 121.8, 2.9, 283.0
20210329133311.42, 121.9, 2.9, 281.0
20210329133312.47, 121.9, 2.9, 281.0
20210329133313.54, 121.9, 2.9, 283.0
20210329133314.63, 121.9, 2.9, 283.0
20210329133315.71, 121.9, 2.9, 282.0
20210329133316.82, 121.9, 2.9, 282.0
20210329133317.96, 121.9, 2.9, 284.0
20210329133319.04, 121.9, 2.9, 284.0
20210329133320.18, 121.9, 2.9, 283.0
20210329133321.22, 121.9, 2.9, 283.0
20210329133322.43, 121.9, 2.9, 284.0
20210329133323.55, 121.9, 2.9, 280.0
20210329133324.63, 121.9, 2.9, 280.0
20210329133325.66, 121.9, 2.9, 283.0
20210329133326.75, 121.9, 2.9, 283.0
20210329133327.79, 121.9, 2.9, 285.0
20210329133328.88, 121.9, 2.9, 285.0
20210329133329.98, 122.0, 2.9, 283.0
20210329133331.11, 122.0, 2.9, 283.0
20210329133332.2, 121.9, 2.9, 287.0
20210329133333.33, 121.9, 2.9, 287.0
20210329133334.43, 121.9, 2.9, 284.0
20210329133335.57, 121.9, 2.9, 284.0
20210329133336.66, 121.9, 2.9, 280.0
20210329133337.73, 121.9, 2.9, 280.0
20210329133338.78, 121.9, 2.9, 280.0
20210329133339.89, 121.9, 2.9, 280.0
20210329133341.0, 121.9, 2.9, 280.0
20210329133342.11, 121.9, 2.9, 280.0
20210329133343.24, 121.9, 2.9, 284.0
20210329133344.37, 121.8, 2.9, 281.0
20210329133345.56, 121.8, 2.9, 281.0
20210329133346.65, 121.8, 2.9, 285.0
20210329133347.72, 121.8, 2.9, 285.0
20210329133348.8, 121.9, 2.9, 283.0
20210329133349.88, 121.9, 2.9, 283.0
20210329133351.02, 121.9, 2.9, 282.0
20210329133352.09, 121.9, 2.9, 282.0
