time,voltage,current,power
20210329094020.45, 121.2, 0.0, 0.0
20210329094021.55, 121.2, 0.0, 0.0
20210329094022.6, 121.2, 0.0, 0.0
20210329094023.67, 121.2, 0.0, 0.0
20210329094024.71, 121.2, 0.0, 0.0
20210329094025.81, 121.2, 0.0, 0.0
20210329094026.89, 121.2, 0.0, 0.0
20210329094027.95, 121.2, 0.0, 0.0
20210329094029.0, 121.1, 0.0, 0.0
20210329094030.09, 121.1, 0.0, 0.0
20210329094031.17, 121.1, 0.0, 0.0
20210329094032.23, 121.1, 0.0, 0.0
20210329094033.32, 121.1, 0.0, 0.0
20210329094034.41, 121.1, 0.0, 0.0
20210329094035.49, 121.2, 0.0, 0.0
20210329094036.58, 121.2, 0.0, 0.0
20210329094037.62, 121.2, 0.0, 0.0
20210329094038.76, 121.2, 0.0, 0.0
20210329094039.88, 121.2, 0.0, 0.0
20210329094040.93, 121.2, 0.0, 0.0
20210329094042.0, 121.1, 0.0, 0.0
20210329094043.05, 121.1, 0.0, 0.0
20210329094044.15, 121.1, 0.0, 0.0
20210329094045.23, 121.1, 0.0, 0.0
20210329094046.31, 121.1, 0.0, 0.0
20210329094047.35, 121.1, 0.0, 0.0
20210329094048.48, 121.1, 0.0, 0.0
20210329094049.6, 121.1, 0.0, 0.0
20210329094050.69, 121.1, 0.0, 0.0
20210329094051.74, 121.1, 0.0, 0.0
20210329094052.8, 121.1, 0.0, 0.0
20210329094053.9, 121.0, 0.0, 0.0
20210329094055.02, 121.0, 0.0, 0.0
20210329094056.11, 121.0, 0.0, 0.0
20210329094057.22, 121.0, 0.0, 0.0
20210329094058.33, 121.1, 0.0, 0.0
20210329094059.54, 121.1, 0.0, 0.0
20210329094100.6, 121.1, 0.0, 0.0
20210329094101.72, 121.2, 0.0, 0.0
20210329094102.84, 121.2, 0.0, 0.0
20210329094103.95, 121.1, 0.0, 0.0
20210329094105.05, 121.1, 0.0, 0.0
20210329094106.1, 121.1, 0.0, 0.0
20210329094107.22, 121.1, 0.0, 0.0
20210329094108.34, 121.2, 0.0, 0.0
20210329094109.46, 121.2, 0.0, 0.0
20210329094110.57, 121.2, 0.0, 0.0
20210329094111.68, 121.2, 0.0, 0.0
20210329094112.76, 121.2, 0.0, 0.0
20210329094113.89, 121.2, 0.0, 0.0
20210329094115.02, 121.2, 0.0, 0.0
20210329094116.11, 121.2, 0.0, 0.0
20210329094117.15, 121.2, 0.0, 0.0
20210329094118.26, 121.2, 0.0, 0.0
20210329094119.31, 121.2, 0.0, 0.0
20210329094120.42, 121.2, 0.0, 0.0
20210329094121.52, 121.2, 0.0, 0.0
20210329094122.61, 121.2, 0.0, 0.0
20210329094123.72, 121.2, 0.0, 0.0
20210329094124.76, 121.2, 0.0, 0.0
20210329094125.86, 121.2, 0.0, 0.0
20210329094126.98, 121.2, 0.0, 0.0
20210329094128.12, 121.2, 0.0, 0.0
20210329094129.21, 121.1, 0.0, 0.0
20210329094130.32, 121.1, 0.0, 0.0
20210329094131.36, 121.1, 0.0, 0.0
20210329094132.47, 121.2, 0.0, 0.0
20210329094133.56, 121.2, 0.0, 0.0
20210329094134.62, 121.2, 0.0, 0.0
20210329094135.73, 121.2, 0.0, 0.0
20210329094136.85, 121.2, 0.0, 0.0
20210329094137.94, 121.2, 0.0, 0.0
20210329094138.98, 121.2, 0.0, 0.0
20210329094140.07, 121.2, 0.0, 0.0
20210329094141.2, 121.2, 0.0, 0.0
20210329094142.32, 121.2, 0.0, 0.0
20210329094143.4, 121.2, 0.0, 0.0
20210329094144.5, 121.2, 0.0, 0.0
20210329094145.61, 121.2, 0.0, 0.0
20210329094146.7, 121.2, 0.0, 0.0
20210329094147.78, 121.2, 0.0, 0.0
20210329094148.91, 121.1, 0.0, 0.0
20210329094150.04, 121.1, 0.0, 0.0
20210329094151.16, 121.2, 0.0, 0.0
20210329094152.21, 121.2, 0.0, 0.0
20210329094153.27, 121.2, 0.0, 0.0
20210329094154.37, 121.2, 0.0, 0.0
20210329094155.47, 121.1, 0.0, 0.0
20210329094156.62, 121.1, 0.0, 0.0
20210329094157.71, 121.2, 0.0, 0.0
20210329094158.82, 121.2, 0.0, 0.0
20210329094159.89, 121.2, 0.0, 0.0
20210329094200.98, 121.2, 0.0, 0.0
20210329094202.06, 121.1, 0.0, 0.0
20210329094203.16, 121.1, 0.0, 0.0
20210329094204.24, 121.2, 0.0, 0.0
20210329094205.32, 121.2, 0.0, 0.0
20210329094206.45, 121.2, 0.0, 0.0
20210329094207.49, 121.2, 0.0, 0.0
20210329094208.61, 121.2, 0.0, 0.0
20210329094209.72, 121.2, 0.0, 0.0
20210329094210.83, 121.2, 0.0, 0.0
20210329094211.92, 121.2, 0.0, 0.0
20210329094213.0, 121.2, 0.0, 0.0
20210329094214.12, 121.1, 0.0, 0.0
20210329094215.18, 121.1, 0.0, 0.0
20210329094216.24, 121.1, 0.0, 0.0
20210329094217.29, 121.1, 0.0, 0.0
20210329094218.34, 121.1, 0.0, 0.0
20210329094219.41, 121.1, 0.0, 0.0
20210329094220.5, 121.2, 0.0, 0.0
20210329094221.59, 121.2, 0.0, 0.0
20210329094222.67, 121.2, 0.0, 0.0
20210329094223.72, 121.2, 0.0, 0.0
20210329094224.82, 121.2, 0.0, 0.0
20210329094225.94, 121.2, 0.0, 0.0
20210329094227.05, 121.2, 0.0, 0.0
20210329094228.15, 121.2, 0.0, 0.0
20210329094229.24, 121.2, 0.0, 0.0
20210329094230.28, 121.3, 0.0, 0.0
20210329094231.32, 121.3, 0.0, 0.0
20210329094232.45, 121.2, 0.0, 0.0
20210329094233.59, 121.2, 0.0, 0.0
20210329094234.72, 121.2, 0.0, 0.0
20210329094235.86, 121.2, 0.0, 0.0
20210329094236.95, 121.2, 0.0, 0.0
20210329094238.01, 121.2, 0.0, 0.0
20210329094239.05, 121.2, 0.0, 0.0
20210329094240.19, 121.2, 0.0, 0.0
20210329094241.26, 121.2, 0.0, 0.0
20210329094242.4, 121.2, 0.0, 0.0
20210329094243.49, 121.2, 0.0, 0.0
20210329094244.6, 121.2, 0.0, 0.0
20210329094245.69, 121.2, 0.0, 0.0
20210329094246.82, 121.1, 0.0, 0.0
20210329094247.92, 121.1, 0.0, 0.0
20210329094249.02, 121.1, 0.0, 0.0
20210329094250.14, 121.1, 0.0, 0.0
20210329094251.23, 121.1, 0.0, 0.0
20210329094252.34, 121.1, 0.0, 0.0
20210329094253.46, 121.1, 0.0, 0.0
20210329094254.57, 121.1, 0.0, 0.0
20210329094255.7, 121.1, 0.0, 0.0
20210329094256.84, 121.2, 0.0, 0.0
20210329094257.91, 121.2, 0.0, 0.0
20210329094259.02, 121.3, 0.0, 0.0
20210329094300.09, 121.3, 0.0, 0.0
20210329094301.13, 121.2, 0.0, 0.0
20210329094302.25, 121.2, 0.0, 0.0
20210329094303.29, 121.3, 0.0, 0.0
20210329094304.41, 121.3, 0.0, 0.0
20210329094305.51, 121.3, 0.0, 0.0
20210329094306.6, 121.3, 0.0, 0.0
20210329094307.67, 121.3, 0.0, 0.0
20210329094308.79, 121.3, 0.0, 0.0
20210329094309.88, 121.3, 0.0, 0.0
20210329094310.93, 121.3, 0.0, 0.0
20210329094312.05, 121.3, 0.0, 0.0
20210329094313.27, 121.2, 0.0, 0.0
20210329094314.33, 121.2, 0.0, 0.0
20210329094315.43, 121.2, 0.0, 0.0
20210329094316.52, 121.2, 0.0, 0.0
20210329094317.62, 121.3, 0.0, 0.0
20210329094318.74, 121.3, 0.0, 0.0
20210329094319.79, 121.2, 0.0, 0.0
20210329094320.9, 121.2, 0.0, 0.0
20210329094322.0, 121.2, 0.0, 0.0
20210329094323.1, 121.2, 0.0, 0.0
20210329094324.17, 121.2, 0.0, 0.0
20210329094325.21, 121.2, 0.0, 0.0
20210329094326.35, 121.2, 0.0, 0.0
20210329094327.46, 121.2, 0.0, 0.0
20210329094328.57, 121.1, 0.0, 0.0
20210329094329.66, 121.1, 0.0, 0.0
20210329094330.75, 121.1, 0.0, 0.0
20210329094331.85, 121.1, 0.0, 0.0
20210329094332.95, 121.1, 0.0, 0.0
20210329094334.0, 121.1, 0.0, 0.0
20210329094335.12, 121.1, 0.0, 0.0
20210329094336.23, 121.2, 0.0, 0.0
20210329094337.28, 121.2, 0.0, 0.0
20210329094338.34, 121.2, 0.0, 0.0
20210329094339.48, 121.2, 0.0, 0.0
20210329094340.57, 121.2, 0.0, 0.0
20210329094341.66, 121.2, 0.0, 0.0
20210329094342.71, 121.3, 0.0, 0.0
20210329094343.75, 121.3, 0.0, 0.0
20210329094344.84, 121.3, 0.0, 0.0
20210329094345.95, 121.3, 0.0, 0.0
20210329094347.04, 121.3, 0.0, 0.0
20210329094348.15, 121.3, 0.0, 0.0
20210329094349.27, 121.3, 0.0, 0.0
20210329094350.4, 121.3, 0.0, 0.0
20210329094351.53, 121.3, 0.0, 0.0
20210329094352.61, 121.3, 0.0, 0.0
20210329094353.67, 121.3, 0.0, 0.0
20210329094354.73, 121.3, 0.0, 0.0
20210329094355.84, 121.3, 0.0, 0.0
20210329094356.93, 121.2, 0.0, 0.0
20210329094358.0, 121.2, 0.0, 0.0
20210329094359.04, 121.2, 0.0, 0.0
20210329094400.14, 121.2, 0.0, 0.0
20210329094401.21, 121.1, 0.0, 0.0
20210329094402.29, 121.1, 0.0, 0.0
20210329094403.42, 121.1, 0.0, 0.0
20210329094404.53, 121.1, 0.0, 0.0
20210329094405.63, 121.0, 0.0, 0.0
20210329094406.7, 121.0, 0.0, 0.0
20210329094407.87, 121.1, 0.0, 0.0
20210329094408.95, 121.0, 0.0, 0.0
20210329094410.01, 121.0, 0.0, 0.0
20210329094411.07, 121.0, 0.0, 0.0
20210329094412.17, 121.0, 0.0, 0.0
20210329094413.24, 121.1, 0.0, 0.0
20210329094414.3, 121.1, 0.0, 0.0
20210329094415.39, 121.1, 0.0, 0.0
20210329094416.52, 121.1, 0.0, 0.0
20210329094417.62, 121.2, 0.0, 0.0
20210329094418.69, 121.2, 0.0, 0.0
20210329094419.72, 121.2, 0.0, 0.0
20210329094420.78, 121.2, 0.0, 0.0
20210329094421.9, 121.2, 0.0, 0.0
20210329094422.96, 121.2, 0.0, 0.0
20210329094424.02, 121.1, 0.0, 0.0
20210329094425.14, 121.1, 0.0, 0.0
20210329094426.2, 121.2, 0.0, 0.0
20210329094427.38, 121.1, 0.0, 0.0
20210329094428.43, 121.1, 0.0, 0.0
20210329094429.49, 121.2, 0.0, 0.0
20210329094430.56, 121.2, 0.0, 0.0
20210329094431.64, 121.2, 0.0, 0.0
20210329094432.7, 121.2, 0.0, 0.0
20210329094433.82, 121.2, 0.0, 0.0
20210329094434.92, 121.2, 0.0, 0.0
20210329094436.02, 121.2, 0.0, 0.0
20210329094437.13, 121.2, 0.0, 0.0
20210329094438.2, 121.1, 0.0, 0.0
20210329094439.24, 121.1, 0.0, 0.0
20210329094440.37, 121.2, 0.0, 0.0
20210329094441.42, 121.2, 0.0, 0.0
20210329094442.54, 121.2, 0.0, 0.0
20210329094443.61, 121.2, 0.0, 0.0
20210329094444.68, 121.2, 0.0, 0.0
20210329094445.73, 121.2, 0.0, 0.0
20210329094446.77, 121.1, 0.0, 0.0
20210329094447.87, 121.1, 0.0, 0.0
20210329094448.99, 121.1, 0.0, 0.0
20210329094450.07, 121.1, 0.0, 0.0
20210329094451.14, 121.1, 0.0, 0.0
20210329094452.23, 121.1, 0.0, 0.0
20210329094453.3, 121.1, 0.0, 0.0
20210329094454.38, 121.1, 0.0, 0.0
20210329094455.42, 121.1, 0.0, 0.0
20210329094456.46, 121.1, 0.0, 0.0
20210329094457.52, 121.1, 0.0, 0.0
20210329094458.59, 121.1, 0.0, 0.0
20210329094459.64, 121.1, 0.0, 0.0
20210329094500.72, 121.1, 0.0, 0.0
20210329094501.77, 121.1, 0.0, 0.0
20210329094502.8, 121.1, 0.0, 0.0
20210329094503.87, 121.1, 0.0, 0.0
20210329094504.95, 121.2, 0.0, 0.0
20210329094505.99, 121.2, 0.0, 0.0
20210329094507.07, 121.2, 0.0, 0.0
20210329094508.16, 121.2, 0.0, 0.0
20210329094509.2, 121.2, 0.0, 0.0
20210329094510.29, 121.2, 0.0, 0.0
20210329094511.33, 121.2, 0.0, 0.0
20210329094512.46, 121.2, 0.0, 0.0
20210329094513.54, 121.2, 0.0, 0.0
20210329094514.65, 121.2, 0.0, 0.0
20210329094515.71, 121.2, 0.0, 0.0
20210329094516.75, 121.1, 0.0, 0.0
20210329094517.84, 121.1, 0.0, 0.0
20210329094518.91, 121.1, 0.0, 0.0
20210329094520.01, 121.1, 0.0, 0.0
20210329094521.05, 121.1, 0.0, 0.0
20210329094522.14, 121.1, 0.0, 0.0
20210329094523.19, 121.2, 0.0, 0.0
20210329094524.29, 121.2, 0.0, 0.0
20210329094525.4, 121.1, 0.0, 0.0
20210329094526.5, 121.1, 0.0, 0.0
20210329094527.59, 121.1, 0.0, 0.0
20210329094528.66, 121.1, 0.0, 0.0
20210329094529.74, 121.1, 0.0, 0.0
20210329094530.8, 121.1, 0.0, 0.0
20210329094531.89, 121.1, 0.0, 0.0
20210329094533.0, 121.1, 0.0, 0.0
20210329094534.07, 121.1, 0.0, 0.0
20210329094535.16, 121.1, 0.0, 0.0
20210329094536.22, 121.1, 0.0, 0.0
20210329094537.26, 121.1, 0.0, 0.0
20210329094538.34, 121.1, 0.0, 0.0
20210329094539.42, 121.1, 0.0, 0.0
20210329094540.52, 121.1, 0.0, 0.0
20210329094541.61, 121.1, 0.0, 0.0
20210329094542.68, 121.1, 0.0, 0.0
20210329094543.74, 121.1, 0.0, 0.0
20210329094544.82, 121.1, 0.0, 0.0
20210329094545.89, 121.1, 0.0, 0.0
20210329094546.98, 121.1, 0.0, 0.0
20210329094548.05, 121.1, 0.0, 0.0
20210329094549.16, 121.1, 0.0, 0.0
20210329094550.21, 121.1, 0.0, 0.0
20210329094551.25, 121.1, 0.0, 0.0
20210329094552.34, 121.1, 0.0, 0.0
20210329094553.42, 121.1, 0.0, 0.0
20210329094554.5, 121.1, 0.0, 0.0
20210329094555.56, 121.1, 0.0, 0.0
20210329094556.64, 121.1, 0.0, 0.0
20210329094557.7, 121.1, 0.0, 0.0
20210329094558.76, 121.2, 0.0, 0.0
20210329094559.89, 121.1, 0.0, 0.0
20210329094600.95, 121.1, 0.0, 0.0
20210329094602.04, 121.1, 0.0, 0.0
20210329094603.16, 121.1, 0.0, 0.0
20210329094604.27, 121.1, 0.0, 0.0
20210329094605.39, 121.1, 0.0, 0.0
20210329094606.43, 121.0, 0.0, 0.0
20210329094607.52, 121.0, 0.0, 0.0
20210329094608.64, 121.0, 0.0, 0.0
20210329094609.71, 121.0, 0.0, 0.0
20210329094610.8, 121.0, 0.0, 0.0
20210329094611.9, 121.0, 0.0, 0.0
20210329094612.96, 121.0, 0.0, 0.0
20210329094614.02, 121.0, 0.0, 0.0
20210329094615.1, 121.1, 0.0, 0.0
20210329094616.18, 121.1, 0.0, 0.0
20210329094617.27, 121.1, 0.0, 0.0
20210329094618.33, 121.1, 0.0, 0.0
20210329094619.41, 121.1, 0.0, 0.0
20210329094620.52, 121.1, 0.0, 0.0
20210329094621.62, 121.1, 0.0, 0.0
20210329094622.68, 121.2, 0.0, 0.0
20210329094623.74, 121.2, 0.0, 0.0
20210329094624.79, 121.2, 0.0, 0.0
20210329094625.86, 121.2, 0.0, 0.0
20210329094626.96, 121.1, 0.0, 0.0
20210329094628.04, 121.1, 0.0, 0.0
20210329094629.14, 121.2, 0.0, 0.0
20210329094630.2, 121.2, 0.0, 0.0
20210329094631.28, 121.3, 0.0, 0.0
20210329094632.34, 121.3, 0.0, 0.0
20210329094633.46, 121.3, 0.0, 0.0
20210329094634.53, 121.3, 0.0, 0.0
20210329094635.63, 121.2, 0.0, 0.0
20210329094636.69, 121.2, 0.0, 0.0
20210329094637.8, 121.2, 0.0, 0.0
20210329094638.92, 121.2, 0.0, 0.0
20210329094640.02, 121.2, 0.0, 0.0
20210329094641.11, 121.2, 0.0, 0.0
20210329094642.19, 121.2, 0.0, 0.0
20210329094643.23, 121.2, 0.0, 0.0
20210329094644.34, 121.2, 0.0, 0.0
20210329094645.44, 121.2, 0.0, 0.0
20210329094646.56, 121.2, 0.0, 0.0
20210329094647.61, 121.1, 0.0, 0.0
20210329094648.69, 121.1, 0.0, 0.0
20210329094649.73, 121.2, 0.0, 0.0
20210329094650.85, 121.2, 0.0, 0.0
20210329094651.97, 121.2, 0.0, 0.0
20210329094653.09, 121.2, 0.0, 0.0
20210329094654.17, 121.2, 0.0, 0.0
20210329094655.39, 121.2, 0.0, 0.0
20210329094656.45, 121.2, 0.0, 0.0
20210329094657.54, 121.2, 0.0, 0.0
20210329094658.63, 121.2, 0.0, 0.0
20210329094659.68, 121.2, 0.0, 0.0
20210329094700.8, 121.2, 0.0, 0.0
20210329094701.86, 121.1, 0.0, 0.0
20210329094702.99, 121.1, 0.0, 0.0
20210329094704.1, 121.1, 0.0, 0.0
20210329094705.18, 121.1, 0.0, 0.0
20210329094706.24, 121.1, 0.0, 0.0
20210329094707.37, 121.1, 0.0, 0.0
20210329094708.43, 121.1, 0.0, 0.0
20210329094709.48, 121.1, 0.0, 0.0
20210329094710.61, 121.1, 0.0, 0.0
20210329094711.7, 121.1, 0.0, 0.0
20210329094712.81, 121.1, 0.0, 0.0
20210329094713.96, 121.1, 0.0, 0.0
20210329094715.04, 121.1, 0.0, 0.0
20210329094716.13, 121.1, 0.0, 0.0
20210329094717.2, 121.1, 0.0, 0.0
20210329094718.25, 121.1, 0.0, 0.0
20210329094719.31, 121.1, 0.0, 0.0
20210329094720.41, 121.1, 0.0, 0.0
20210329094721.45, 121.1, 0.0, 0.0
20210329094722.54, 121.1, 0.0, 0.0
20210329094723.63, 121.1, 0.0, 0.0
20210329094724.68, 121.1, 0.0, 0.0
20210329094725.74, 121.1, 0.0, 0.0
20210329094726.84, 121.1, 0.0, 0.0
20210329094727.91, 121.1, 0.0, 0.0
20210329094729.02, 121.1, 0.0, 0.0
20210329094730.13, 121.1, 0.0, 0.0
20210329094731.2, 121.2, 0.0, 0.0
20210329094732.29, 121.2, 0.0, 0.0
20210329094733.38, 121.2, 0.0, 0.0
20210329094734.56, 121.2, 0.0, 0.0
20210329094735.63, 121.2, 0.0, 0.0
20210329094736.7, 121.2, 0.0, 0.0
20210329094737.82, 121.2, 0.0, 0.0
20210329094738.92, 121.1, 0.0, 0.0
20210329094740.02, 121.1, 0.0, 0.0
20210329094741.12, 121.2, 0.0, 0.0
20210329094742.2, 121.2, 0.0, 0.0
20210329094743.23, 121.1, 0.0, 0.0
20210329094744.28, 121.1, 0.0, 0.0
20210329094745.32, 121.1, 0.0, 0.0
20210329094746.38, 121.1, 0.0, 0.0
20210329094747.5, 121.2, 0.0, 0.0
20210329094748.62, 121.2, 0.0, 0.0
20210329094749.69, 121.1, 0.0, 0.0
20210329094750.74, 121.1, 0.0, 0.0
20210329094751.83, 121.1, 0.0, 0.0
20210329094752.9, 121.1, 0.0, 0.0
20210329094754.09, 121.1, 0.0, 0.0
20210329094755.18, 121.1, 0.0, 0.0
20210329094756.29, 121.1, 0.0, 0.0
20210329094757.36, 121.1, 0.0, 0.0
20210329094758.46, 121.1, 0.0, 0.0
20210329094759.5, 121.1, 0.0, 0.0
20210329094800.59, 121.1, 0.0, 0.0
20210329094801.66, 121.1, 0.0, 0.0
20210329094802.72, 121.1, 0.0, 0.0
20210329094803.82, 121.1, 0.0, 0.0
20210329094804.95, 121.1, 0.0, 0.0
20210329094805.99, 121.1, 0.0, 0.0
20210329094807.11, 121.1, 0.0, 0.0
20210329094808.18, 121.1, 0.0, 0.0
20210329094809.24, 121.1, 0.0, 0.0
20210329094810.34, 121.2, 0.0, 0.0
20210329094811.39, 121.2, 0.0, 0.0
20210329094812.5, 121.2, 0.0, 0.0
20210329094813.62, 121.2, 0.0, 0.0
20210329094814.69, 121.2, 0.0, 0.0
20210329094815.75, 121.2, 0.0, 0.0
20210329094816.83, 121.2, 0.0, 0.0
20210329094817.88, 121.3, 0.0, 0.0
20210329094818.96, 121.3, 0.0, 0.0
20210329094820.07, 121.2, 0.0, 0.0
20210329094821.17, 121.2, 0.0, 0.0
20210329094822.25, 121.3, 0.0, 0.0
20210329094823.32, 121.3, 0.0, 0.0
20210329094824.42, 121.2, 0.0, 0.0
20210329094825.53, 121.2, 0.0, 0.0
20210329094826.57, 121.2, 0.0, 0.0
20210329094827.67, 121.2, 0.0, 0.0
20210329094828.73, 121.2, 0.0, 0.0
20210329094829.84, 121.2, 0.0, 0.0
20210329094830.91, 121.2, 0.0, 0.0
20210329094832.02, 121.2, 0.0, 0.0
20210329094833.16, 121.2, 0.0, 0.0
20210329094834.21, 121.2, 0.0, 0.0
20210329094835.27, 121.2, 0.0, 0.0
20210329094836.38, 121.2, 0.0, 0.0
20210329094837.44, 121.2, 0.0, 0.0
20210329094838.55, 121.2, 0.0, 0.0
20210329094839.65, 121.2, 0.0, 0.0
20210329094840.71, 121.2, 0.0, 0.0
20210329094841.8, 121.2, 0.0, 0.0
20210329094842.92, 121.2, 0.0, 0.0
20210329094844.01, 121.2, 0.0, 0.0
20210329094845.05, 121.2, 0.0, 0.0
20210329094846.14, 121.2, 0.0, 0.0
20210329094847.18, 121.2, 0.0, 0.0
20210329094848.24, 121.2, 0.0, 0.0
20210329094849.28, 121.2, 0.0, 0.0
20210329094850.39, 121.2, 0.0, 0.0
20210329094851.43, 121.1, 0.0, 0.0
20210329094852.53, 121.1, 0.0, 0.0
20210329094853.62, 121.2, 0.0, 0.0
20210329094854.7, 121.2, 0.0, 0.0
20210329094855.8, 121.2, 0.0, 0.0
20210329094856.92, 121.2, 0.0, 0.0
20210329094858.04, 121.2, 0.0, 0.0
20210329094859.11, 121.2, 0.0, 0.0
20210329094900.18, 121.2, 0.0, 0.0
20210329094901.26, 121.3, 0.0, 0.0
20210329094902.36, 121.3, 0.0, 0.0
20210329094903.48, 121.2, 0.0, 0.0
20210329094904.56, 121.2, 0.0, 0.0
20210329094905.62, 121.2, 0.0, 0.0
20210329094906.67, 121.2, 0.0, 0.0
20210329094907.71, 121.2, 0.0, 0.0
20210329094908.76, 121.2, 0.0, 0.0
20210329094909.8, 121.2, 0.0, 0.0
20210329094910.86, 121.2, 0.0, 0.0
20210329094911.9, 121.1, 0.0, 0.0
20210329094912.95, 121.1, 0.0, 0.0
20210329094913.99, 121.1, 0.0, 0.0
20210329094915.04, 121.1, 0.0, 0.0
20210329094916.09, 121.1, 0.0, 0.0
20210329094917.13, 121.1, 0.0, 0.0
20210329094918.18, 121.1, 0.0, 0.0
20210329094919.22, 121.1, 0.0, 0.0
20210329094920.26, 121.2, 0.0, 0.0
20210329094921.31, 121.2, 0.0, 0.0
20210329094922.35, 121.2, 0.0, 0.0
20210329094923.46, 121.2, 0.0, 0.0
20210329094924.5, 121.2, 0.0, 0.0
20210329094925.54, 121.1, 0.0, 0.0
20210329094926.59, 121.1, 0.0, 0.0
20210329094927.63, 121.1, 0.0, 0.0
20210329094928.68, 121.1, 0.0, 0.0
20210329094929.72, 121.2, 0.0, 0.0
20210329094930.77, 121.2, 0.0, 0.0
20210329094931.8, 121.2, 0.0, 0.0
20210329094932.86, 121.2, 0.0, 0.0
20210329094933.9, 121.1, 0.0, 0.0
20210329094934.95, 121.1, 0.0, 0.0
20210329094935.99, 121.1, 0.0, 0.0
20210329094937.04, 121.1, 0.0, 0.0
20210329094938.07, 121.2, 0.0, 0.0
20210329094939.12, 121.2, 0.0, 0.0
20210329094940.16, 121.2, 0.0, 0.0
20210329094941.22, 121.2, 0.0, 0.0
20210329094942.26, 121.2, 0.0, 0.0
20210329094943.31, 121.2, 0.0, 0.0
20210329094944.36, 121.2, 0.0, 0.0
20210329094945.4, 121.2, 0.0, 0.0
20210329094946.45, 121.2, 0.0, 0.0
20210329094947.49, 121.2, 0.0, 0.0
20210329094948.54, 121.1, 0.0, 0.0
20210329094949.58, 121.1, 0.0, 0.0
20210329094950.62, 121.1, 0.0, 0.0
20210329094951.67, 121.1, 0.0, 0.0
20210329094952.71, 121.1, 0.0, 0.0
20210329094953.76, 121.1, 0.0, 0.0
20210329094954.8, 121.1, 0.0, 0.0
20210329094955.85, 121.1, 0.0, 0.0
20210329094956.89, 121.1, 0.0, 0.0
20210329094957.94, 121.1, 0.0, 0.0
20210329094958.98, 121.2, 0.0, 0.0
20210329095000.03, 121.2, 0.0, 0.0
20210329095001.07, 121.2, 0.0, 0.0
20210329095002.12, 121.2, 0.0, 0.0
20210329095003.16, 121.2, 0.0, 0.0
20210329095004.21, 121.2, 0.0, 0.0
20210329095005.28, 121.3, 0.0, 0.0
20210329095006.32, 121.3, 0.0, 0.0
20210329095007.42, 121.2, 0.0, 0.0
20210329095008.48, 121.2, 0.0, 0.0
20210329095009.64, 121.2, 0.0, 0.0
20210329095010.71, 121.2, 0.0, 0.0
20210329095011.77, 121.2, 0.0, 0.0
20210329095012.9, 121.2, 0.0, 0.0
20210329095013.96, 121.2, 0.0, 0.0
20210329095015.05, 121.3, 0.0, 0.0
20210329095016.16, 121.3, 0.0, 0.0
20210329095017.27, 121.3, 0.0, 0.0
20210329095018.32, 121.3, 0.0, 0.0
20210329095019.45, 121.3, 0.0, 0.0
20210329095020.55, 121.3, 0.0, 0.0
20210329095021.63, 121.3, 0.0, 0.0
20210329095022.69, 121.3, 0.0, 0.0
20210329095023.81, 121.3, 0.0, 0.0
20210329095024.91, 121.3, 0.0, 0.0
20210329095025.96, 121.2, 0.0, 0.0
20210329095027.06, 121.2, 0.0, 0.0
20210329095028.15, 121.2, 0.0, 0.0
20210329095029.2, 121.3, 0.0, 0.0
20210329095030.29, 121.3, 0.0, 0.0
20210329095031.33, 121.3, 0.0, 0.0
20210329095032.43, 121.3, 0.0, 0.0
20210329095033.52, 121.2, 0.0, 0.0
20210329095034.64, 121.2, 0.0, 0.0
20210329095035.73, 121.2, 0.0, 0.0
20210329095036.83, 121.2, 0.0, 0.0
20210329095037.94, 121.2, 0.0, 0.0
20210329095039.06, 121.2, 0.0, 0.0
20210329095040.16, 121.2, 0.0, 0.0
20210329095041.22, 121.2, 0.0, 0.0
20210329095042.27, 121.3, 0.0, 0.0
20210329095043.32, 121.3, 0.0, 0.0
20210329095044.39, 121.2, 0.0, 0.0
20210329095045.5, 121.2, 0.0, 0.0
20210329095046.61, 121.2, 0.0, 0.0
20210329095047.68, 121.3, 0.0, 0.0
20210329095048.79, 121.3, 0.0, 0.0
20210329095049.92, 121.3, 0.0, 0.0
20210329095051.01, 121.3, 0.0, 0.0
20210329095052.12, 121.2, 0.0, 0.0
20210329095053.18, 121.2, 0.0, 0.0
20210329095054.23, 121.2, 0.0, 0.0
20210329095055.31, 121.2, 0.0, 0.0
20210329095056.41, 121.2, 0.0, 0.0
20210329095057.5, 121.2, 0.0, 0.0
20210329095058.56, 121.2, 0.0, 0.0
20210329095059.66, 121.2, 0.0, 0.0
20210329095100.71, 121.2, 0.0, 0.0
20210329095101.75, 121.2, 0.0, 0.0
20210329095102.82, 121.2, 0.0, 0.0
20210329095104.08, 121.2, 0.0, 0.0
20210329095105.15, 121.2, 0.0, 0.0
20210329095106.21, 121.2, 0.0, 0.0
20210329095107.25, 121.2, 0.0, 0.0
20210329095108.3, 121.2, 0.0, 0.0
20210329095109.37, 121.2, 0.0, 0.0
20210329095110.45, 121.2, 0.0, 0.0
20210329095111.54, 121.2, 0.0, 0.0
20210329095112.64, 121.2, 0.0, 0.0
20210329095113.69, 121.2, 0.0, 0.0
20210329095114.72, 121.3, 0.0, 0.0
20210329095115.83, 121.3, 0.0, 0.0
20210329095116.87, 121.3, 0.0, 0.0
20210329095117.95, 121.3, 0.0, 0.0
20210329095119.07, 121.3, 0.0, 0.0
20210329095120.16, 121.3, 0.0, 0.0
20210329095121.21, 121.2, 0.0, 0.0
20210329095122.26, 121.2, 0.0, 0.0
20210329095123.32, 121.3, 0.0, 0.0
20210329095124.36, 121.3, 0.0, 0.0
20210329095125.42, 121.2, 0.0, 0.0
20210329095126.46, 121.2, 0.0, 0.0
20210329095127.57, 121.3, 0.0, 0.0
20210329095128.72, 121.3, 0.0, 0.0
20210329095129.79, 121.3, 0.0, 0.0
20210329095130.91, 121.3, 0.0, 0.0
20210329095132.03, 121.3, 0.0, 0.0
20210329095133.12, 121.3, 0.0, 0.0
20210329095134.2, 121.3, 0.0, 0.0
20210329095135.28, 121.3, 0.0, 0.0
20210329095136.38, 121.3, 0.0, 0.0
20210329095137.48, 121.3, 0.0, 0.0
20210329095138.54, 121.3, 0.0, 0.0
20210329095139.6, 121.3, 0.0, 0.0
20210329095140.65, 121.3, 0.0, 0.0
20210329095141.71, 121.3, 0.0, 0.0
20210329095142.82, 121.3, 0.0, 0.0
20210329095143.87, 121.3, 0.0, 0.0
20210329095144.97, 121.3, 0.0, 0.0
20210329095146.06, 121.2, 0.0, 0.0
20210329095147.14, 121.2, 0.0, 0.0
20210329095148.28, 121.3, 0.0, 0.0
20210329095149.37, 121.2, 0.0, 0.0
20210329095150.46, 121.2, 0.0, 0.0
20210329095151.5, 121.2, 0.0, 0.0
20210329095152.59, 121.2, 0.0, 0.0
20210329095153.66, 121.2, 0.0, 0.0
20210329095154.77, 121.2, 0.0, 0.0
20210329095155.88, 121.2, 0.0, 0.0
20210329095156.99, 121.2, 0.0, 0.0
20210329095158.03, 121.2, 0.0, 0.0
20210329095159.14, 121.2, 0.0, 0.0
20210329095200.21, 121.3, 0.0, 0.0
20210329095201.25, 121.3, 0.0, 0.0
20210329095202.32, 121.2, 0.0, 0.0
20210329095203.42, 121.2, 0.0, 0.0
20210329095204.5, 121.2, 0.0, 0.0
20210329095205.55, 121.2, 0.0, 0.0
20210329095206.65, 121.2, 0.0, 0.0
20210329095207.79, 121.3, 0.0, 0.0
20210329095208.86, 121.3, 0.0, 0.0
20210329095209.96, 121.3, 0.0, 0.0
20210329095211.08, 121.3, 0.0, 0.0
20210329095212.16, 121.4, 0.0, 0.0
20210329095213.23, 121.4, 0.0, 0.0
20210329095214.28, 121.4, 0.0, 0.0
20210329095215.39, 121.4, 0.0, 0.0
20210329095216.43, 121.4, 0.0, 0.0
20210329095217.5, 121.4, 0.0, 0.0
20210329095218.54, 121.4, 0.0, 0.0
20210329095219.64, 121.4, 0.0, 0.0
20210329095220.7, 121.3, 0.0, 0.0
20210329095221.81, 121.3, 0.0, 0.0
20210329095222.88, 121.3, 0.0, 0.0
20210329095223.97, 121.3, 0.0, 0.0
20210329095225.09, 121.3, 0.0, 0.0
20210329095226.17, 121.3, 0.0, 0.0
20210329095227.32, 121.3, 0.0, 0.0
20210329095228.42, 121.3, 0.0, 0.0
20210329095229.48, 121.3, 0.0, 0.0
20210329095230.59, 121.3, 0.0, 0.0
20210329095231.67, 121.3, 0.0, 0.0
20210329095232.71, 121.3, 0.0, 0.0
20210329095233.76, 121.3, 0.0, 0.0
20210329095234.84, 121.2, 0.0, 0.0
20210329095235.98, 121.2, 0.0, 0.0
20210329095237.05, 121.2, 0.0, 0.0
20210329095238.12, 121.2, 0.0, 0.0
20210329095239.19, 121.2, 0.0, 0.0
20210329095240.28, 121.2, 0.0, 0.0
20210329095241.34, 121.3, 0.0, 0.0
20210329095242.38, 121.3, 0.0, 0.0
20210329095243.43, 121.3, 0.0, 0.0
20210329095244.5, 121.3, 0.0, 0.0
20210329095245.58, 121.3, 0.0, 0.0
20210329095246.67, 121.3, 0.0, 0.0
20210329095247.77, 121.3, 0.0, 0.0
20210329095248.91, 121.4, 0.0, 0.0
20210329095250.02, 121.4, 0.0, 0.0
20210329095251.13, 121.4, 0.0, 0.0
20210329095252.21, 121.4, 0.0, 0.0
20210329095253.29, 121.4, 0.0, 0.0
20210329095254.36, 121.4, 0.0, 0.0
20210329095255.43, 121.4, 0.0, 0.0
20210329095256.55, 121.4, 0.0, 0.0
20210329095257.61, 121.4, 0.0, 0.0
20210329095258.66, 121.4, 0.0, 0.0
20210329095259.73, 121.3, 0.0, 0.0
20210329095300.82, 121.3, 0.0, 0.0
20210329095301.91, 121.3, 0.0, 0.0
20210329095303.02, 121.3, 0.0, 0.0
20210329095304.1, 121.4, 0.0, 0.0
20210329095305.19, 121.4, 0.0, 0.0
20210329095306.28, 121.3, 0.0, 0.0
20210329095307.32, 121.3, 0.0, 0.0
20210329095308.38, 121.2, 0.0, 0.0
20210329095309.5, 121.3, 0.0, 0.0
20210329095310.59, 121.3, 0.0, 0.0
20210329095311.67, 121.3, 0.0, 0.0
20210329095312.72, 121.3, 0.0, 0.0
20210329095313.79, 121.3, 0.0, 0.0
20210329095314.9, 121.3, 0.0, 0.0
20210329095315.99, 121.3, 0.0, 0.0
20210329095317.05, 121.3, 0.0, 0.0
20210329095318.13, 121.4, 0.0, 0.0
20210329095319.19, 121.4, 0.0, 0.0
20210329095320.24, 121.3, 0.0, 0.0
20210329095321.32, 121.3, 0.0, 0.0
20210329095322.43, 121.3, 0.0, 0.0
20210329095323.5, 121.3, 0.0, 0.0
20210329095324.62, 121.3, 0.0, 0.0
20210329095325.67, 121.3, 0.0, 0.0
20210329095326.8, 121.4, 0.0, 0.0
20210329095328.05, 121.4, 0.0, 0.0
20210329095329.12, 121.4, 0.0, 0.0
20210329095330.18, 121.4, 0.0, 0.0
20210329095331.22, 121.4, 0.0, 0.0
20210329095332.28, 121.4, 0.0, 0.0
20210329095333.37, 121.4, 0.0, 0.0
20210329095334.44, 121.3, 0.0, 0.0
20210329095335.55, 121.3, 0.0, 0.0
20210329095336.65, 121.3, 0.0, 0.0
20210329095337.72, 121.3, 0.0, 0.0
20210329095338.77, 121.3, 0.0, 0.0
20210329095339.88, 121.3, 0.0, 0.0
20210329095340.98, 121.3, 0.0, 0.0
20210329095342.09, 121.3, 0.0, 0.0
20210329095343.17, 121.3, 0.0, 0.0
20210329095344.23, 121.3, 0.0, 0.0
20210329095345.28, 121.3, 0.0, 0.0
20210329095346.38, 121.3, 0.0, 0.0
20210329095347.46, 121.3, 0.0, 0.0
20210329095348.55, 121.2, 0.0, 0.0
20210329095349.64, 121.2, 0.0, 0.0
20210329095350.68, 121.3, 0.0, 0.0
20210329095351.75, 121.3, 0.0, 0.0
20210329095352.82, 121.2, 0.0, 0.0
20210329095353.93, 121.2, 0.0, 0.0
20210329095355.04, 121.3, 0.0, 0.0
20210329095356.12, 121.3, 0.0, 0.0
20210329095357.19, 121.3, 0.0, 0.0
20210329095358.27, 121.3, 0.0, 0.0
20210329095359.32, 121.2, 0.0, 0.0
20210329095400.36, 121.2, 0.0, 0.0
20210329095401.42, 121.2, 0.0, 0.0
20210329095402.54, 121.2, 0.0, 0.0
20210329095403.62, 121.2, 0.0, 0.0
20210329095404.68, 121.2, 0.0, 0.0
20210329095405.73, 121.2, 0.0, 0.0
20210329095406.84, 121.2, 0.0, 0.0
20210329095407.96, 121.2, 0.0, 0.0
20210329095409.18, 121.3, 0.0, 0.0
20210329095410.23, 121.3, 0.0, 0.0
20210329095411.27, 121.3, 0.0, 0.0
20210329095412.33, 121.3, 0.0, 0.0
20210329095413.38, 121.3, 0.0, 0.0
20210329095414.46, 121.3, 0.0, 0.0
20210329095415.54, 121.3, 0.0, 0.0
20210329095416.62, 121.3, 0.0, 0.0
20210329095417.68, 121.4, 0.0, 0.0
20210329095418.8, 121.4, 0.0, 0.0
20210329095419.91, 121.4, 0.0, 0.0
20210329095420.96, 121.4, 0.0, 0.0
20210329095422.07, 121.4, 0.0, 0.0
20210329095423.16, 121.4, 0.0, 0.0
20210329095424.21, 121.3, 0.0, 0.0
20210329095425.29, 121.3, 0.0, 0.0
20210329095426.33, 121.4, 0.0, 0.0
20210329095427.44, 121.4, 0.0, 0.0
20210329095428.52, 121.4, 0.0, 0.0
20210329095429.61, 121.4, 0.0, 0.0
20210329095430.67, 121.4, 0.0, 0.0
20210329095431.81, 121.3, 0.0, 0.0
20210329095432.89, 121.3, 0.0, 0.0
20210329095433.94, 121.4, 0.0, 0.0
20210329095434.98, 121.4, 0.0, 0.0
20210329095436.03, 121.4, 0.0, 0.0
20210329095437.07, 121.4, 0.0, 0.0
20210329095438.11, 121.3, 0.0, 0.0
20210329095439.18, 121.3, 0.0, 0.0
20210329095440.22, 121.2, 0.0, 0.0
20210329095441.31, 121.2, 0.0, 0.0
20210329095442.43, 121.3, 0.0, 0.0
20210329095443.48, 121.3, 0.0, 0.0
20210329095444.59, 121.3, 0.0, 0.0
20210329095445.65, 121.3, 0.0, 0.0
20210329095446.7, 121.3, 0.0, 0.0
20210329095447.75, 121.3, 0.0, 0.0
20210329095448.79, 121.3, 0.0, 0.0
20210329095449.9, 121.3, 0.0, 0.0
20210329095451.0, 121.2, 0.0, 0.0
20210329095452.11, 121.2, 0.0, 0.0
20210329095453.17, 121.3, 0.0, 0.0
20210329095454.23, 121.3, 0.0, 0.0
20210329095455.31, 121.2, 0.0, 0.0
20210329095456.41, 121.2, 0.0, 0.0
20210329095457.54, 121.2, 0.0, 0.0
20210329095458.62, 121.1, 0.0, 0.0
20210329095459.7, 121.1, 0.0, 0.0
20210329095500.82, 121.2, 0.0, 0.0
20210329095501.93, 121.2, 0.0, 0.0
20210329095503.04, 121.2, 0.0, 0.0
20210329095504.14, 121.2, 0.0, 0.0
20210329095505.19, 121.2, 0.0, 0.0
20210329095506.3, 121.2, 0.0, 0.0
20210329095507.38, 121.2, 0.0, 0.0
20210329095508.47, 121.2, 0.0, 0.0
20210329095509.57, 121.2, 0.0, 0.0
20210329095510.64, 121.2, 0.0, 0.0
20210329095511.7, 121.2, 0.0, 0.0
20210329095512.9, 121.2, 0.0, 0.0
20210329095513.94, 121.2, 0.0, 0.0
20210329095515.05, 121.2, 0.0, 0.0
20210329095516.14, 121.2, 0.0, 0.0
20210329095517.19, 121.2, 0.0, 0.0
20210329095518.23, 121.2, 0.0, 0.0
20210329095519.3, 121.2, 0.0, 0.0
20210329095520.45, 121.2, 0.0, 0.0
20210329095521.52, 121.2, 0.0, 0.0
20210329095522.64, 121.2, 0.0, 0.0
20210329095523.7, 121.2, 0.0, 0.0
20210329095524.76, 121.2, 0.0, 0.0
20210329095525.83, 121.3, 0.0, 0.0
20210329095526.93, 121.3, 0.0, 0.0
20210329095528.02, 121.3, 0.0, 0.0
20210329095529.11, 121.3, 0.0, 0.0
20210329095530.18, 121.3, 0.0, 0.0
20210329095531.25, 121.3, 0.0, 0.0
20210329095532.32, 121.3, 0.0, 0.0
20210329095533.43, 121.3, 0.0, 0.0
20210329095534.52, 121.3, 0.0, 0.0
20210329095535.62, 121.3, 0.0, 0.0
20210329095536.72, 121.3, 0.0, 0.0
20210329095537.77, 121.3, 0.0, 0.0
20210329095538.83, 121.3, 0.0, 0.0
20210329095539.91, 121.3, 0.0, 0.0
20210329095541.03, 121.3, 0.0, 0.0
20210329095542.14, 121.3, 0.0, 0.0
20210329095543.21, 121.3, 0.0, 0.0
20210329095544.27, 121.3, 0.0, 0.0
20210329095545.36, 121.3, 0.0, 0.0
20210329095546.46, 121.2, 0.0, 0.0
20210329095547.55, 121.2, 0.0, 0.0
20210329095548.65, 121.3, 0.0, 0.0
20210329095549.7, 121.3, 0.0, 0.0
20210329095550.76, 121.2, 0.0, 0.0
20210329095551.87, 121.2, 0.0, 0.0
20210329095553.04, 121.2, 0.0, 0.0
20210329095554.16, 121.2, 0.0, 0.0
20210329095555.21, 121.2, 0.0, 0.0
20210329095556.31, 121.3, 0.0, 0.0
20210329095557.4, 121.3, 0.0, 0.0
20210329095558.51, 121.2, 0.0, 0.0
20210329095559.56, 121.2, 0.0, 0.0
20210329095600.64, 121.2, 0.0, 0.0
20210329095601.69, 121.2, 0.0, 0.0
20210329095602.78, 121.2, 0.0, 0.0
20210329095603.82, 121.2, 0.0, 0.0
20210329095604.91, 121.2, 0.0, 0.0
20210329095606.0, 121.2, 0.0, 0.0
20210329095607.08, 121.2, 0.0, 0.0
20210329095608.17, 121.2, 0.0, 0.0
20210329095609.23, 121.3, 0.0, 0.0
20210329095610.27, 121.3, 0.0, 0.0
20210329095611.34, 121.3, 0.0, 0.0
20210329095612.4, 121.3, 0.0, 0.0
20210329095613.45, 121.3, 0.0, 0.0
20210329095614.54, 121.3, 0.0, 0.0
20210329095615.67, 121.3, 0.0, 0.0
20210329095616.71, 121.3, 0.0, 0.0
20210329095617.81, 121.3, 0.0, 0.0
20210329095618.93, 121.3, 0.0, 0.0
20210329095620.06, 121.3, 0.0, 0.0
20210329095621.14, 121.3, 0.0, 0.0
20210329095622.24, 121.3, 0.0, 0.0
20210329095623.34, 121.2, 0.0, 0.0
20210329095624.41, 121.2, 0.0, 0.0
20210329095625.52, 121.2, 0.0, 0.0
20210329095626.64, 121.2, 0.0, 0.0
20210329095627.69, 121.2, 0.0, 0.0
20210329095628.76, 121.2, 0.0, 0.0
20210329095629.83, 121.2, 0.0, 0.0
20210329095630.94, 121.2, 0.0, 0.0
20210329095631.98, 121.2, 0.0, 0.0
20210329095633.07, 121.2, 0.0, 0.0
20210329095634.17, 121.2, 0.0, 0.0
20210329095635.22, 121.2, 0.0, 0.0
20210329095636.28, 121.2, 0.0, 0.0
20210329095637.34, 121.4, 0.0, 0.0
20210329095638.41, 121.4, 0.0, 0.0
20210329095639.49, 121.3, 0.0, 0.0
20210329095640.55, 121.3, 0.0, 0.0
20210329095641.64, 121.3, 0.0, 0.0
20210329095642.71, 121.3, 0.0, 0.0
20210329095643.79, 121.3, 0.0, 0.0
20210329095644.89, 121.3, 0.0, 0.0
20210329095645.98, 121.3, 0.0, 0.0
20210329095647.08, 121.3, 0.0, 0.0
20210329095648.16, 121.3, 0.0, 0.0
20210329095649.25, 121.3, 0.0, 0.0
20210329095650.37, 121.3, 0.0, 0.0
20210329095651.42, 121.3, 0.0, 0.0
20210329095652.54, 121.3, 0.0, 0.0
20210329095653.66, 121.3, 0.0, 0.0
20210329095654.74, 121.3, 0.0, 0.0
20210329095655.78, 121.3, 0.0, 0.0
20210329095656.85, 121.3, 0.0, 0.0
20210329095657.89, 121.2, 0.0, 0.0
20210329095659.0, 121.2, 0.0, 0.0
20210329095700.11, 121.3, 0.0, 0.0
20210329095701.23, 121.3, 0.0, 0.0
20210329095702.27, 121.3, 0.0, 0.0
20210329095703.33, 121.3, 0.0, 0.0
20210329095704.43, 121.2, 0.0, 0.0
20210329095705.55, 121.2, 0.0, 0.0
20210329095706.62, 121.2, 0.0, 0.0
20210329095707.69, 121.2, 0.0, 0.0
20210329095708.8, 121.2, 0.0, 0.0
20210329095709.93, 121.2, 0.0, 0.0
20210329095711.03, 121.3, 0.0, 0.0
20210329095712.21, 121.3, 0.0, 0.0
20210329095713.26, 121.3, 0.0, 0.0
20210329095714.3, 121.3, 0.0, 0.0
20210329095715.39, 121.3, 0.0, 0.0
20210329095716.43, 121.2, 0.0, 0.0
20210329095717.54, 121.2, 0.0, 0.0
20210329095718.6, 121.2, 0.0, 0.0
20210329095719.69, 121.2, 0.0, 0.0
20210329095720.74, 121.3, 0.0, 0.0
20210329095721.8, 121.3, 0.0, 0.0
20210329095722.9, 121.2, 0.0, 0.0
20210329095724.0, 121.2, 0.0, 0.0
20210329095725.12, 121.3, 0.0, 0.0
20210329095726.2, 121.3, 0.0, 0.0
20210329095727.25, 121.2, 0.0, 0.0
20210329095728.36, 121.2, 0.0, 0.0
20210329095729.45, 121.3, 0.0, 0.0
20210329095730.56, 121.3, 0.0, 0.0
20210329095731.65, 121.4, 0.0, 0.0
20210329095732.74, 121.4, 0.0, 0.0
20210329095733.82, 121.4, 0.0, 0.0
20210329095734.93, 121.3, 0.0, 0.0
20210329095736.07, 121.3, 0.0, 0.0
20210329095737.16, 121.3, 0.0, 0.0
20210329095738.23, 121.3, 0.0, 0.0
20210329095739.29, 121.3, 0.0, 0.0
20210329095740.38, 121.3, 0.0, 0.0
20210329095741.46, 121.3, 0.0, 0.0
20210329095742.51, 121.3, 0.0, 0.0
20210329095743.62, 121.2, 0.0, 0.0
20210329095744.68, 121.2, 0.0, 0.0
20210329095745.8, 121.2, 0.0, 0.0
20210329095746.85, 121.2, 0.0, 0.0
20210329095747.94, 121.2, 0.0, 0.0
20210329095749.18, 121.2, 0.0, 0.0
20210329095750.22, 121.2, 0.0, 0.0
20210329095751.26, 121.2, 0.0, 0.0
20210329095752.34, 121.2, 0.0, 0.0
20210329095753.45, 121.2, 0.0, 0.0
20210329095754.57, 121.2, 0.0, 0.0
20210329095755.65, 121.2, 0.0, 0.0
20210329095756.73, 121.2, 0.0, 0.0
20210329095757.78, 121.2, 0.0, 0.0
20210329095758.9, 121.2, 0.0, 0.0
20210329095800.01, 121.2, 0.0, 0.0
20210329095801.09, 121.2, 0.0, 0.0
20210329095802.17, 121.2, 0.0, 0.0
20210329095803.23, 121.2, 0.0, 0.0
20210329095804.3, 121.2, 0.0, 0.0
20210329095805.41, 121.2, 0.0, 0.0
20210329095806.47, 121.2, 0.0, 0.0
20210329095807.65, 121.2, 0.0, 0.0
20210329095808.71, 121.2, 0.0, 0.0
20210329095809.79, 121.2, 0.0, 0.0
20210329095810.85, 121.2, 0.0, 0.0
20210329095811.91, 121.2, 0.0, 0.0
20210329095813.03, 121.2, 0.0, 0.0
20210329095814.15, 121.2, 0.0, 0.0
20210329095815.21, 121.2, 0.0, 0.0
20210329095816.31, 121.2, 0.0, 0.0
20210329095817.37, 121.2, 0.0, 0.0
20210329095818.44, 121.2, 0.0, 0.0
20210329095819.51, 121.2, 0.0, 0.0
20210329095820.62, 121.3, 0.0, 0.0
20210329095821.69, 121.3, 0.0, 0.0
20210329095822.75, 121.2, 0.0, 0.0
20210329095823.84, 121.2, 0.0, 0.0
20210329095824.93, 121.3, 0.0, 0.0
20210329095826.03, 121.3, 0.0, 0.0
20210329095827.17, 121.2, 0.0, 0.0
20210329095828.26, 121.2, 0.0, 0.0
20210329095829.3, 121.2, 0.0, 0.0
20210329095830.38, 121.3, 0.0, 0.0
20210329095831.43, 121.3, 0.0, 0.0
20210329095832.54, 121.3, 0.0, 0.0
20210329095833.65, 121.3, 0.0, 0.0
20210329095834.7, 121.2, 0.0, 0.0
20210329095835.79, 121.2, 0.0, 0.0
20210329095836.9, 121.2, 0.0, 0.0
20210329095838.02, 121.2, 0.0, 0.0
20210329095839.13, 121.2, 0.0, 0.0
20210329095840.22, 121.2, 0.0, 0.0
20210329095841.27, 121.3, 0.0, 0.0
20210329095842.35, 121.3, 0.0, 0.0
20210329095843.39, 121.3, 0.0, 0.0
20210329095844.51, 121.3, 0.0, 0.0
20210329095845.64, 121.3, 0.0, 0.0
20210329095846.71, 121.3, 0.0, 0.0
20210329095847.84, 121.3, 0.0, 0.0
20210329095848.96, 121.3, 0.0, 0.0
20210329095850.07, 121.3, 0.0, 0.0
20210329095851.16, 121.2, 0.0, 0.0
20210329095852.23, 121.2, 0.0, 0.0
20210329095853.28, 121.2, 0.0, 0.0
20210329095854.4, 121.2, 0.0, 0.0
20210329095855.45, 121.3, 0.0, 0.0
20210329095856.57, 121.3, 0.0, 0.0
20210329095857.63, 121.3, 0.0, 0.0
20210329095858.7, 121.3, 0.0, 0.0
20210329095859.81, 121.3, 0.0, 0.0
20210329095900.95, 121.3, 0.0, 0.0
20210329095902.03, 121.3, 0.0, 0.0
20210329095903.21, 121.2, 0.0, 0.0
20210329095904.27, 121.2, 0.0, 0.0
20210329095905.32, 121.2, 0.0, 0.0
20210329095906.38, 121.2, 0.0, 0.0
20210329095907.42, 121.2, 0.0, 0.0
20210329095908.54, 121.2, 0.0, 0.0
20210329095909.61, 121.2, 0.0, 0.0
20210329095910.68, 121.2, 0.0, 0.0
20210329095911.79, 121.3, 0.0, 0.0
20210329095912.89, 121.3, 0.0, 0.0
20210329095914.0, 121.3, 0.0, 0.0
20210329095915.09, 121.3, 0.0, 0.0
20210329095916.16, 121.3, 0.0, 0.0
20210329095917.2, 121.3, 0.0, 0.0
20210329095918.27, 121.3, 0.0, 0.0
20210329095919.34, 121.3, 0.0, 0.0
20210329095920.42, 121.3, 0.0, 0.0
20210329095921.46, 121.3, 0.0, 0.0
20210329095922.56, 121.3, 0.0, 0.0
20210329095923.64, 121.3, 0.0, 0.0
20210329095924.71, 121.3, 0.0, 0.0
20210329095925.82, 121.3, 0.0, 0.0
20210329095926.92, 121.3, 0.0, 0.0
20210329095928.05, 121.3, 0.0, 0.0
20210329095929.1, 121.3, 0.0, 0.0
20210329095930.18, 121.3, 0.0, 0.0
20210329095931.26, 121.3, 0.0, 0.0
20210329095932.4, 121.3, 0.0, 0.0
20210329095933.44, 121.3, 0.0, 0.0
20210329095934.49, 121.4, 0.0, 0.0
20210329095935.56, 121.4, 0.0, 0.0
20210329095936.66, 121.3, 0.0, 0.0
20210329095937.76, 121.3, 0.0, 0.0
20210329095938.81, 121.4, 0.0, 0.0
20210329095939.94, 121.4, 0.0, 0.0
20210329095941.05, 121.4, 0.0, 0.0
20210329095942.11, 121.4, 0.0, 0.0
20210329095943.2, 121.4, 0.0, 0.0
20210329095944.34, 121.4, 0.0, 0.0
20210329095945.38, 121.4, 0.0, 0.0
20210329095946.51, 121.4, 0.0, 0.0
20210329095947.59, 121.4, 0.0, 0.0
20210329095948.67, 121.4, 0.0, 0.0
20210329095949.77, 121.4, 0.0, 0.0
20210329095950.86, 121.4, 0.0, 0.0
20210329095951.92, 121.4, 0.0, 0.0
20210329095953.05, 121.4, 0.0, 0.0
20210329095954.16, 121.4, 0.0, 0.0
20210329095955.23, 121.4, 0.0, 0.0
20210329095956.32, 121.4, 0.0, 0.0
20210329095957.43, 121.4, 0.0, 0.0
20210329095958.54, 121.4, 0.0, 0.0
20210329095959.62, 121.4, 0.0, 0.0
